index,timestamp,latency__desc,originaltimestamp,eeg.counter,eeg.interpolated,eeg.af3,eeg.f7,eeg.f3,eeg.fc5,eeg.t7,eeg.p7,eeg.o1,eeg.o2,eeg.p8,eeg.t8,eeg.fc6,eeg.f4,eeg.f8,eeg.af4,eeg.rawcq,eeg.battery,cq.af3,cq.f7,cq.f3,cq.fc5,cq.t7,cq.p7,cq.o1,cq.o2,cq.p8,cq.t8,cq.fc6,cq.f4,cq.f8,cq.af4,cq.overall,mot.q0,mot.q1,mot.q2,mot.q3,mot.accx,mot.accy,mot.accz,mot.magx,mot.magy,mot.magz,sq.overallsensorquality,sq.af3.signalquality,sq.af3.rms,sq.f7.signalquality,sq.f7.rms,sq.f3.signalquality,sq.f3.rms,sq.fc5.signalquality,sq.fc5.rms,sq.t7.signalquality,sq.t7.rms,sq.p7.signalquality,sq.p7.rms,sq.o1.signalquality,sq.o1.rms,sq.o2.signalquality,sq.o2.rms,sq.p8.signalquality,sq.p8.rms,sq.t8.signalquality,sq.t8.rms,sq.fc6.signalquality,sq.fc6.rms,sq.f4.signalquality,sq.f4.rms,sq.f8.signalquality,sq.f8.rms,sq.af4.signalquality,sq.af4.rms
11630,1754692285.472825,90.7098491191864,1754692285.563873,109.0,0.0,-2.244746330171097,-0.9457447169003216,0.3531411414081731,-3.71603506897884,0.4113272791740883,-0.4053395558272541,-1.670948754066217,0.3502067885700626,2.9315070904943923,1.7041828920740727,2.614186928952563,0.2031749255673958,4.78379854156799,-2.213190870337371,3354.0,2.0,4.0,4.0,4.0,4.0,4.0,4.0,4.0,4.0,4.0,4.0,4.0,4.0,4.0,4.0,100.0,,,,,,,,,,,,,,,,,,,,,,,,,,,,,,,,,,,,,,,
11631,1754692285.480628,90.71765208244324,1754692285.5717762,110.0,0.0,0.0509304825055778,-6.282858625779568,-1.1881654270695208,-8.35093277022031,-9.190084270085094,-5.074780769965287,-6.454414126706865,1.0769622990802643,3.940716906765033,4.50220576860886,9.680734059706651,3.8563727900597087,12.507372262431431,3.6208223444037912,3606.0,2.0,4.0,4.0,4.0,4.0,4.0,4.0,4.0,4.0,4.0,4.0,4.0,4.0,4.0,4.0,100.0,,,,,,,,,,,,,,,,,,,,,,,,,,,,,,,,,,,,,,,
11632,1754692285.488431,90.72545504570007,1754692285.579679,111.0,0.0,2.688121209567555,-9.317770237516186,-4.148391081953093,-10.108826437233972,-18.52659167658311,-7.904914523625109,-4.686286988285417,3.730624359370097,5.187902096606024,2.967857094000294,9.121472209129308,2.224251460670814,9.38552845149576,5.128738470254859,3551.0,2.0,4.0,4.0,4.0,4.0,4.0,4.0,4.0,4.0,4.0,4.0,4.0,4.0,4.0,4.0,100.0,,,,,,,,,,,,,,,,,,,,,,,,,,,,,,,,,,,,,,,
11633,1754692285.496234,90.73325800895692,1754692285.587482,112.0,0.0,3.973016847581704,-5.303339812984603,-2.607633774550294,-11.508477270784596,-4.327394971271559,-2.317594620643348,2.8292820164938632,3.446168298104596,-0.7385919611069482,2.3564491010638733,1.0664486472046804,-1.0206651963480624,0.4323057878862357,5.919713699215237,3561.0,2.0,4.0,4.0,4.0,4.0,4.0,4.0,4.0,4.0,4.0,4.0,4.0,4.0,4.0,4.0,100.0,0.46776083111763,-0.45758056640625,0.485107421875,-0.580078125,0.2587930262088775,-1.0151522159576416,-0.1000991836190223,-33.496604919433594,-156.7162628173828,6.729228496551514,,,,,,,,,,,,,,,,,,,,,,,,,,,,,
11634,1754692285.504037,90.74106097221376,1754692285.595385,113.0,0.0,1.9990768614053709,-2.470961331973598,0.9974162713357656,-10.75227978966754,5.103217666392226,2.5429575421700576,5.294908467479814,-2.488734367136516,-16.65295779812172,-9.18337980630244,-0.9669228453938956,-1.2997035646024813,1.9961756107967688,2.233653365568585,3354.0,2.0,4.0,4.0,4.0,4.0,4.0,4.0,4.0,4.0,4.0,4.0,4.0,4.0,4.0,4.0,100.0,,,,,,,,,,,,,,,,,,,,,,,,,,,,,,,,,,,,,,,
11635,1754692285.51184,90.74886417388916,1754692285.603189,114.0,0.0,-0.4690886021822393,-3.428901215404551,-1.5989916184203707,-11.48895247524257,-2.1192238872704934,-1.133626945972594,5.859786941772143,5.654661224301378,-2.126610552450132,-2.240401904517114,4.453781774477591,2.067496988241544,5.5145086387735205,0.9262628435766942,3606.0,2.0,4.0,4.0,4.0,4.0,4.0,4.0,4.0,4.0,4.0,4.0,4.0,4.0,4.0,4.0,100.0,,,,,,,,,,,,,,,,,,,,,,,,,,,,,,,,,,,,,,,
11636,1754692285.519643,90.756667137146,1754692285.611092,115.0,0.0,-3.919497854833253,-3.0702775281936283,-9.663196097915945,-11.29784105771182,-1.8938073100678137,1.7704040288770102,7.181495171348388,9.294267260545212,12.174415274012745,10.260330304502304,-1.2325834789864984,-2.030815428116739,0.2738960676017541,-0.9983115224624726,3551.0,2.0,4.0,4.0,4.0,4.0,4.0,4.0,4.0,4.0,4.0,4.0,4.0,4.0,4.0,4.0,100.0,,,,,,,,,,,75.0,4.0,35.2060661315918,4.0,37.09286117553711,4.0,23.738882064819336,3.0,38.11665725708008,4.0,19.762733459472656,4.0,22.10751724243164,3.0,26.38064956665039,3.0,29.01030731201172,3.0,31.48309135437012,3.0,40.6395263671875,3.0,36.56779479980469,3.0,33.922000885009766,3.0,50.49579620361328,3.0,43.49357223510742
11637,1754692285.527446,90.76447010040285,1754692285.618895,116.0,0.0,-4.6518773947748,5.493432420543542,-7.920218468133243,0.8094482306903785,7.559429413487379,13.309939653792554,7.029513585315982,-0.5817568714707875,-2.543345351820534,3.719903885304831,-7.608263367088256,-6.453344588432373,0.0811437428419878,-2.326948661314617,3561.0,2.0,4.0,4.0,4.0,4.0,4.0,4.0,4.0,4.0,4.0,4.0,4.0,4.0,4.0,4.0,100.0,0.4686494171619415,-0.45953369140625,0.48748779296875,-0.5758056640625,0.1782253831624984,-1.0024566650390625,-0.0639658197760582,-33.34706497192383,-155.81903076171875,8.374151229858398,,,,,,,,,,,,,,,,,,,,,,,,,,,,,
11638,1754692285.535249,90.77227306365968,1754692285.6267982,117.0,0.0,-3.142507507476921,6.5811343207308255,-3.239601357939818,5.079399879363109,3.8472487086285128,8.859031999754052,1.4189255493927249,-1.875479380391198,-8.376989891395397,-0.1296637049179025,-4.766776820350287,-3.071707222064788,2.58473268244029,0.368450874389282,3354.0,2.0,4.0,4.0,4.0,4.0,4.0,4.0,4.0,4.0,4.0,4.0,4.0,4.0,4.0,4.0,100.0,,,,,,,,,,,,,,,,,,,,,,,,,,,,,,,,,,,,,,,
11639,1754692285.543052,90.7800760269165,1754692285.634601,118.0,0.0,-3.575624647004048,-1.2241605642920206,-5.191631718812374,-3.865577876311278,3.3337634487994308,0.8673261465856683,-1.7139268672766832,3.704419697895077,0.5915521261091214,2.3605223422142387,-2.505687990901976,-0.0053886337790629,1.6297634413407138,2.447154599188792,3606.0,2.0,4.0,4.0,4.0,4.0,4.0,4.0,4.0,4.0,4.0,4.0,4.0,4.0,4.0,4.0,100.0,,,,,,,,,,,,,,,,,,,,,,,,,,,,,,,,,,,,,,,
11640,1754692285.550855,90.78787899017334,1754692285.642504,119.0,0.0,-7.344274429521278,-0.2993098648567809,-5.825123210581381,-5.742247336633767,12.802171791581172,7.046892072664292,4.005938228396559,2.8950653243900035,0.2959056330663827,-3.1184638529135498,-0.5842837921619264,-1.2153162030686817,2.3027975759561343,-0.276394820411582,3551.0,2.0,4.0,4.0,4.0,4.0,4.0,4.0,4.0,4.0,4.0,4.0,4.0,4.0,4.0,4.0,100.0,,,,,,,,,,,,,,,,,,,,,,,,,,,,,,,,,,,,,,,
11641,1754692285.558658,90.79568195343018,1754692285.6503072,120.0,0.0,-11.434536162995244,5.334324395362785,-9.03722654582765,-4.394889172899127,2.2394317541707665,3.663649524875893,3.852723210117404,4.629504760188468,1.401035123212807,-5.03724362353654,2.785010925714289,-2.4659758644460794,-0.4225318081848286,-2.805730482443721,3561.0,2.0,4.0,4.0,4.0,4.0,4.0,4.0,4.0,4.0,4.0,4.0,4.0,4.0,4.0,4.0,100.0,0.4771339297294616,-0.46044921875,0.487060546875,-0.56842041015625,0.2021515220403671,-0.907728672027588,-0.0454108491539955,-32.300296783447266,-158.51072692871094,5.981536388397217,,,,,,,,,,,,,,,,,,,,,,,,,,,,,
11642,1754692285.566461,90.8034851551056,1754692285.658211,121.0,0.0,-6.897705595595596,14.958128944836574,-8.192227833090271,-2.103536644195572,-8.586412839147613,-7.8046076014301775,-1.967644269369828,6.3231077146679695,10.215809252952624,-2.328137578994699,6.707270466840384,2.4697462114909854,-0.6063924470976758,5.110562609094416,3354.0,2.0,4.0,4.0,4.0,4.0,4.0,4.0,4.0,4.0,4.0,4.0,4.0,4.0,4.0,4.0,100.0,,,,,,,,,,,,,,,,,,,,,,,,,,,,,,,,,,,,,,,
11643,1754692285.574264,90.81128811836244,1754692285.6660142,122.0,0.0,-1.4118964565472822,29.60833037149453,0.2830841762411467,3.971734772073006,-1.2349902820219256,-5.447064305216344,-5.159936535757396,-4.991938689526677,-4.0336663978687,-17.902628701962357,8.465885915165046,4.373153867659795,3.044519009990637,11.133439191727604,3606.0,2.0,4.0,4.0,4.0,4.0,4.0,4.0,4.0,4.0,4.0,4.0,4.0,4.0,4.0,4.0,100.0,,,,,,,,,,,,,,,,,,,,,,,,,,,,,,,,,,,,,,,
11644,1754692285.582067,90.81909108161926,1754692285.673917,123.0,0.0,-2.525071743679036,41.03107213897445,3.4320658844456204,7.000034059358569,4.7549992182505605,-1.575256121039473,-4.415925602612077,-9.700495174171664,-16.038479312643375,-29.733672445459632,4.898739653716149,-0.3886005535148058,-4.180950735566938,8.097682953681016,3551.0,2.0,4.0,4.0,4.0,4.0,4.0,4.0,4.0,4.0,4.0,4.0,4.0,4.0,4.0,4.0,100.0,,,,,,,,,,,,,,,,,,,,,,,,,,,,,,,,,,,,,,,
11645,1754692285.58987,90.8268940448761,1754692285.68172,124.0,0.0,-1.917585812624964,43.027446128569466,2.915969762170392,13.611346802558783,8.600285189218141,-4.847102424783714,-1.2915134151084544,-0.4698213947971794,-3.11157954514232,-30.68389374038537,-0.0549509138517692,-0.2707487482848023,-6.92076521215057,4.200230067639097,3561.0,2.0,4.0,4.0,4.0,4.0,4.0,4.0,4.0,4.0,4.0,4.0,4.0,4.0,4.0,4.0,100.0,0.3483756482601166,0.05963134765625,-0.67547607421875,0.64715576171875,0.2543984055519104,-0.9150530099868774,-0.0327153429388999,-32.89845275878906,-156.8657989501953,5.831998348236084,,,,,,,,,,,,,,,,,,,,,,,,,,,,,
11646,1754692285.597673,90.83469700813292,1754692285.689623,125.0,0.0,0.0685207774453715,37.908555327229294,3.925397406252557,24.18129351092915,10.954360132703584,-3.896708226393514,-1.898828666107022,-1.6557698026531966,-3.339309976482639,-27.003877788429747,-0.6411501803955275,0.124303353153607,-5.486822654218997,3.416837088786849,3354.0,2.0,4.0,4.0,4.0,4.0,4.0,4.0,4.0,4.0,4.0,4.0,4.0,4.0,4.0,4.0,100.0,,,,,,,,,,,,,,,,,,,,,,,,,,,,,,,,,,,,,,,
11647,1754692285.605476,90.84249997138976,1754692285.697426,126.0,0.0,4.7066088852819234,43.02893719562945,7.635331718460122,31.614727311883883,12.142062213561816,-0.6061725701953833,-6.4547700727595725,-6.697670904528593,-7.538415073540079,-27.238230801600537,-3.0547187119847763,-0.9877668019882436,-8.271437325814247,5.459158457714523,3606.0,2.0,4.0,4.0,4.0,4.0,4.0,4.0,4.0,4.0,4.0,4.0,4.0,4.0,4.0,4.0,100.0,,,,,,,,,,,,,,,,,,,,,,,,,,,,,,,,,,,,,,,
11648,1754692285.613279,90.8503031730652,1754692285.7053292,127.0,0.0,2.7221743705281938,31.23625303101068,3.140473160527165,19.830790351492,8.113606895007763,-4.977170164564939,-12.861424810328517,-3.7947427256662536,5.273145285013982,-21.17436496083332,-6.569964846571963,-2.257919583772434,-3.894181812900968,3.7882214708352535,52.0,2.0,4.0,4.0,4.0,4.0,4.0,4.0,4.0,4.0,4.0,4.0,4.0,4.0,4.0,4.0,100.0,,,,,,,,,,,,,,,,,,,,,,,,,,,,,,,,,,,,,,,
11649,1754692285.621082,90.85810613632202,1754692285.713133,0.0,0.0,3.319492335420392,10.360068593694931,0.2116655988129707,6.461027043682435,18.109148551746813,-8.888141136297207,-9.626570655415406,2.887234885952722,13.936533065831128,-17.121530421630695,-13.856400224142789,-1.5349097586226603,-0.3520457280389735,-2.104323240909679,3350.0,2.0,4.0,4.0,4.0,4.0,4.0,4.0,4.0,4.0,4.0,4.0,4.0,4.0,4.0,4.0,100.0,0.3438877165317535,0.0611572265625,-0.67681884765625,0.64801025390625,0.2446326464414596,-0.8896620273590088,-0.0419928282499313,-32.7489128112793,-157.4639434814453,6.280613422393799,,,,,,,,,,,,,,,,,,,,,,,,,,,,,
11650,1754692285.628885,90.86590909957886,1754692285.721036,1.0,0.0,8.886204084370831,2.881487344959908,6.69054413987061,4.573741283298034,33.622674147878854,4.195083492138394,1.9295774784043829,-6.967141404203801,-2.896477543855952,-26.234354727648395,-18.87763103658989,-0.1488844861261782,-7.235854535946771,-3.5673861646147884,3506.0,2.0,4.0,4.0,4.0,4.0,4.0,4.0,4.0,4.0,4.0,4.0,4.0,4.0,4.0,4.0,100.0,,,,,,,,,,,,,,,,,,,,,,,,,,,,,,,,,,,,,,,
11651,1754692285.636688,90.8737120628357,1754692285.7288392,2.0,0.0,9.474663070027304,-6.35551208847312,9.955583666476628,3.303519878846032,35.00133347005374,11.012659304330896,6.532388003171377,-7.106238310733374,-9.31915991814924,-22.365778077633536,-20.236093033625025,1.5186014295267114,-10.103943355880688,1.9517379357843083,3510.0,2.0,4.0,4.0,4.0,4.0,4.0,4.0,4.0,4.0,4.0,4.0,4.0,4.0,4.0,4.0,100.0,,,,,,,,,,,,,,,,,,,,,,,,,,,,,,,,,,,,,,,
11652,1754692285.644491,90.88151502609252,1754692285.736742,3.0,0.0,5.9395147743460655,-26.87181973403236,6.230851970556472,-8.782799001796462,20.56793472332069,-2.1070501893238145,-1.2453939436205983,2.602092989923989,4.580699065823268,-4.850885876567787,-18.96026075147907,1.3948529185753102,-2.6698392276652214,2.2955242628548547,3597.0,2.0,4.0,4.0,4.0,4.0,4.0,4.0,4.0,4.0,4.0,4.0,4.0,4.0,4.0,4.0,100.0,,,,,,,,,,,,,,,,,,,,,,,,,,,,,,,,,,,,,,,
11653,1754692285.652294,90.88931798934937,1754692285.744545,4.0,0.0,6.791602258746053,-34.10157773253056,9.29053590147808,-15.935189140208848,12.607067839142957,-1.6608497969191092,-1.5904757864672945,1.6547994280736305,0.8266167800348114,-3.681977667647942,-9.436729967314903,3.959575141907891,1.3699443004373109,-0.8776323994192978,3632.0,2.0,4.0,4.0,4.0,4.0,4.0,4.0,4.0,4.0,4.0,4.0,4.0,4.0,4.0,4.0,100.0,0.3440722823143005,0.05987548828125,-0.6759033203125,0.64898681640625,0.221194788813591,-0.9511864185333252,-0.030273899435997,-32.300296783447266,-157.76303100585938,6.729228496551514,,,,,,,,,,,,,,,,,,,,,,,,,,,,,
11654,1754692285.660097,90.8971209526062,1754692285.752448,5.0,0.0,-1.3674424454054588,-38.53166553333972,8.337578392328169,-18.38793979128673,20.96024769598148,13.959248041382809,10.591305776357558,0.9515815407619356,-11.96616263009514,-6.399992122172307,-3.2375466994278668,4.8349220740753935,0.0094943321857954,-3.128595072345661,3514.0,2.0,4.0,4.0,4.0,4.0,4.0,4.0,4.0,4.0,4.0,4.0,4.0,4.0,4.0,4.0,100.0,,,,,,,,,,,,,,,,,,,,,,,,,,,,,,,,,,,,,,,
11655,1754692285.6679,90.90492415428162,1754692285.7603512,6.0,0.0,-12.476882425266696,-48.38950949919604,0.1628731231469373,-24.66516301507613,24.6885880898742,10.055420434438702,10.884267921215953,5.811815042622811,0.8045527694123393,-5.029906152911053,-4.643025075237119,-0.5862453720144458,5.784692075885459,-2.304756410904929,3505.0,2.0,4.0,4.0,4.0,4.0,4.0,4.0,4.0,4.0,4.0,4.0,4.0,4.0,4.0,4.0,100.0,,,,,,,,,,,,,,,,,,,,,,,,,,,,,,,,,,,,,,,
11656,1754692285.675703,90.91272711753844,1754692285.768155,7.0,0.0,-6.446838751186988,-39.2638259207929,3.042820603398468,-22.72826505042849,18.93132654860392,-5.028014035161959,-2.524828845704633,2.513940116693448,8.923943429806059,-7.451160118831012,2.823363350658383,-0.061355214656487,16.74294581538652,5.680912775959769,3507.0,2.0,4.0,4.0,4.0,4.0,4.0,4.0,4.0,4.0,4.0,4.0,4.0,4.0,4.0,4.0,100.0,,,,,,,,,,,,,,,,,,,,,,,,,,,,,,,,,,,,,,,
11657,1754692285.683506,90.92053008079527,1754692285.775958,8.0,0.0,-1.6582411218178097,-31.19956748512095,8.44571902115149,-15.826211230745685,20.44022879847489,-4.135441105540849,-5.184074129472265,-7.059641082610597,-2.091100413647382,-8.659487868088036,11.59387303923586,2.884340699378299,14.0914956879069,8.798438132559113,3612.0,2.0,4.0,4.0,4.0,4.0,4.0,4.0,4.0,4.0,4.0,4.0,4.0,4.0,4.0,4.0,100.0,0.3407011926174164,0.059326171875,-0.67578125,0.65093994140625,0.2026398181915283,-1.0239413976669312,0.0268558785319328,-31.55260467529297,-157.4639434814453,6.729228496551514,,,,,,,,,,,,,,,,,,,,,,,,,,,,,
11658,1754692285.691309,90.92833304405212,1754692285.7836611,9.0,0.0,-6.999616195369242,-34.97621874685882,7.828829306155342,-15.460080945779907,27.28468414450691,3.601922738449332,5.137269457402738,-7.325171571918133,-10.203256221571962,-5.606234667432716,10.7566853410911,2.076052655515298,3.757151219878154,5.3586263634745706,3611.0,2.0,4.0,4.0,4.0,4.0,4.0,4.0,4.0,4.0,4.0,4.0,4.0,4.0,4.0,4.0,100.0,,,,,,,,,,,,,,,,,,,,,,,,,,,,,,,,,,,,,,,
11659,1754692285.699112,90.93613600730896,1754692285.791564,10.0,0.0,-6.139208238114719,-30.80823412659251,6.9416568792663895,-11.793739619333197,21.080858976088308,0.2262816421104219,6.215921250911976,-5.995579830018272,-7.908236867060935,-9.552015068455006,9.078940383862715,3.2807453086485623,4.275003261689932,6.045073471833035,3607.0,2.0,4.0,4.0,4.0,4.0,4.0,4.0,4.0,4.0,4.0,4.0,4.0,4.0,4.0,4.0,100.0,,,,,,,,,,,,,,,,,,,,,,,,,,,,,,,,,,,,,,,
11660,1754692285.706915,90.9439389705658,1754692285.7993672,11.0,0.0,-2.7932586973465163,-19.52239568730596,5.541974671976334,1.585288153799013,9.902946113602924,-3.937224825868213,-2.2132163786877186,-10.941342453673258,-7.662496900366875,-14.391926231528885,11.915147800372836,1.6548854146208782,8.740823079278982,7.824048561873099,3563.0,2.0,4.0,4.0,4.0,4.0,4.0,4.0,4.0,4.0,4.0,4.0,4.0,4.0,4.0,4.0,100.0,,,,,,,,,,,,,,,,,,,,,,,,,,,,,,,,,,,,,,,
11661,1754692285.714718,90.9517421722412,1754692285.807171,12.0,0.0,-7.444260822097647,-18.04232213453969,5.803366197642674,10.530125997489732,9.311302555537909,-2.034892422441942,-4.286373687069215,-7.601789754857407,-5.419215808805973,-4.354564004872543,14.22062331999797,1.1330137473249238,6.377618373601138,2.7810476046209374,3561.0,2.0,4.0,4.0,4.0,4.0,4.0,4.0,4.0,4.0,4.0,4.0,4.0,4.0,4.0,4.0,100.0,0.3431821167469024,0.05828857421875,-0.6744384765625,0.651123046875,0.2822308838367462,-1.0234531164169312,0.0258793011307716,-32.150760650634766,-159.70703125,6.43015193939209,,,,,,,,,,,,,,,,,,,,,,,,,,,,,
11662,1754692285.722521,90.95954513549805,1754692285.8148742,13.0,0.0,-11.122533729866774,-19.85413756441747,2.3373549937766427,7.668782055581431,4.517542507273646,-7.204647583710795,-5.737012546921761,-0.7788118650885565,1.361836876372962,13.964458207210754,9.897380258567154,0.8891435599705062,1.3333247369118624,-3.9233782622953015,3354.0,2.0,4.0,4.0,4.0,4.0,4.0,4.0,4.0,4.0,4.0,4.0,4.0,4.0,4.0,4.0,100.0,,,,,,,,,,,,,,,,,,,,,,,,,,,,,,,,,,,,,,,
11663,1754692285.730324,90.96734809875488,1754692285.822777,14.0,0.0,-2.2823240415054897,-11.373558079782924,-0.5360132052451263,9.056129246638193,1.1027435251708084,-7.150798841533742,-2.97705964793704,1.2994265297011225,2.0998700255590848,19.559783306849567,6.903566522300025,-1.9699945299907995,3.26335134424744,-5.135469419994024,3607.0,2.0,4.0,4.0,4.0,4.0,4.0,4.0,4.0,4.0,4.0,4.0,4.0,4.0,4.0,4.0,100.0,,,,,,,,,,,,,,,,,,,,,,,,,,,,,,,,,,,,,,,
11664,1754692285.738127,90.97515106201172,1754692285.83058,15.0,0.0,0.1498129655099092,-10.398851487146883,-3.773081494349981,10.7850479723636,3.666646778325912,-2.6073917409160003,-0.8795843660138871,0.1169173788082389,-0.0035899296692605,13.56516867647474,3.3302704083050685,-7.419219706369176,4.35398525356436,-10.16518881455636,3563.0,2.0,4.0,4.0,4.0,4.0,4.0,4.0,4.0,4.0,4.0,4.0,4.0,4.0,4.0,4.0,100.0,,,,,,,,,,,,,,,,,,,,,,,,,,,,,,,,,,,,,,,
11665,1754692285.74593,90.98295402526855,1754692285.838483,16.0,0.0,-1.3322598062660234,-14.813782207383696,-3.1902855063823097,9.736799039658678,-3.290123834649961,-4.434032513001597,-2.9133835265384675,3.505598641629973,11.716571569706415,17.003233511467812,4.855859846534628,-4.203348100424677,6.567942286096837,-9.823754614623423,0.0,2.0,4.0,4.0,4.0,4.0,4.0,4.0,4.0,4.0,4.0,4.0,4.0,4.0,4.0,4.0,100.0,0.3540365993976593,0.0550537109375,-0.67138671875,0.64874267578125,0.3012741208076477,-1.0366369485855105,0.0048828870058059,-33.04798889160156,-157.76303100585938,7.028305530548096,,,,,,,,,,,,,,,,,,,,,,,,,,,,,
11666,1754692285.753733,90.9907569885254,1754692285.846287,17.0,0.0,0.9076396523278732,-13.73851271582447,-6.007458455031099,7.757565306030813,-18.19082946699831,-8.368702215878272,-3.6578088806822393,2.371604673423974,7.370469774196465,22.39495586195341,6.996925109934693,-2.239505015570046,6.207322014914155,-4.578719099317311,0.0,2.0,4.0,4.0,4.0,4.0,4.0,4.0,4.0,4.0,4.0,4.0,4.0,4.0,4.0,4.0,100.0,,,,,,,,,,,,,,,,,,,,,,,,,,,,,,,,,,,,,,,
11667,1754692285.761536,90.99855995178224,1754692285.85419,18.0,0.0,6.505944697730683,-5.024130789383435,-6.416436700156282,9.881608042343032,-19.275288576966886,-2.292206813057419,1.901965197003392,-0.1190724863317882,-8.14135284460599,24.738161275167386,8.602153753895891,-3.7883822663638966,3.075764506199903,-0.2598820457974398,0.0,2.0,4.0,4.0,4.0,4.0,4.0,4.0,4.0,4.0,4.0,4.0,4.0,4.0,4.0,4.0,100.0,,,,,,,,,,,,,,,,,,,,,,,,,,,,,,,,,,,,,,,
11668,1754692285.769339,91.00636315345764,1754692285.862093,19.0,0.0,4.93408816253293,-1.193578505101982,-3.8507319138763023,12.26869467021777,-18.71307102016556,-0.5091774867056529,2.5100651138430976,-0.8081983489374807,-7.932755307416414,24.652601467845106,5.740494273701529,-2.8615380189640973,0.7050784860124395,-2.7767394026792545,0.0,2.0,4.0,4.0,4.0,4.0,4.0,4.0,4.0,4.0,4.0,4.0,4.0,4.0,4.0,4.0,100.0,,,,,,,,,,,,,,,,,,,,,,,,,,,,,,,,,,,,,,,
11669,1754692285.777142,91.01416611671448,1754692285.8698962,20.0,0.0,3.6327361453758726,-0.5437943098646087,-3.328532853227045,14.413023028439,-27.72719448924414,-4.968885949786511,-0.1205430603204718,-1.8214709712715944,0.278130522045501,21.77538171065811,2.524280081813174,-0.6208055545508273,4.33048585006776,-4.5112265910407245,0.0,2.0,4.0,4.0,4.0,4.0,4.0,4.0,4.0,4.0,4.0,4.0,4.0,4.0,4.0,4.0,100.0,0.3610596060752868,0.0531005859375,-0.669921875,0.64654541015625,0.2412146180868148,-1.0698405504226685,-0.0190432593226432,-31.70214462280273,-158.36117553710938,6.878767013549805,,,,,,,,,,,,,,,,,,,,,,,,,,,,,
11670,1754692285.784945,91.02196907997131,1754692285.8776991,21.0,0.0,4.786575820922565,-0.1342336893791866,-7.680300725935638,12.906517157002613,-32.541517113401994,-5.419779281545459,-1.282050065955616,-0.6719789781388386,5.54513489688253,21.877843426250195,4.097212582380337,-4.366180042303938,2.990433654020137,-6.658991643730303,0.0,2.0,4.0,4.0,4.0,4.0,4.0,4.0,4.0,4.0,4.0,4.0,4.0,4.0,4.0,4.0,100.0,,,,,,,,,,,,,,,,,,,,,,,,,,,,,,,,,,,,,,,
11671,1754692285.792748,91.02977204322816,1754692285.885602,22.0,0.0,2.104245042178178,0.4387643435715347,-11.19490098878677,6.959546777384645,-27.282750544533968,-1.2538155354446587,0.5178134827914675,3.214706308736737,7.977293510782516,22.222180688750456,8.593012119556448,-6.8664787599715,-5.114781659246404,-10.355713217390615,0.0,2.0,4.0,4.0,4.0,4.0,4.0,4.0,4.0,4.0,4.0,4.0,4.0,4.0,4.0,4.0,100.0,,,,,,,,,,,,,,,,,,,,,,,,,,,,,,,,,,,,,,,
11672,1754692285.800551,91.037575006485,1754692285.893505,23.0,0.0,1.6349227692867885,6.928076178855065,-5.734115052934101,4.071237498184985,-27.09719136993812,-1.5576941484677604,2.239057894339169,0.4745611064623176,1.4123994228717152,17.199523960346653,10.311647762862831,-3.906866479797316,-4.367618062879899,-6.415768301420428,0.0,2.0,4.0,4.0,4.0,4.0,4.0,4.0,4.0,4.0,4.0,4.0,4.0,4.0,4.0,4.0,100.0,,,,,,,,,,,,,,,,,,,,,,,,,,,,,,,,,,,,,,,
11673,1754692285.808354,91.04537796974182,1754692285.901309,24.0,0.0,4.807874187159058,11.62704904567724,-3.6429606785223134,1.055448183494235,-34.034162758334816,-4.446012309853387,-1.2697097150148977,-8.715718266123105,-9.715058236139186,9.106891209511986,9.535458356287537,-1.866221106281984,2.6597842653611394,2.70179717365815,0.0,2.0,4.0,4.0,4.0,4.0,4.0,4.0,4.0,4.0,4.0,4.0,4.0,4.0,4.0,4.0,100.0,0.355429083108902,0.05438232421875,-0.672119140625,0.64727783203125,0.1894560158252716,-1.0454261302947998,-0.0170901045203208,-32.150760650634766,-157.61349487304688,5.831998348236084,,,,,,,,,,,,,,,,,,,,,,,,,,,,,
11674,1754692285.816157,91.05318117141724,1754692285.909212,25.0,0.0,5.799946293785439,10.349779425096957,-5.85481338961435,-4.878162493182202,-29.38968629415021,-0.5094877531933832,-3.103552062140892,-8.280014684903193,-6.608209297116076,2.9601540206739685,12.59712253177841,0.161222827327407,5.424692556344013,7.822814961570572,0.0,2.0,4.0,4.0,4.0,4.0,4.0,4.0,4.0,4.0,4.0,4.0,4.0,4.0,4.0,4.0,100.0,,,,,,,,,,,,,,,,,,,,,,,,,,,,,,,,,,,,,,,
11675,1754692285.82396,91.06098413467409,1754692285.917015,26.0,0.0,-0.5907672399304431,8.961443299899514,-8.525567765767534,-13.212595956078673,-19.268262487200587,-0.665507345061684,0.8519688373852148,-0.8493428241701224,5.651827600963628,0.2790878433937394,10.788416619537514,0.4794346760948826,-0.2398845001388565,0.7350105524272692,0.0,2.0,4.0,4.0,4.0,4.0,4.0,4.0,4.0,4.0,4.0,4.0,4.0,4.0,4.0,4.0,100.0,,,,,,,,,,,,,,,,,,,,,,,,,,,,,,,,,,,,,,,
11676,1754692285.831763,91.06878709793092,1754692285.924818,27.0,0.0,-0.2657596077179676,11.958188178408278,-9.431820721209618,-17.6904911487064,-14.157807438746287,-1.7135959707034942,2.5213649714122823,5.073707834360363,12.65898648060957,4.554018166615521,7.293386171308526,0.40586045756109,-7.608761005669152,-2.966834845858642,0.0,2.0,4.0,4.0,4.0,4.0,4.0,4.0,4.0,4.0,4.0,4.0,4.0,4.0,4.0,4.0,100.0,,,,,,,,,,,,,,,,,,,,,,,,,,,,,,,,,,,,,,,
11677,1754692285.839566,91.07659006118774,1754692285.9327211,28.0,0.0,5.600172668792197,12.40261269889004,-5.733805732222322,-14.59430569443441,-5.873504004389474,1.6219473267823332,-1.020606913049619,2.7805033694274925,0.074811402494447,-0.6297730280567748,4.509268854340348,0.864105407951115,-8.27418272333523,2.042818166673328,0.0,2.0,4.0,4.0,4.0,4.0,4.0,4.0,4.0,4.0,4.0,4.0,4.0,4.0,4.0,4.0,100.0,0.4801490008831024,-0.4578857421875,0.48822021484375,-0.56695556640625,0.2793011367321014,-0.9751125574111938,0.0039063096046447,-31.55260467529297,-159.5574951171875,7.327382087707519,,,,,,,,,,,,,,,,,,,,,,,,,,,,,
11678,1754692285.847369,91.08439302444458,1754692285.940524,29.0,0.0,3.4520119533511604,11.558876512183671,-0.6361846961650883,-9.389880416687587,3.932907707585258,3.0904689738639206,0.0371892464316658,-1.2447746904032613,-10.782923010742394,-14.050037110826594,-1.8334237408113552,3.914126635071483,-4.64154163408503,1.7762545878179878,0.0,2.0,4.0,4.0,4.0,4.0,4.0,4.0,4.0,4.0,4.0,4.0,4.0,4.0,4.0,4.0,100.0,,,,,,,,,,,,,,,,,,,,,,,,,,,,,,,,,,,,,,,
11679,1754692285.855172,91.09219598770142,1754692285.948427,30.0,0.0,3.927155090980023,17.697128591280716,0.4584417566436514,-4.512353728453263,8.861370746719558,1.4933478189861944,3.776258671811547,0.7243856227330525,-1.330331012758279,-15.277397099284144,-12.07622866673887,1.7346749008586355,-10.3227052641505,-2.344424029821539,0.0,2.0,4.0,4.0,4.0,4.0,4.0,4.0,4.0,4.0,4.0,4.0,4.0,4.0,4.0,4.0,100.0,,,,,,,,,,,,,,,,,,,,,,,,,,,,,,,,,,,,,,,
11680,1754692285.862975,91.09999895095824,1754692285.956231,31.0,0.0,10.510134466781324,22.40610504553649,-2.870382248409556,4.937621954713336,16.26766662811667,4.795370726645501,3.965094090568869,-1.9961487785345755,-1.440762769278649,-12.791787823729123,-20.102198338652784,-3.913615141597461,-18.07793474305788,-3.477177834107465,0.0,2.0,4.0,4.0,4.0,4.0,4.0,4.0,4.0,4.0,4.0,4.0,4.0,4.0,4.0,4.0,100.0,,,,,,,,,,,,,,,,,,,,,,,,,,,,,,,,,,,,,,,
11681,1754692285.870778,91.10780215263368,1754692285.9639342,32.0,0.0,10.75168276611575,22.993274806759104,1.3045289353791247,13.814141357367674,19.790668970182736,9.949728460066211,4.9352563437633705,-8.18765783363861,-14.17277906755126,-18.901323895502088,-23.37444380101661,-2.7484364441492346,-12.023492281710476,-3.981609945826136,0.0,2.0,4.0,4.0,4.0,4.0,4.0,4.0,4.0,4.0,4.0,4.0,4.0,4.0,4.0,4.0,100.0,0.4788844585418701,-0.45648193359375,0.48822021484375,-0.56915283203125,0.2597695887088775,-0.9746242761611938,0.0185549706220626,-33.04798889160156,-158.06210327148438,7.028305530548096,,,,,,,,,,,,,,,,,,,,,,,,,,,,,
11682,1754692285.878581,91.1156051158905,1754692285.9717371,33.0,0.0,4.906616969141197,20.44468527512825,6.11720124092588,12.095146142241248,9.544523703065607,3.5251084235326573,1.836760462898184,-5.099342764354077,-14.106666162503387,-21.807266091554737,-24.83375304560897,0.6475434917431642,-7.015622009811494,-4.918265814075511,0.0,2.0,4.0,4.0,4.0,4.0,4.0,4.0,4.0,4.0,4.0,4.0,4.0,4.0,4.0,4.0,100.0,,,,,,,,,,,,,,,,,,,,,,,,,,,,,,,,,,,,,,,
11683,1754692285.886384,91.12340807914734,1754692285.97944,34.0,0.0,6.400112022110363,13.209147184680036,3.23002655269994,8.29875083671078,5.204991277133843,0.0420226413928617,-0.9184333359714288,-0.2738244610279139,-6.319517767693185,-16.223931497433284,-21.058972685409287,0.0730725215101415,-8.518552731669558,-1.038337428044258,0.0,2.0,4.0,4.0,4.0,4.0,4.0,4.0,4.0,4.0,4.0,4.0,4.0,4.0,4.0,4.0,100.0,,,,,,,,,,,,,,,,,,,,,,,,,,,,,,,,,,,,,,,
11684,1754692285.894187,91.13121104240416,1754692285.987344,35.0,0.0,7.720385585430449,9.602730217550288,-0.4008728227036044,8.82744096641136,11.570038729320911,3.352038342600281,-0.3830448258977412,-3.744002113836814,-3.546500981212376,-15.05555233723726,-14.100025247364556,-4.133811233287815,-6.21760932593611,1.13580804890762,0.0,2.0,4.0,4.0,4.0,4.0,4.0,4.0,4.0,4.0,4.0,4.0,4.0,4.0,4.0,4.0,100.0,,,,,,,,,,,,,,,,,,,,,,,,,,,,,,,,,,,,,,,
11685,1754692285.90199,91.139014005661,1754692285.995147,36.0,0.0,5.683829349029622,17.17770240408032,3.5523003198277934,13.236005830733175,8.917013885197377,0.7150751913046065,-4.872129533636723,-7.707672794794632,-5.99139159205555,-20.00674319112472,-7.708630317699715,-2.289142628066145,-0.7288203914581004,3.930279285054496,0.0,2.0,4.0,4.0,4.0,4.0,4.0,4.0,4.0,4.0,4.0,4.0,4.0,4.0,4.0,4.0,100.0,0.4741463661193847,-0.4527587890625,0.489013671875,-0.57537841796875,0.2329137176275253,-0.9775539636611938,0.058106355369091,-31.55260467529297,-158.80979919433594,6.280613422393799,,,,,,,,,,,,,,,,,,,,,,,,,,,,,
11686,1754692285.909793,91.14681696891785,1754692286.0029502,37.0,0.0,7.637790439080845,21.817609323458555,7.094317969863141,18.09410523647716,5.202290385462902,-5.307290361099376,-10.174347826656458,-8.050739462292995,-9.371350334200317,-21.702731499093943,-6.550946576765227,1.046622256570345,-1.0720446508196346,10.840178100171896,0.0,2.0,4.0,4.0,4.0,4.0,4.0,4.0,4.0,4.0,4.0,4.0,4.0,4.0,4.0,4.0,100.0,,,,,,,,,,,,,,,,,,,,,,,,,,,,,,,,,,,,,,,
11687,1754692285.917596,91.15462017059326,1754692286.010653,38.0,0.0,9.232810161201542,16.495018937866462,3.61071639255897,14.83823723071373,10.365824468439314,-5.633507826262303,-7.789406870871062,-6.60975671293636,-1.0953447696570038,-15.0594744047512,-7.639828007063443,-1.8959420422525,-6.583381289344288,8.974406086691943,0.0,2.0,4.0,4.0,4.0,4.0,4.0,4.0,4.0,4.0,4.0,4.0,4.0,4.0,4.0,4.0,100.0,,,,,,,,,,,,,,,,,,,,,,,,,,,,,,,,,,,,,,,
11688,1754692285.925399,91.1624231338501,1754692286.018556,39.0,0.0,7.541030892653282,15.585541140038742,1.220498162330216,8.67561584656761,12.70924279934144,-1.9314552413840715,-5.295494998949096,-6.481372635931791,6.4437327949311225,-10.69366723802267,-7.599588248701082,-5.419966888708757,-11.783224207580531,3.923027915059095,0.0,2.0,4.0,4.0,4.0,4.0,4.0,4.0,4.0,4.0,4.0,4.0,4.0,4.0,4.0,4.0,100.0,,,,,,,,,,,,,,,,,,,,,,,,,,,,,,,,,,,,,,,
11689,1754692285.933202,91.17022609710692,1754692286.02636,40.0,0.0,6.846828428461151,18.99085056002906,2.7319121386943266,11.19189454373128,18.268266366748605,4.17640075407536,-2.343380161830453,-7.917563643258916,-7.886045463678499,-21.51889004544381,-5.253107312654436,-5.661381575938492,-16.216641144383573,7.388773192871042,0.0,2.0,4.0,4.0,4.0,4.0,4.0,4.0,4.0,4.0,4.0,4.0,4.0,4.0,4.0,4.0,100.0,0.47248575091362,-0.44744873046875,0.48748779296875,-0.5821533203125,0.2314488440752029,-0.9751125574111938,0.1005874723196029,-32.89845275878906,-157.1648712158203,9.420920372009276,,,,,,,,,,,,,,,,,,,,,,,,,,,,,
11690,1754692285.941005,91.17802906036376,1754692286.034163,41.0,0.0,5.693228573175077,12.560154693849256,3.315154228072572,11.51777248077775,26.4388493910256,8.186351787437673,-1.5464746630399873,-10.143261892165754,-17.108178266906577,-26.29133646691656,-5.07107087149501,-7.077397124324705,-19.52928824449845,6.643469962340134,0.0,2.0,4.0,4.0,4.0,4.0,4.0,4.0,4.0,4.0,4.0,4.0,4.0,4.0,4.0,4.0,100.0,,,,,,,,,,,,,,,,,,,,,,,,,,,,,,,,,,,,,,,
11691,1754692285.948808,91.1858320236206,1754692286.041866,42.0,0.0,6.873774198700403,7.420708684747979,5.4829572731312055,9.713450387006333,26.26977169664565,7.960531539099293,-4.1044932727093055,-8.000640619527758,-9.867193881434789,-20.2622712651762,-5.548236510854849,-5.707360324408228,-16.351009988988153,3.5832905709205534,0.0,2.0,4.0,4.0,4.0,4.0,4.0,4.0,4.0,4.0,4.0,4.0,4.0,4.0,4.0,4.0,100.0,,,,,,,,,,,,,,,,,,,,,,,,,,,,,,,,,,,,,,,
11692,1754692285.956611,91.19363498687744,1754692286.0497692,43.0,0.0,4.86135225210154,3.798871630602832,5.976972646065121,7.434319049972771,18.40145820046036,4.754344847217169,-6.159392072623916,-6.169938186182492,-1.923111117680321,-16.910036237415454,-4.608827283219682,-3.447663392687275,-13.215951510911566,2.724425136289653,0.0,2.0,4.0,4.0,4.0,4.0,4.0,4.0,4.0,4.0,4.0,4.0,4.0,4.0,4.0,4.0,100.0,,,,,,,,,,,,,,,,,,,,,,,,,,,,,,,,,,,,,,,
11693,1754692285.964414,91.20143795013428,1754692286.057572,44.0,0.0,-0.1036882514961803,-0.3973290324054801,6.340205904473066,1.1443992476253584,14.89718152474478,3.866748048448869,-6.266620687661373,-0.8103988384107765,0.383787447783277,-13.263710784970328,0.379762214041591,-1.0207453085116072,-11.534566281463242,0.4242125213738177,0.0,2.0,4.0,4.0,4.0,4.0,4.0,4.0,4.0,4.0,4.0,4.0,4.0,4.0,4.0,4.0,100.0,0.4710170030593872,-0.44189453125,0.48516845703125,-0.5894775390625,0.2993209660053253,-0.9541161060333252,0.1250019073486328,-30.95445251464844,-158.36117553710938,8.67322826385498,,,,,,,,,,,,,,,,,,,,,,,,,,,,,
11694,1754692285.972217,91.20924115180968,1754692286.0654762,45.0,0.0,-2.519659364538313,-2.485970591997159,8.101760544987826,-3.0121814791191923,14.858124099296164,4.781320348810311,-6.3469942442712295,4.154121379572132,5.999244784455584,-2.605337261157331,0.1491221399105029,1.538584828519049,-11.753237414004673,-5.084602777669318,0.0,2.0,4.0,4.0,4.0,4.0,4.0,4.0,4.0,4.0,4.0,4.0,4.0,4.0,4.0,4.0,100.0,,,,,,,,,,,,,,,,,,,,,,,,,,,,,,,,,,,,,,,
11695,1754692285.98002,91.21704411506651,1754692286.0732791,46.0,0.0,-0.9307814519322052,-7.6534843886217345,10.10451292207,-2.93440969816146,14.030646463729964,7.947231008609208,3.583015745602836,3.549520923718603,2.2598164829371967,0.6556689709412353,-5.532286190276125,-0.6505447828300817,-13.9691330332966,-10.09251568520557,0.0,2.0,4.0,4.0,4.0,4.0,4.0,4.0,4.0,4.0,4.0,4.0,4.0,4.0,4.0,4.0,100.0,,,,,,,,,,,,,,,,,,,,,,,,,,,,,,,,,,,,,,,
11696,1754692285.987823,91.22484707832336,1754692286.081182,47.0,0.0,-0.3811186578113847,-15.654801062865316,12.396770820952042,-4.794638950354056,15.626266483036945,13.639881043185142,15.80782988702913,6.176128865854935,-5.806643128840278,-2.0158370260155607,-6.071996800827947,0.497334877042249,-10.58300995434388,-13.238297361015157,0.0,2.0,4.0,4.0,4.0,4.0,4.0,4.0,4.0,4.0,4.0,4.0,4.0,4.0,4.0,4.0,100.0,,,,,,,,,,,,,,,,,,,,,,,,,,,,,,,,,,,,,,,
11697,1754692285.995626,91.2326500415802,1754692286.088985,48.0,0.0,-9.758276020214709,-26.83839911162912,6.523351349894,-16.624779219975863,8.975431739584764,10.73106398011234,10.56809696250022,11.098648415907263,1.3320912069304711,2.521471356185629,-6.049769268641995,1.7012288292132496,-5.245529192951409,-19.676666210463537,0.0,2.0,4.0,4.0,4.0,4.0,4.0,4.0,4.0,4.0,4.0,4.0,4.0,4.0,4.0,4.0,100.0,0.4663435518741607,-0.43524169921875,0.48486328125,-0.59832763671875,0.2089875638484954,-0.9878080487251282,0.1220721751451492,-31.70214462280273,-159.70703125,10.168612480163574,,,,,,,,,,,,,,,,,,,,,,,,,,,,,
11698,1754692286.003429,91.24045300483704,1754692286.096888,49.0,0.0,-14.21043032499415,-28.729472888896225,1.5439205959935407,-23.591380506471296,0.5962841747652874,6.921714061366629,10.319644331523932,19.915408778317897,20.74891421186271,15.007696554461972,-4.024110217082352,3.835071652408942,-4.982094273981829,-19.438304628534524,0.0,2.0,4.0,4.0,4.0,4.0,4.0,4.0,4.0,4.0,4.0,4.0,4.0,4.0,4.0,4.0,100.0,,,,,,,,,,,,,,,,,,,,,,,,,,,,,,,,,,,,,,,
11699,1754692286.011232,91.24825596809389,1754692286.104691,50.0,0.0,-11.72721446633122,-26.77895154218649,1.335886462847526,-22.973415580339942,-8.261657194799312,1.6210813587294126,13.314422786759591,15.609529624998146,18.325532079863848,15.113321914234264,2.4310226774622663,6.31146057295328,-5.025002197621546,-15.927077386954435,0.0,2.0,4.0,4.0,4.0,4.0,4.0,4.0,4.0,4.0,4.0,4.0,4.0,4.0,4.0,4.0,100.0,,,,,,,,,,,,,,,,,,,,,,,,,,,,,,,,,,,,,,,
11700,1754692286.019035,91.25605916976927,1754692286.112594,51.0,0.0,-9.040405829503127,-21.579561099181888,2.010409946058985,-16.80948077781079,-13.570983916206956,-0.2518800388335194,7.471170463220346,4.715922790919535,2.8053855314659586,7.966436919077637,8.86269073639994,7.179772474222659,5.878011563032828,-13.297216437363318,0.0,2.0,4.0,4.0,4.0,4.0,4.0,4.0,4.0,4.0,4.0,4.0,4.0,4.0,4.0,4.0,100.0,,,,,,,,,,,25.0,3.0,43.17545700073242,4.0,35.09157943725586,3.0,30.08574104309082,1.0,40.499420166015625,4.0,24.532413482666016,1.0,33.911956787109375,3.0,32.1815299987793,1.0,38.78173828125,3.0,40.35719680786133,1.0,59.278953552246094,3.0,41.50016021728516,3.0,41.2792854309082,3.0,46.48227691650391,3.0,42.6817626953125
11701,1754692286.026838,91.26386213302612,1754692286.120398,52.0,0.0,-8.09692270154045,-10.432319712139076,-0.8098986314459466,-12.02664130367674,-11.630238330298823,3.265337179548453,4.175081393736775,4.163006771281573,-1.2867393547855386,10.287109845935277,11.180608843399853,4.872085533672191,13.188835543473772,-6.281950190467057,0.0,2.0,4.0,4.0,4.0,4.0,4.0,4.0,4.0,4.0,4.0,4.0,4.0,4.0,4.0,4.0,100.0,0.46488156914711,-0.428955078125,0.483154296875,-0.6053466796875,0.1845731288194656,-1.0400549173355105,0.1445334553718567,-31.10399055480957,-158.06210327148438,11.065842628479004,,,,,,,,,,,,,,,,,,,,,,,,,,,,,
11702,1754692286.034641,91.27166509628296,1754692286.1283011,53.0,0.0,-8.206187397422752,-7.134584580999388,-4.45596678184819,-12.146821626650024,-12.767969269033244,-1.6960633220757586,3.181336523900711,5.32106387409732,0.4370922071360041,17.019177727840827,9.419178370294333,5.391104553062462,7.503117428194457,-1.0439824732731608,0.0,2.0,4.0,4.0,4.0,4.0,4.0,4.0,4.0,4.0,4.0,4.0,4.0,4.0,4.0,4.0,100.0,,,,,,,,,,,,,,,,,,,,,,,,,,,,,,,,,,,,,,,
11703,1754692286.042444,91.2794680595398,1754692286.136104,54.0,0.0,-5.873043809192069,-10.0900632147532,0.4203774657862311,-8.140423523942928,-14.336273852165531,-5.112830135632095,1.3281747550304033,0.5227914043971111,-1.4687777925892362,16.019823316802984,13.340099471991806,10.699006942880231,8.958797369689563,1.2245107425100912,0.0,2.0,4.0,4.0,4.0,4.0,4.0,4.0,4.0,4.0,4.0,4.0,4.0,4.0,4.0,4.0,100.0,,,,,,,,,,,,,,,,,,,,,,,,,,,,,,,,,,,,,,,
11704,1754692286.050247,91.28727102279665,1754692286.1438072,55.0,0.0,-7.008446738479051,-13.073053253543094,1.7951709291178304,-8.746968578435826,-12.837666682578856,-3.1596349049436867,0.1329853953616293,-3.795082251478562,-1.1744219431798228,7.931910579628493,22.085871354292976,9.72882908446536,19.6152323263168,5.27751893397317,0.0,2.0,4.0,4.0,4.0,4.0,4.0,4.0,4.0,4.0,4.0,4.0,4.0,4.0,4.0,4.0,100.0,,,,,,,,,,,,,,,,,,,,,,,,,,,,,,,,,,,,,,,
11705,1754692286.05805,91.29507398605348,1754692286.15161,56.0,0.0,-11.453349787511286,-15.9598014702255,-5.511231774643818,-8.460514339674717,-10.284409117694793,-0.8512296715529715,0.1610774670567138,-0.7425132763291344,3.422581616412174,5.958691277651326,23.089299142403945,6.023138701080427,21.73328269079257,6.152353579305384,0.0,2.0,4.0,4.0,4.0,4.0,4.0,4.0,4.0,4.0,4.0,4.0,4.0,4.0,4.0,4.0,100.0,0.4678860008716583,-0.423828125,0.47900390625,-0.60992431640625,0.2724651098251343,-0.9887846112251282,0.1376974135637283,-29.75814437866211,-158.66026306152344,11.215380668640137,,,,,,,,,,,,,,,,,,,,,,,,,,,,,
11706,1754692286.065853,91.30287718772888,1754692286.1593142,57.0,0.0,-13.104226630093478,-21.8682973595416,-9.397454737547548,-2.7947912029468966,-8.897558553321403,-0.2781489781547748,2.854435665928861,2.607509270345247,4.918224382509209,10.635517225730666,14.187935680090334,5.147052881439606,13.04987802017814,-3.5567234657998483,0.0,2.0,4.0,4.0,4.0,4.0,4.0,4.0,4.0,4.0,4.0,4.0,4.0,4.0,4.0,4.0,100.0,,,,,,,,,,,,,,,,,,,,,,,,,,,,,,,,,,,,,,,
11707,1754692286.073656,91.31068015098572,1754692286.167117,58.0,0.0,-11.797497265473396,-28.127102234118013,-9.2239418558284,-6.626404480358417,-12.348268150040042,0.0746310928593061,6.712464819732247,5.153224517703563,9.168906608921986,14.324955138836174,12.581777580674895,2.690735958859875,11.742405479672868,-7.949616661890161,0.0,2.0,4.0,4.0,4.0,4.0,4.0,4.0,4.0,4.0,4.0,4.0,4.0,4.0,4.0,4.0,100.0,,,,,,,,,,,,,,,,,,,,,,,,,,,,,,,,,,,,,,,
11708,1754692286.081459,91.31848311424255,1754692286.17492,59.0,0.0,-10.007363379635706,-28.951132809001763,-10.82414278241157,-15.000937476682054,-13.526024993377805,-0.7444373472987422,2.994109611662964,7.525337788557238,15.398046387048735,20.02794356713804,12.436753131962462,-1.4506791584078087,18.04398070275312,0.0704221355711638,0.0,2.0,4.0,4.0,4.0,4.0,4.0,4.0,4.0,4.0,4.0,4.0,4.0,4.0,4.0,4.0,100.0,,,,,,,,,,,,,,,,,,,,,,,,,,,,,,,,,,,,,,,
11709,1754692286.089262,91.3262860774994,1754692286.182723,60.0,0.0,-6.769736466687391,-26.75085237541407,-9.009823920655435,-11.184845342961124,-11.172809596260322,-4.59562895810177,-1.8103350251217307,12.644177371404112,19.621638779315163,28.00346297631313,5.4174655011388495,-1.1984053253659113,22.737813867166324,5.322286823389277,0.0,2.0,4.0,4.0,4.0,4.0,4.0,4.0,4.0,4.0,4.0,4.0,4.0,4.0,4.0,4.0,100.0,0.4673436880111694,-0.419677734375,0.47607421875,-0.615478515625,0.1723659187555313,-1.0009918212890625,0.1362325549125671,-31.70214462280273,-158.36117553710938,11.963072776794434,,,,,,,,,,,,,,,,,,,,,,,,,,,,,
11710,1754692286.097065,91.33408904075624,1754692286.190527,61.0,0.0,-6.593741251566371,-23.39140951727586,-5.702972794927064,-3.983434726800624,-17.984669184084396,-4.851748864640285,1.39843797319827,7.761911727873667,7.38055771775953,19.71590315348521,0.6870978717442995,1.2987367134937813,21.08737541445112,3.7733261101720927,0.0,2.0,4.0,4.0,4.0,4.0,4.0,4.0,4.0,4.0,4.0,4.0,4.0,4.0,4.0,4.0,100.0,,,,,,,,,,,,,,,,,,,,,,,,,,,,,,,,,,,,,,,
11711,1754692286.104868,91.34189200401306,1754692286.1983302,62.0,0.0,-7.702708573713835,-20.31993825753557,-5.608101647062767,-3.102695161885322,-25.513424090254148,-0.902380625411979,0.0536883561928789,0.9998933688259511,0.1518596681601138,12.556879887262994,4.494878100844971,3.9128579403361528,21.599440367787565,5.040620794464985,0.0,2.0,4.0,4.0,4.0,4.0,4.0,4.0,4.0,4.0,4.0,4.0,4.0,4.0,4.0,4.0,100.0,,,,,,,,,,,,,,,,,,,,,,,,,,,,,,,,,,,,,,,
11712,1754692286.112671,91.3496949672699,1754692286.2061331,63.0,0.0,-9.166356415009886,-23.00632520790714,-8.317032706818281,-9.776396307181583,-27.04717286073992,-5.028227468642399,-6.598232293054934,8.130264208762583,14.151729364360108,24.358343521969346,10.610213385852605,3.5946584093189813,19.79365762337602,6.774712879591334,0.0,2.0,4.0,4.0,4.0,4.0,4.0,4.0,4.0,4.0,4.0,4.0,4.0,4.0,4.0,4.0,100.0,,,,,,,,,,,,,,,,,,,,,,,,,,,,,,,,,,,,,,,
11713,1754692286.120474,91.35749816894533,1754692286.213936,64.0,0.0,-10.139514858491395,-15.052884919890232,-7.246518259384004,-12.634291975391363,-27.50923291744749,-11.215715572176409,-4.4889150566799,8.72174093043958,11.740247234870992,21.151743104477816,13.384096521332763,2.3322554016396566,15.738264603948837,10.296420179781478,3354.0,2.0,4.0,4.0,4.0,4.0,4.0,4.0,4.0,4.0,4.0,4.0,4.0,4.0,4.0,4.0,100.0,0.3931710124015808,0.03216552734375,-0.615966796875,0.681884765625,0.2011749446392059,-0.9741359353065492,0.1230487525463104,-31.851682662963867,-157.76303100585938,12.561226844787598,,,,,,,,,,,,,,,,,,,,,,,,,,,,,
11714,1754692286.128277,91.36530113220216,1754692286.221739,65.0,0.0,-4.675096504594194,6.372181111344389,-1.433041558722607,-4.193810777989938,-27.162735858414862,-5.570508541727804,4.055519288171354,-2.574473674846786,-7.799556168222125,-0.2737950211310362,9.72282464414161,2.7225171377688184,15.034599603331117,11.372689636692712,3518.0,2.0,4.0,4.0,4.0,4.0,4.0,4.0,4.0,4.0,4.0,4.0,4.0,4.0,4.0,4.0,100.0,,,,,,,,,,,,,,,,,,,,,,,,,,,,,,,,,,,,,,,
11715,1754692286.13608,91.37310409545898,1754692286.229543,66.0,0.0,-0.610025250194667,16.091211104797367,-1.8309904682528213,-1.8158762063235367,-25.044681627458885,0.8382857634665015,4.906876040429779,-6.8973287184139735,-10.996344236237746,-7.94885759385761,4.3742295767192445,1.034829262569474,8.111047509093169,8.215869362786634,3522.0,2.0,4.0,4.0,4.0,4.0,4.0,4.0,4.0,4.0,4.0,4.0,4.0,4.0,4.0,4.0,100.0,,,,,,,,,,,,,,,,,,,,,,,,,,,,,,,,,,,,,,,
11716,1754692286.143883,91.38090705871582,1754692286.237246,67.0,0.0,-2.314594879572411,12.824577342186643,-4.176873534786097,-6.513371387320291,-24.993802712837947,-3.1147555937151594,-1.475002234420714,-2.7110162943596663,5.087199903277309,0.5299143375985693,9.422406370507218,1.1513512574123013,2.846903503779771,6.891385699347978,3614.0,2.0,4.0,4.0,4.0,4.0,4.0,4.0,4.0,4.0,4.0,4.0,4.0,4.0,4.0,4.0,100.0,,,,,,,,,,,,,,,,,,,,,,,,,,,,,,,,,,,,,,,
11717,1754692286.151686,91.38871002197266,1754692286.2451491,68.0,0.0,-0.0395236508609286,17.66358669784063,-2.0623038766395894,-3.048970382772268,-25.0951067016706,-4.834091530289015,-2.455040301654435,-3.010509983708971,1.2193038037401038,-2.021200659268516,10.168471255713255,1.5103397130812937,6.858934955311042,12.58895599662469,3632.0,2.0,4.0,4.0,4.0,4.0,4.0,4.0,4.0,4.0,4.0,4.0,4.0,4.0,4.0,4.0,100.0,0.3885281383991241,0.0341796875,-0.6136474609375,0.6865234375,0.2226596474647522,-0.907240390777588,0.1420920193195343,-32.150760650634766,-156.8657989501953,12.262149810791016,,,,,,,,,,,,,,,,,,,,,,,,,,,,,
11718,1754692286.159489,91.39651298522948,1754692286.252952,69.0,0.0,5.436279133816868,26.33320529664496,-2.952907057818095,-1.032326558181296,-18.60986468476796,-3.629434492976827,0.7295560516365072,-0.5929479638414819,-0.9810187524010984,-4.070702082773835,-1.3216842574291263,0.7150494042177229,6.812855806603636,17.06898219845715,3525.0,2.0,4.0,4.0,4.0,4.0,4.0,4.0,4.0,4.0,4.0,4.0,4.0,4.0,4.0,4.0,100.0,,,,,,,,,,,,,,,,,,,,,,,,,,,,,,,,,,,,,,,
11719,1754692286.167292,91.40431618690492,1754692286.260855,70.0,0.0,6.280372376346804,23.9740243601791,-4.708003150647073,-7.878541311539266,-15.3442100100915,-8.284466070488634,-2.3289456694124056,5.151492533237615,9.544888464890846,1.822201504398436,-8.443635771562185,1.1940526504254194,0.46737106719047,11.042172229173048,3510.0,2.0,4.0,4.0,4.0,4.0,4.0,4.0,4.0,4.0,4.0,4.0,4.0,4.0,4.0,4.0,100.0,,,,,,,,,,,,,,,,,,,,,,,,,,,,,,,,,,,,,,,
11720,1754692286.175095,91.41211915016174,1754692286.2686582,71.0,0.0,6.519194646607559,17.602464422220294,0.8629248148695865,-8.863395524596342,-15.00651298570068,-6.637646080065622,-3.065842381744403,3.572343391009383,7.838181390955981,0.1586904914957472,-6.138089973051535,2.5329637938235123,-0.0915064682330353,2.1685163318307445,3515.0,2.0,4.0,4.0,4.0,4.0,4.0,4.0,4.0,4.0,4.0,4.0,4.0,4.0,4.0,4.0,100.0,,,,,,,,,,,,,,,,,,,,,,,,,,,,,,,,,,,,,,,
11721,1754692286.182898,91.41992211341858,1754692286.276562,72.0,0.0,11.493589093390996,15.747941020458995,6.377028441840878,1.279768123967017,-6.272414870744512,1.1508451188590811,2.1344636331680817,0.43292875118442,-10.40592115381986,-10.273641460744043,-6.908124700914129,2.86102061765024,-3.533894045336808,1.947282671252481,3600.0,2.0,4.0,4.0,4.0,4.0,4.0,4.0,4.0,4.0,4.0,4.0,4.0,4.0,4.0,4.0,100.0,0.3857768476009369,0.0362548828125,-0.61163330078125,0.68975830078125,0.2099641412496566,-0.8921034336090088,0.1450217515230178,-31.70214462280273,-157.61349487304688,13.009841918945312,,,,,,,,,,,,,,,,,,,,,,,,,,,,,
11722,1754692286.190701,91.42772507667542,1754692286.2843652,73.0,0.0,13.637025629153245,14.919794060597551,3.447621029857885,7.389883188581564,4.278501932300799,2.6335869604766344,-1.4320718955202096,-3.5435861391449066,-10.464613572825954,-15.886651084198265,-13.24384787518892,1.3523112329147011,-11.576120462326514,3.728250451941051,3622.0,2.0,4.0,4.0,4.0,4.0,4.0,4.0,4.0,4.0,4.0,4.0,4.0,4.0,4.0,4.0,100.0,,,,,,,,,,,,,,,,,,,,,,,,,,,,,,,,,,,,,,,
11723,1754692286.198504,91.43552803993224,1754692286.292268,74.0,0.0,12.877531202521425,8.158898368543817,2.965658415895234,4.423899957510969,8.9796533106001,4.569267703382195,-4.96488738071406,-4.251598445410252,-2.153682884967054,-7.9511234529535955,-16.307992578221672,-0.4734648144748803,-10.026427273950674,-0.115192551222151,3617.0,2.0,4.0,4.0,4.0,4.0,4.0,4.0,4.0,4.0,4.0,4.0,4.0,4.0,4.0,4.0,100.0,,,,,,,,,,,,,,,,,,,,,,,,,,,,,,,,,,,,,,,
11724,1754692286.206307,91.44333100318909,1754692286.300071,75.0,0.0,12.732037530658316,-1.3216899755927898,6.562418900871535,3.875679736909888,14.070619877490344,8.658878561567008,1.847478722374717,-0.9215479863521524,-7.881755273328281,-5.342445585238465,-17.93983088083337,-1.6913758852326737,-7.049107173488892,-3.0085179277400584,3563.0,2.0,4.0,4.0,4.0,4.0,4.0,4.0,4.0,4.0,4.0,4.0,4.0,4.0,4.0,4.0,100.0,,,,,,,,,,,,,,,,,,,,,,,,,,,,,,,,,,,,,,,
11725,1754692286.21411,91.45113396644592,1754692286.307974,76.0,0.0,10.474652842797298,-7.721532015232185,3.965525188423783,5.396708882240603,17.524790831337725,5.574844539993649,0.9133168019944264,2.694481656077244,-2.619817319347419,-11.266789306478984,-16.21447920512668,-0.656644729010111,-9.742951110584444,-1.9720384651463403,3563.0,2.0,4.0,4.0,4.0,4.0,4.0,4.0,4.0,4.0,4.0,4.0,4.0,4.0,4.0,4.0,100.0,0.3849772214889526,0.0367431640625,-0.610107421875,0.6915283203125,0.2602578699588775,-0.8662241697311401,0.1425803005695343,-32.44983673095703,-157.91256713867188,13.458456993103027,,,,,,,,,,,,,,,,,,,,,,,,,,,,,
11726,1754692286.221913,91.45893716812134,1754692286.315777,77.0,0.0,8.063802453444112,-11.109414513554896,-0.8937329635633091,-0.8582416461104572,11.433998239908249,2.225547486506855,-2.3749278840269312,4.742542880840972,8.695444218971204,-4.961933442873544,-11.094989099457564,1.3368403541834937,-7.968942394802582,0.7839052150429211,3360.0,2.0,4.0,4.0,4.0,4.0,4.0,4.0,4.0,4.0,4.0,4.0,4.0,4.0,4.0,4.0,100.0,,,,,,,,,,,,,,,,,,,,,,,,,,,,,,,,,,,,,,,
11727,1754692286.229716,91.46674013137816,1754692286.323481,78.0,0.0,7.17236589203705,-11.58132960006995,-1.7617220410259335,-8.336940603735258,6.685140485625396,4.6682115774517285,-0.2494006116296816,-1.7698083117986982,2.559698921342914,4.102219155500478,-8.07346213469853,-1.084771168908247,-5.0319015317154765,3.235685588234645,3617.0,2.0,4.0,4.0,4.0,4.0,4.0,4.0,4.0,4.0,4.0,4.0,4.0,4.0,4.0,4.0,100.0,,,,,,,,,,,,,,,,,,,,,,,,,,,,,,,,,,,,,,,
11728,1754692286.237519,91.474543094635,1754692286.331284,79.0,0.0,9.51455054440916,-8.715739020524921,1.9142147058181247,-2.241744974480895,15.882598084613932,3.741574553803133,1.1991278043045384,-5.938267043208867,-1.3314679574720287,2.2385066352270258,-6.571089047711354,-3.5594538379083644,-1.9607569292915343,6.695274546327113,3563.0,2.0,4.0,4.0,4.0,4.0,4.0,4.0,4.0,4.0,4.0,4.0,4.0,4.0,4.0,4.0,100.0,,,,,,,,,,,,,,,,,,,,,,,,,,,,,,,,,,,,,,,
11729,1754692286.245322,91.48234605789185,1754692286.338987,80.0,0.0,4.6407002393982,-8.041650444022991,0.5463155948452254,4.819881538142624,18.51180210762704,1.5213369675481658,0.2942143673901114,0.4253106608586563,1.3980421201273998,-4.630227465415203,-6.774539501592983,-5.373939253554283,-2.278164813255728,2.723172567901372,3563.0,2.0,4.0,4.0,4.0,4.0,4.0,4.0,4.0,4.0,4.0,4.0,4.0,4.0,4.0,4.0,100.0,0.3837388157844543,0.03594970703125,-0.609619140625,0.69268798828125,0.2597695887088775,-0.9165179133415222,0.1318379491567611,-30.804912567138672,-155.96856689453125,12.561226844787598,,,,,,,,,,,,,,,,,,,,,,,,,,,,,
11730,1754692286.253125,91.49014902114868,1754692286.34679,81.0,0.0,-1.0618777876378545,-5.169020571501164,-1.0080859587941404,6.979159189179541,14.721775291775543,7.906824545675249,3.673934916020357,5.33986838134399,-0.2178752586036125,0.1882895723734918,-3.731095495050681,-3.183158369651551,-5.891957565936195,-5.793796950479077,3360.0,2.0,4.0,4.0,4.0,4.0,4.0,4.0,4.0,4.0,4.0,4.0,4.0,4.0,4.0,4.0,100.0,,,,,,,,,,,,,,,,,,,,,,,,,,,,,,,,,,,,,,,
11731,1754692286.260928,91.49795198440552,1754692286.354494,82.0,0.0,1.5115839801148925,-0.8851026472823378,1.5689916224607714,11.232473373881705,15.68364494067714,8.371326618765806,4.176558403302124,-6.267037253126773,-4.322425983224321,3.219092610716189,-3.272075037665445,-1.996622948421873,-8.487311711439133,-5.595369119638463,3617.0,2.0,4.0,4.0,4.0,4.0,4.0,4.0,4.0,4.0,4.0,4.0,4.0,4.0,4.0,4.0,100.0,,,,,,,,,,,,,,,,,,,,,,,,,,,,,,,,,,,,,,,
11732,1754692286.268731,91.50575518608092,1754692286.3623972,83.0,0.0,5.280973300904293,2.7107360353178365,3.788975279123292,18.767487747798786,16.33482269628155,-0.2401550408545745,0.8933589041424739,-17.532516266967946,-5.037246762024665,1.112905115522949,-8.112189689524826,-4.005697042670022,-6.609932713082458,0.77712351144271,3563.0,2.0,4.0,4.0,4.0,4.0,4.0,4.0,4.0,4.0,4.0,4.0,4.0,4.0,4.0,4.0,100.0,,,,,,,,,,,,,,,,,,,,,,,,,,,,,,,,,,,,,,,
11733,1754692286.276534,91.51355814933775,1754692286.3702002,84.0,0.0,4.301943738631394,5.588216321835148,3.748965476987337,18.195459753080627,14.399666136495284,-2.045502656992653,-0.1738298665042066,-14.054837909583624,-4.320339743117188,1.5180388573634218,-5.531577743484036,-2.9408048638875925,-6.827995583334655,-0.0884709424805123,3563.0,2.0,4.0,4.0,4.0,4.0,4.0,4.0,4.0,4.0,4.0,4.0,4.0,4.0,4.0,4.0,100.0,0.3838485777378082,0.032470703125,-0.60870361328125,0.693603515625,0.1870145797729492,-1.0180819034576416,0.0776379033923149,-32.300296783447266,-157.0153350830078,13.90707302093506,,,,,,,,,,,,,,,,,,,,,,,,,,,,,
11734,1754692286.284337,91.5213611125946,1754692286.378103,85.0,0.0,3.412680444127659,7.826014724296897,3.648261998577823,17.207852451839358,12.712569349023056,-2.072193252867578,-0.9925206943570402,-10.695034314370218,-3.540753936689612,1.8520066539136903,-3.181196848557988,-1.9183203885962712,-6.7588864239943405,-0.7487179122402949,3360.0,2.0,4.0,4.0,4.0,4.0,4.0,4.0,4.0,4.0,4.0,4.0,4.0,4.0,4.0,4.0,100.0,,,,,,,,,,,,,,,,,,,,,,,,,,,,,,,,,,,,,,,
11735,1754692286.29214,91.52916407585144,1754692286.385906,86.0,0.0,3.1225958712408897,9.963359529696106,1.7265177684318471,16.40674065288539,11.470447860133106,-2.822039396924368,-1.0836685523257188,-7.042003624161055,-2.237338941086193,2.613841578853851,-0.5979434680760392,-3.356785793769916,-5.958640100007699,-0.7219648601142694,3617.0,2.0,4.0,4.0,4.0,4.0,4.0,4.0,4.0,4.0,4.0,4.0,4.0,4.0,4.0,4.0,100.0,,,,,,,,,,,,,,,,,,,,,,,,,,,,,,,,,,,,,,,
11736,1754692286.299943,91.53696703910828,1754692286.393809,87.0,0.0,1.5946124308567278,17.642836819460285,-2.54583098846058,18.999538837510613,6.00362021942658,-4.849967188296319,0.8869872856508891,-1.2873485113594825,-4.968268586231602,4.544142747074261,-2.535547769269101,-6.965895426983366,-3.121974713733721,2.464959519241006,3563.0,2.0,4.0,4.0,4.0,4.0,4.0,4.0,4.0,4.0,4.0,4.0,4.0,4.0,4.0,4.0,100.0,,,,,,,,,,,,,,,,,,,,,,,,,,,,,,,,,,,,,,,
11737,1754692286.307746,91.54477000236513,1754692286.401613,88.0,0.0,-2.403988358813933,18.536913857474644,-7.847341843148172,17.537327223968475,0.5851145780856655,-4.101921632802316,1.5451831715990352,8.538659925382888,8.110199069701991,15.78453835768954,-6.6388457577414215,-8.688424138019911,-9.698320158150466,-5.634400995411909,3563.0,2.0,4.0,4.0,4.0,4.0,4.0,4.0,4.0,4.0,4.0,4.0,4.0,4.0,4.0,4.0,100.0,0.3813088536262512,0.0283203125,-0.6072998046875,0.6964111328125,0.1362325549125671,-1.061539649963379,0.1123064011335372,-30.20676040649414,-158.66026306152344,13.009841918945312,,,,,,,,,,,,,,,,,,,,,,,,,,,,,
11738,1754692286.315549,91.55257296562196,1754692286.409516,89.0,0.0,-4.713473615998112,22.885618778873948,-4.553700008582212,25.153919336557635,4.85808946320293,-1.9371512771033963,0.0524947947530449,5.692494490628349,7.129106255619888,18.61796847019349,-6.527860102520492,-10.268319577359136,-20.93821913974585,-11.116669506700248,3360.0,2.0,4.0,4.0,4.0,4.0,4.0,4.0,4.0,4.0,4.0,4.0,4.0,4.0,4.0,4.0,100.0,,,,,,,,,,,,,,,,,,,,,,,,,,,,,,,,,,,,,,,
11739,1754692286.323352,91.56037616729736,1754692286.417319,90.0,0.0,2.995122762559788,39.73193216834585,4.144880495456675,42.36023137003036,5.084274327470268,-4.78003003888665,-6.790098546497518,-2.960999842245144,-2.925108971441148,5.862372926011233,0.5442698380789466,-7.976755547972004,-19.67115700443759,-2.1024085709927363,3617.0,2.0,4.0,4.0,4.0,4.0,4.0,4.0,4.0,4.0,4.0,4.0,4.0,4.0,4.0,4.0,100.0,,,,,,,,,,,,,,,,,,,,,,,,,,,,,,,,,,,,,,,
11740,1754692286.331155,91.5681791305542,1754692286.4252222,91.0,0.0,11.686888579934989,50.227335984699096,6.490307059730696,45.85560596709507,-6.17726174763078,-11.750768672469292,-13.475327194949784,-10.125412081346838,-11.655117174534496,-4.031312286471291,10.852792838524294,-1.0194336283629468,-6.805512782741005,10.81583262829787,3563.0,2.0,4.0,4.0,4.0,4.0,4.0,4.0,4.0,4.0,4.0,4.0,4.0,4.0,4.0,4.0,100.0,,,,,,,,,,,,,,,,,,,,,,,,,,,,,,,,,,,,,,,
11741,1754692286.338958,91.57598209381104,1754692286.4330251,92.0,0.0,-1.3859218373863484,30.59446147177826,-4.517450546227764,30.732778505359,-18.272384261876567,-15.80476912354422,-15.069586641146516,1.1975366389984003,9.784724395608038,5.365910904904041,15.239448662437129,-2.5213738386364355,-9.477298320856988,1.553872603597057,3563.0,2.0,4.0,4.0,4.0,4.0,4.0,4.0,4.0,4.0,4.0,4.0,4.0,4.0,4.0,4.0,100.0,0.3684306740760803,0.0303955078125,-0.605712890625,0.70458984375,0.2290074080228805,-1.1523613929748535,0.1425803005695343,-30.505836486816406,-157.91256713867188,14.206149101257324,,,,,,,,,,,,,,,,,,,,,,,,,,,,,
11742,1754692286.346761,91.58378505706789,1754692286.440928,93.0,0.0,-7.724552581313901,19.281833071626124,-6.272267321985282,31.19225424175397,-10.159343916840273,-11.581584623832669,-7.50111393885004,8.551471166116926,9.80899996832727,12.85842230046569,21.394424961873256,-3.948816857858901,-14.661071077456654,-5.772142734901763,3360.0,2.0,4.0,4.0,4.0,4.0,4.0,4.0,4.0,4.0,4.0,4.0,4.0,4.0,4.0,4.0,100.0,,,,,,,,,,,,,,,,,,,,,,,,,,,,,,,,,,,,,,,
11743,1754692286.354564,91.5915880203247,1754692286.4487312,94.0,0.0,2.356441748127338,31.94185941290272,-2.6875576316617185,37.48236565398184,-1.4275486264670576,-13.02664123578569,-6.114449543690341,4.810292599893103,-9.499261792102686,4.343148892327292,20.69660180560533,-3.0582634655362995,-9.31597425484955,1.7779360270076836,3617.0,2.0,4.0,4.0,4.0,4.0,4.0,4.0,4.0,4.0,4.0,4.0,4.0,4.0,4.0,4.0,100.0,,,,,,,,,,,,,,,,,,,,,,,,,,,,,,,,,,,,,,,
11744,1754692286.362367,91.59939098358154,1754692286.456635,95.0,0.0,5.642497999402735,36.50769843491992,-4.4847535508255305,32.10266248635537,3.037459591076754,-11.61325164297557,-4.756680004190343,3.0438682018262853,-3.69526602151052,-0.8228991567660842,9.780227961481271,-2.4138637634713405,-10.299599264258518,-0.3070432997322996,3563.0,2.0,4.0,4.0,4.0,4.0,4.0,4.0,4.0,4.0,4.0,4.0,4.0,4.0,4.0,4.0,100.0,,,,,,,,,,,,,,,,,,,,,,,,,,,,,,,,,,,,,,,
11745,1754692286.37017,91.60719418525696,1754692286.464438,96.0,0.0,2.9231610704251807,28.17765996511855,-1.156224625316895,30.402032529366465,18.71421852483911,-3.0419577771893955,-4.808219148858711,-2.6159730773218826,2.8707647240709093,1.9895697801517829,2.054918095465496,-3.024258190285196,-18.627406451376032,-12.31869369919366,3563.0,2.0,4.0,4.0,4.0,4.0,4.0,4.0,4.0,4.0,4.0,4.0,4.0,4.0,4.0,4.0,100.0,0.3601996898651123,0.03619384765625,-0.59930419921875,0.7139892578125,0.2026398181915283,-1.1308766603469849,0.1992217898368835,-31.70214462280273,-157.61349487304688,14.804303169250488,,,,,,,,,,,,,,,,,,,,,,,,,,,,,
11746,1754692286.377973,91.6149971485138,1754692286.472341,97.0,0.0,9.839850090641448,25.95315092474448,7.354906400575146,27.79429321601947,26.845214227951143,3.6486243608374025,-10.418628338105009,-10.4358151348315,-7.038021216139441,-0.3502124634405845,1.470984856540781,-4.507503690909744,-13.804390041616443,-12.877109325308083,3360.0,2.0,4.0,4.0,4.0,4.0,4.0,4.0,4.0,4.0,4.0,4.0,4.0,4.0,4.0,4.0,100.0,,,,,,,,,,,,,,,,,,,,,,,,,,,,,,,,,,,,,,,
11747,1754692286.385776,91.62280011177064,1754692286.4802442,98.0,0.0,7.293428888160804,13.92255378843464,7.126740679874899,11.99685162870918,21.453987849263,5.447142276190959,-7.039814839887924,-7.121777487552492,-5.3434760129765095,-7.508699293329585,0.7596570023067102,-1.1219005061164466,-7.846202322268311,-10.016632383040644,3617.0,2.0,4.0,4.0,4.0,4.0,4.0,4.0,4.0,4.0,4.0,4.0,4.0,4.0,4.0,4.0,100.0,,,,,,,,,,,,,,,,,,,,,,,,,,,,,,,,,,,,,,,
11748,1754692286.393579,91.63060307502748,1754692286.4880471,99.0,0.0,2.185677688210604,-9.218787367336404,2.484357254374686,-14.374889181322374,27.59469536022391,21.41721740487276,15.069299655040254,8.533761646917924,-2.63803685664368,-27.094464854255307,-1.7033464494282953,1.0859684652160695,-3.432516411924894,-6.515865336722413,3563.0,2.0,4.0,4.0,4.0,4.0,4.0,4.0,4.0,4.0,4.0,4.0,4.0,4.0,4.0,4.0,100.0,,,,,,,,,,,,,,,,,,,,,,,,,,,,,,,,,,,,,,,
11749,1754692286.401382,91.6384060382843,1754692286.49585,100.0,0.0,-0.4139951526557297,-16.285267422500397,1.702025770303521,-22.16692493340122,19.403501008716944,18.101965286957807,12.570380037321796,7.330421605952893,-2.5789378945236194,-23.74998635096233,-2.934278698680714,2.372681457694057,-0.1050984851134444,-5.372818602976963,3563.0,2.0,4.0,4.0,4.0,4.0,4.0,4.0,4.0,4.0,4.0,4.0,4.0,4.0,4.0,4.0,100.0,0.5013856291770935,-0.399658203125,0.443115234375,-0.62652587890625,0.2797894179821014,-0.992202639579773,0.2290074080228805,-31.40306663513184,-156.8657989501953,14.804303169250488,,,,,,,,,,,,,,,,,,,,,,,,,,,,,
11750,1754692286.409185,91.64620900154114,1754692286.503554,101.0,0.0,-3.318687684515737,-28.972563835203403,0.4300542559289511,-35.250383363687035,4.661235618099852,7.411245211039329,2.729676624674937,-1.2801308497524246,-6.118104716590608,-27.63283361699729,2.5918543958522946,3.918984563111224,11.74573162399605,1.0463534112913635,3360.0,2.0,4.0,4.0,4.0,4.0,4.0,4.0,4.0,4.0,4.0,4.0,4.0,4.0,4.0,4.0,100.0,,,,,,,,,,,,,,,,,,,,,,,,,,,,,,,,,,,,,,,
11751,1754692286.416988,91.65401196479796,1754692286.511357,102.0,0.0,-8.105920043224387,-35.63055820138902,-0.8633480898054131,-42.02091093825561,-4.751824829668067,1.242577602593201,-2.588284624113612,5.481827183544056,4.867661564659329,-27.088190985144365,10.53899147902871,12.576392963164608,21.592492848741813,4.717311236014893,3617.0,2.0,4.0,4.0,4.0,4.0,4.0,4.0,4.0,4.0,4.0,4.0,4.0,4.0,4.0,4.0,100.0,,,,,,,,,,,,,,,,,,,,,,,,,,,,,,,,,,,,,,,
11752,1754692286.424791,91.6618151664734,1754692286.51906,103.0,0.0,-7.613918045495609,-34.56886964522977,-0.2063341798865963,-40.83480120337157,-6.933660755372273,1.5378347118181068,-1.468802001835627,5.339196142621915,4.608104578799669,-20.37088268872816,7.700712127417375,12.117763746290676,20.255802097874778,4.737579549350414,3563.0,2.0,4.0,4.0,4.0,4.0,4.0,4.0,4.0,4.0,4.0,4.0,4.0,4.0,4.0,4.0,100.0,,,,,,,,,,,,,,,,,,,,,,,,,,,,,,,,,,,,,,,
11753,1754692286.432594,91.66961812973022,1754692286.526863,104.0,0.0,-6.965876296419594,-32.6000766101061,0.340203592490468,-38.55057140427249,-8.507178745769636,1.7312980758665049,-0.4991085627976304,5.051487608678997,4.248373211847991,-14.19921300027005,5.119660681410494,11.35578849102552,18.4912648685808,4.6008011161029,3563.0,2.0,4.0,4.0,4.0,4.0,4.0,4.0,4.0,4.0,4.0,4.0,4.0,4.0,4.0,4.0,100.0,0.4952583909034729,-0.40167236328125,0.43658447265625,-0.6346435546875,0.2998092770576477,-1.0410314798355105,0.1967803537845611,-32.300296783447266,-155.66949462890625,15.10338020324707,,,,,,,,,,,,,,,,,,,,,,,,,,,,,
11754,1754692286.440397,91.67742109298706,1754692286.534567,105.0,0.0,-1.957559380477619,-38.1862272033942,2.759996420877428,-43.77734975178794,-6.310107077253292,1.8546631339635269,3.433513931902666,0.5440931640608824,7.244089457750647,-10.201230376094486,-0.4510823199899505,13.278643218054526,21.40552992619825,0.1264821269163576,3360.0,2.0,4.0,4.0,4.0,4.0,4.0,4.0,4.0,4.0,4.0,4.0,4.0,4.0,4.0,4.0,100.0,,,,,,,,,,,,,,,,,,,,,,,,,,,,,,,,,,,,,,,
11755,1754692286.4482,91.6852240562439,1754692286.54237,106.0,0.0,0.9453260283178224,-40.58275740639215,3.5876397814543,-44.86072172689569,0.1993483360404297,2.783100357303056,6.72590367647922,-5.8055537342445405,-0.4737548616105869,-12.001362240057231,-1.9672613768664176,13.571074307189292,25.847242235436624,0.7311554696059375,3617.0,2.0,4.0,4.0,4.0,4.0,4.0,4.0,4.0,4.0,4.0,4.0,4.0,4.0,4.0,4.0,100.0,,,,,,,,,,,,,,,,,,,,,,,,,,,,,,,,,,,,,,,
11756,1754692286.456003,91.69302701950072,1754692286.5500731,107.0,0.0,0.6131929135871701,-33.74003728776057,3.526702613258692,-37.51029677919684,-1.8900284376196053,2.830911642080025,6.2213788857333725,-3.8345802377221503,-0.0031407115698698,-5.885527111104295,-2.6444621379201294,11.61817003811251,21.219075412875497,1.4014043559058678,3563.0,2.0,4.0,4.0,4.0,4.0,4.0,4.0,4.0,4.0,4.0,4.0,4.0,4.0,4.0,4.0,100.0,,,,,,,,,,,,,,,,,,,,,,,,,,,,,,,,,,,,,,,
11757,1754692286.463806,91.70082998275755,1754692286.557876,108.0,0.0,-0.0379077643202663,-27.40036227647454,3.0043413349839057,-30.6191581552572,-3.9072599033130473,2.420189778825147,5.250844896641297,-2.4509980895778654,0.0250616186648358,-1.0288322852171632,-3.477886419943502,9.283103640411696,16.356186760742162,1.5460318265849082,3563.0,2.0,4.0,4.0,4.0,4.0,4.0,4.0,4.0,4.0,4.0,4.0,4.0,4.0,4.0,4.0,100.0,0.4844132959842682,-0.4013671875,0.434814453125,-0.64434814453125,0.2788128554821014,-0.9546043872833252,0.252445250749588,-32.300296783447266,-155.96856689453125,18.393224716186523,,,,,,,,,,,,,,,,,,,,,,,,,,,,,
11758,1754692286.471609,91.70863318443298,1754692286.56558,109.0,0.0,-2.0137531349180904,-20.797641162439334,2.6876341841536373,-23.44650155828077,-4.922456046574382,2.523769441589764,4.806260281737821,-0.716192120455446,0.5668748134823431,3.515927536998504,-3.5348218980873867,7.58636346072916,12.333314144230314,-3.029438822763325,3360.0,2.0,4.0,4.0,4.0,4.0,4.0,4.0,4.0,4.0,4.0,4.0,4.0,4.0,4.0,4.0,100.0,,,,,,,,,,,,,,,,,,,,,,,,,,,,,,,,,,,,,,,
11759,1754692286.479412,91.71643614768982,1754692286.573483,110.0,0.0,-0.558826315013107,-4.775693006588995,4.6334519444502575,-6.857540025198546,4.2288346207191125,7.29841575050466,8.543522726055357,-1.2066072056755957,-6.106526255965605,-2.0260102716785013,-8.507094711210016,2.1516202055366875,6.257647504707052,-2.446769971749859,3617.0,2.0,4.0,4.0,4.0,4.0,4.0,4.0,4.0,4.0,4.0,4.0,4.0,4.0,4.0,4.0,100.0,,,,,,,,,,,,,,,,,,,,,,,,,,,,,,,,,,,,,,,
11760,1754692286.487215,91.72423911094666,1754692286.5812862,111.0,0.0,-0.3353730448704368,8.595301325286812,3.4426556434453346,3.033970576369313,-4.748971162435453,-1.147255822192335,-0.276626853584446,-4.629163093446266,-9.814533663366262,-0.4970436693385522,-6.817538062850588,0.7489180404007243,6.962925523846309,3.102573866661998,3563.0,2.0,4.0,4.0,4.0,4.0,4.0,4.0,4.0,4.0,4.0,4.0,4.0,4.0,4.0,4.0,100.0,,,,,,,,,,,,,,,,,,,,,,,,,,,,,,,,,,,,,,,
11761,1754692286.495018,91.73204207420348,1754692286.589189,112.0,0.0,-1.9996270636024176,7.549900615916215,1.422291822381851,6.129462674779063,-7.23647995253117,-2.487710177438146,-1.9504309600296776,0.7511338649597405,-1.5093013674904228,3.8683664817718295,-7.484161817053462,-0.3267895710022799,1.9315096483024377,1.681213626480769,3563.0,2.0,4.0,4.0,4.0,4.0,4.0,4.0,4.0,4.0,4.0,4.0,4.0,4.0,4.0,4.0,100.0,0.4702707827091217,-0.401123046875,0.43377685546875,-0.65557861328125,0.250980406999588,-0.8774548172950745,0.2109407186508178,-33.34706497192383,-156.8657989501953,16.0006103515625,,,,,,,,,,,,,,,,,,,,,,,,,,,,,
11762,1754692286.502821,91.73984503746031,1754692286.596992,113.0,0.0,-1.6804822938733537,8.069578710225471,1.1310498374842268,7.328173384244167,-7.42802564905827,-1.8883593155591711,-1.6399896560282627,1.9257264421217428,-0.332933389808602,7.203157179911671,-6.171748287666048,-0.8159049841623869,-0.6666518465171407,2.0791858907837764,3360.0,2.0,4.0,4.0,4.0,4.0,4.0,4.0,4.0,4.0,4.0,4.0,4.0,4.0,4.0,4.0,100.0,,,,,,,,,,,,,,,,,,,,,,,,,,,,,,,,,,,,,,,
11763,1754692286.510624,91.74764800071716,1754692286.604895,114.0,0.0,-1.544233587421331,8.055781346882668,0.6739017555782993,7.910504322132056,-7.529044749540844,-1.516683518100308,-1.5114710669736269,2.649408131841028,0.4649829072468492,9.53388391595854,-5.0774007082613934,-1.3726628298213654,-2.9848015492059403,2.156758207650455,3617.0,2.0,4.0,4.0,4.0,4.0,4.0,4.0,4.0,4.0,4.0,4.0,4.0,4.0,4.0,4.0,100.0,,,,,,,,,,,,,,,,,,,,,,,,,,,,,,,,,,,,,,,
11764,1754692286.518427,91.755450963974,1754692286.612699,115.0,0.0,-1.5074486749245466,7.658826055224324,0.1501367646396261,8.02250774079124,-7.49700515766159,-1.2888021594285988,-1.4813695979283352,3.034419675924198,0.9814898767694444,11.019697046895487,-4.141918429903001,-1.912016849330996,-4.943485714319479,2.023590964279208,3563.0,2.0,4.0,4.0,4.0,4.0,4.0,4.0,4.0,4.0,4.0,4.0,4.0,4.0,4.0,4.0,100.0,,,,,,,,,,,25.0,1.0,54.79718399047852,1.0,55.46624755859375,1.0,43.18642425537109,1.0,59.2663688659668,1.0,43.04726791381836,1.0,47.856082916259766,1.0,51.23483657836914,1.0,52.532135009765625,3.0,57.06015396118164,1.0,75.7893295288086,1.0,56.76615905761719,1.0,52.9554557800293,1.0,62.9329719543457,1.0,56.93944549560547
11765,1754692286.52623,91.7632541656494,1754692286.620602,116.0,0.0,-5.173385404555745,3.33950983382448,-3.5152672362698354,4.124242640856949,-10.976211424117253,11.917503026801851,-5.152916042208915,6.528673240247201,14.766839922011345,13.511494484508432,-0.8960069690430714,-2.529780915629715,-10.163827543461764,-1.8984545517770923,3563.0,2.0,4.0,4.0,4.0,4.0,4.0,4.0,4.0,4.0,4.0,4.0,4.0,4.0,4.0,4.0,100.0,0.4655473232269287,-0.40185546875,0.4287109375,-0.66180419921875,0.0395513847470283,-0.7758907675743103,0.1987335085868835,-33.04798889160156,-155.66949462890625,16.150148391723633,,,,,,,,,,,,,,,,,,,,,,,,,,,,,
11766,1754692286.534033,91.77105712890624,1754692286.628405,117.0,0.0,-5.2886206742905415,1.4818835152577776,-6.98815944548187,-4.521119698818893,-26.75434979743977,9.24221319082153,-15.389365617501426,2.5369625622888634,14.956080170254154,18.99998565188298,9.596554744471632,1.74011614765368,-8.633746420337502,1.7967244025694526,3360.0,2.0,4.0,4.0,4.0,4.0,4.0,4.0,4.0,4.0,4.0,4.0,4.0,4.0,4.0,4.0,100.0,,,,,,,,,,,,,,,,,,,,,,,,,,,,,,,,,,,,,,,
11767,1754692286.541836,91.77886009216309,1754692286.6363082,118.0,0.0,-4.363300537401528,1.6822676231633975,-5.985951357836484,-2.5781054877654697,-22.032943958073474,6.771523244630998,-12.353515772000035,2.396397732268042,11.771055842713622,17.255932655723655,7.625890249954637,0.5783601398245537,-9.057369259029656,1.4988086431164902,3617.0,2.0,4.0,4.0,4.0,4.0,4.0,4.0,4.0,4.0,4.0,4.0,4.0,4.0,4.0,4.0,100.0,,,,,,,,,,,,,,,,,,,,,,,,,,,,,,,,,,,,,,,
11768,1754692286.549639,91.78666305541992,1754692286.6441112,119.0,0.0,-3.462453974888831,1.7893516974290833,-4.972019396775977,-0.8878823682744041,-17.44664779544928,4.522347114872446,-9.461347331749948,2.2035126615960507,8.776073313055804,15.268608089032114,5.760736933069893,-0.3956353917415072,-9.138940767280246,1.2027796577831396,3563.0,2.0,4.0,4.0,4.0,4.0,4.0,4.0,4.0,4.0,4.0,4.0,4.0,4.0,4.0,4.0,100.0,,,,,,,,,,,,,,,,,,,,,,,,,,,,,,,,,,,,,,,
11769,1754692286.557442,91.79446601867676,1754692286.652014,120.0,0.0,-2.610387398729415,1.8162615804490656,-3.980678889137778,0.5405974516934862,-13.11734503509473,2.526950616168562,-6.779360249200579,1.9737100926786864,6.032687539995152,13.144301323046475,4.041703513356481,-1.1841688961198429,-8.936470912414222,0.9177154429972348,3563.0,2.0,4.0,4.0,4.0,4.0,4.0,4.0,4.0,4.0,4.0,4.0,4.0,4.0,4.0,4.0,100.0,0.4754137694835663,-0.39996337890625,0.42156982421875,-0.6605224609375,0.2539101243019104,-0.7724727392196655,0.216311901807785,-32.300296783447266,-155.96856689453125,17.944610595703125,,,,,,,,,,,,,,,,,,,,,,,,,,,,,
11770,1754692286.565245,91.8022689819336,1754692286.6598182,121.0,0.0,-0.7432697232191572,-4.057633069712495,-1.95716698556663,2.790570056356671,-8.054873293718913,1.8860938455642893,-3.273309481899844,2.8031175565781155,4.66582781385722,12.057105092417885,1.5153003406823586,-0.7127483865631916,-7.42444278539557,0.4945303346455034,3360.0,2.0,4.0,4.0,4.0,4.0,4.0,4.0,4.0,4.0,4.0,4.0,4.0,4.0,4.0,4.0,100.0,,,,,,,,,,,,,,,,,,,,,,,,,,,,,,,,,,,,,,,
11771,1754692286.573048,91.810072183609,1754692286.667721,122.0,0.0,0.3948696822079682,-9.601895621978317,-0.6535189536785992,4.140127177612499,-4.054915774109418,0.8753393871178332,-0.7054960078454542,2.972875909315804,2.970244634098321,3.849583625687387,-3.100319957851412,-0.7244179227237737,-6.387775453324025,0.9432991386751156,3617.0,2.0,4.0,4.0,4.0,4.0,4.0,4.0,4.0,4.0,4.0,4.0,4.0,4.0,4.0,4.0,100.0,,,,,,,,,,,,,,,,,,,,,,,,,,,,,,,,,,,,,,,
11772,1754692286.580851,91.81787514686584,1754692286.675524,123.0,0.0,4.63758217674777,-9.926024593230151,6.750538426857844,3.697761239407925,1.7547270147232723,-5.958459573406884,-3.612696488755404,-1.9235005122869493,-1.3957267944461762,-3.222379718256974,-8.128054957087528,1.7813156160540586,2.920499643560248,9.449079461515254,3563.0,2.0,4.0,4.0,4.0,4.0,4.0,4.0,4.0,4.0,4.0,4.0,4.0,4.0,4.0,4.0,100.0,,,,,,,,,,,,,,,,,,,,,,,,,,,,,,,,,,,,,,,
11773,1754692286.588654,91.82567811012268,1754692286.683427,124.0,0.0,3.76823833968956,-6.558468183034165,6.0391246528838565,4.070180409260502,3.1959346557537174,-6.315219610625718,-1.7402430254901446,-1.8473487293622384,-2.963039002527694,-3.142171196149775,-7.446654245246918,1.4316471450692916,1.2969818130172823,7.078814727361987,3563.0,2.0,4.0,4.0,4.0,4.0,4.0,4.0,4.0,4.0,4.0,4.0,4.0,4.0,4.0,4.0,100.0,0.4849742352962494,-0.39599609375,0.41851806640625,-0.65789794921875,0.0434576943516731,-0.7373159527778625,0.2685588002204895,-33.79568099975586,-155.96856689453125,17.196918487548828,,,,,,,,,,,,,,,,,,,,,,,,,,,,,
11774,1754692286.596457,91.83348107337952,1754692286.69123,125.0,0.0,3.2041006636231373,-4.139225471955399,4.91173102935312,4.217506078773965,4.551298172989789,-6.1386961279886805,0.1274226722898106,-1.4567657850271305,-3.8882313981158063,-2.7097046792105743,-6.380201261395598,0.3365117408552009,0.1691607068113967,5.17045649445339,3360.0,2.0,4.0,4.0,4.0,4.0,4.0,4.0,4.0,4.0,4.0,4.0,4.0,4.0,4.0,4.0,100.0,,,,,,,,,,,,,,,,,,,,,,,,,,,,,,,,,,,,,,,
11775,1754692286.60426,91.84128403663637,1754692286.6989331,126.0,0.0,-2.747076768661032,0.4384605352132666,4.841461396707359,2.441488661907784,0.1368258241158173,-4.681270453906677,0.0953088423938197,-6.475987547058253,-2.066048912151132,-7.657249765894107,7.378851019386161,3.0203573068873766,-1.3193154897059003,11.570222474976504,3617.0,2.0,4.0,4.0,4.0,4.0,4.0,4.0,4.0,4.0,4.0,4.0,4.0,4.0,4.0,4.0,100.0,,,,,,,,,,,,,,,,,,,,,,,,,,,,,,,,,,,,,,,
11776,1754692286.612063,91.8490869998932,1754692286.7068372,127.0,0.0,-5.704014621373375,-1.1875434224178605,0.9056971930314432,-3.017427167122918,7.436960821081499,-11.496079483181203,-6.855775165444669,-15.156167608913025,3.4152574024434728,-20.68241099070096,17.425498333817956,9.565520623249682,5.006844959802407,13.568081265359211,52.0,2.0,4.0,4.0,4.0,4.0,4.0,4.0,4.0,4.0,4.0,4.0,4.0,4.0,4.0,4.0,100.0,,,,,,,,,,,,,,,,,,,,,,,,,,,,,,,,,,,,,,,
11777,1754692286.619866,91.85688996315002,1754692286.71464,0.0,0.0,-3.5197134424083174,-5.180275883364118,-0.094837148165368,-0.800547785856395,8.55916454135928,-8.793831003282264,-2.965562548702053,-16.453318589457865,1.102959436140793,-27.6529918306955,14.397002757916256,7.520568983645319,3.937408388710139,10.437889290741223,3341.0,2.0,4.0,4.0,4.0,4.0,4.0,4.0,4.0,4.0,4.0,4.0,4.0,4.0,4.0,4.0,100.0,0.4928570389747619,-0.38970947265625,0.4189453125,-0.655517578125,0.4096742272377014,-0.8545052409172058,0.3808651864528656,-32.300296783447266,-155.96856689453125,17.944610595703125,,,,,,,,,,,,,,,,,,,,,,,,,,,,,
11778,1754692286.627669,91.86469316482544,1754692286.722443,1.0,0.0,-0.1740066418622348,-13.06311091511978,0.6226943840758565,8.378439323812671,27.886801929693974,5.054300250770865,12.915568444374202,-6.891485431856182,-0.3279871498732802,-27.15427912916064,0.5973805769028502,0.7375666307709423,-4.014434992528578,-2.495513058256421,3512.0,2.0,4.0,4.0,4.0,4.0,4.0,4.0,4.0,4.0,4.0,4.0,4.0,4.0,4.0,4.0,100.0,,,,,,,,,,,,,,,,,,,,,,,,,,,,,,,,,,,,,,,
11779,1754692286.635472,91.87249612808228,1754692286.7301462,2.0,0.0,5.686420524954542,-15.108479772779788,5.532406794867825,17.53658511131073,61.38717900374115,5.245741687561917,14.635607072360584,3.262992590161616,1.9160971822590227,-24.95147041538792,-11.08300945444114,-5.791560924349483,-4.769088401014301,-12.334776357646549,3508.0,2.0,4.0,4.0,4.0,4.0,4.0,4.0,4.0,4.0,4.0,4.0,4.0,4.0,4.0,4.0,100.0,,,,,,,,,,,,,,,,,,,,,,,,,,,,,,,,,,,,,,,
11780,1754692286.643275,91.88029909133913,1754692286.738049,3.0,0.0,6.472297562573942,-9.125397349231832,4.197280478224741,15.403357260642508,82.31953894428653,4.269969817991125,13.279507332238438,4.354310993599768,0.3617511708496863,-16.91422343867606,-9.849355753246698,-5.85397970729008,-4.67623296671735,-11.406546741422687,3621.0,2.0,4.0,4.0,4.0,4.0,4.0,4.0,4.0,4.0,4.0,4.0,4.0,4.0,4.0,4.0,100.0,,,,,,,,,,,,,,,,,,,,,,,,,,,,,,,,,,,,,,,
11781,1754692286.651078,91.88810205459596,1754692286.7458532,4.0,0.0,5.40655888153762,-4.701592619594322,2.798810981411606,12.279772174788576,63.62402031195754,3.1649383494493293,11.577423100965206,4.947290829699995,-1.0941293272210544,-9.93249821056341,-8.687775189132736,-5.884324960205305,-4.637552135077868,-10.448788048075386,3610.0,2.0,4.0,4.0,4.0,4.0,4.0,4.0,4.0,4.0,4.0,4.0,4.0,4.0,4.0,4.0,100.0,0.4875840842723846,-0.38348388671875,0.4263916015625,-0.6583251953125,0.1489280611276626,-0.9277485609054564,0.2910200655460357,-32.300296783447266,-157.76303100585938,18.393224716186523,,,,,,,,,,,,,,,,,,,,,,,,,,,,,
11782,1754692286.658881,91.89590501785278,1754692286.753656,5.0,0.0,4.131152457810288,-1.1439045529893406,1.3307947490027914,9.101369086380885,45.99187534018512,1.926792674966066,9.582881773898237,5.049481166178168,-2.4845912154630128,-4.103156934489277,-7.68432177333915,-5.949205591317593,-4.7065683450156826,-9.559075290973569,3512.0,2.0,4.0,4.0,4.0,4.0,4.0,4.0,4.0,4.0,4.0,4.0,4.0,4.0,4.0,4.0,100.0,,,,,,,,,,,,,,,,,,,,,,,,,,,,,,,,,,,,,,,
11783,1754692286.666684,91.90370798110962,1754692286.761359,6.0,0.0,0.0017299769638157,-0.8242247427706388,-2.8698186597907807,6.3538728869020815,27.07326748258083,-2.103563738979574,4.689068395266986,2.0225410212583483,-6.292452487749415,2.6192944539611744,4.68100578123267,-7.214183297546697,-7.584054119267421,-3.526964091875016,3503.0,2.0,4.0,4.0,4.0,4.0,4.0,4.0,4.0,4.0,4.0,4.0,4.0,4.0,4.0,4.0,100.0,,,,,,,,,,,,,,,,,,,,,,,,,,,,,,,,,,,,,,,
11784,1754692286.674487,91.91151118278503,1754692286.769262,7.0,0.0,-1.9200940867839904,16.523647379296165,-3.7283950768491536,11.67316982609151,-11.10502341104933,-3.052762371836195,0.3382110132279763,-4.529583531078458,-13.841286455836268,12.429228753196696,20.00060811562531,-4.794941368969319,-11.663091430133306,6.01439559619763,3499.0,2.0,4.0,4.0,4.0,4.0,4.0,4.0,4.0,4.0,4.0,4.0,4.0,4.0,4.0,4.0,100.0,,,,,,,,,,,,,,,,,,,,,,,,,,,,,,,,,,,,,,,
11785,1754692286.68229,91.91931414604188,1754692286.777065,8.0,0.0,-1.4157375998524344,16.394333535405224,-3.3256881137021423,8.318104474210998,-21.86869910709032,-2.539625694906533,0.4244700268023393,-2.282677573003582,-12.426941801855207,14.486854731690585,15.927019793987768,-3.931062282852906,-9.961308767747994,4.752216763304261,3586.0,2.0,4.0,4.0,4.0,4.0,4.0,4.0,4.0,4.0,4.0,4.0,4.0,4.0,4.0,4.0,100.0,0.3715165257453918,0.03643798828125,-0.56329345703125,0.73712158203125,0.2124055922031402,-0.992690920829773,0.2734416723251343,-31.10399055480957,-157.76303100585938,17.645532608032227,,,,,,,,,,,,,,,,,,,,,,,,,,,,,
11786,1754692286.690093,91.9271171092987,1754692286.784968,9.0,0.0,-0.9557163928037652,15.761526314747812,-2.8903201607939764,5.301846062238496,-25.07446915044318,-2.0383233956621325,0.4826233164886844,-0.363141162446368,-10.146164477525303,15.71476522736259,12.066951677364727,-3.095638655275593,-7.543581395181604,3.5586703882546544,3608.0,2.0,4.0,4.0,4.0,4.0,4.0,4.0,4.0,4.0,4.0,4.0,4.0,4.0,4.0,4.0,100.0,,,,,,,,,,,,,,,,,,,,,,,,,,,,,,,,,,,,,,,
11787,1754692286.697896,91.93492007255554,1754692286.792772,10.0,0.0,-0.5468017322764354,14.73455324933093,-2.441920580190072,2.660268293104764,-26.91461680786552,-1.562697684221348,0.5158015702336343,1.2259960090455024,-7.947631011234989,16.220924930505134,8.505304431016157,-2.3101912681950125,-5.336080635139069,2.459545392498967,3606.0,2.0,4.0,4.0,4.0,4.0,4.0,4.0,4.0,4.0,4.0,4.0,4.0,4.0,4.0,4.0,100.0,,,,,,,,,,,,,,,,,,,,,,,,,,,,,,,,,,,,,,,
11788,1754692286.705699,91.94272303581238,1754692286.8006752,11.0,0.0,-0.1929402330006269,13.415904139363192,-1.9970552098729968,0.4109758523004529,-27.57259083988856,-1.1233218615443548,0.5273748760992021,2.49274613752641,-8.880271519986763,16.117117879318812,5.302447956093147,-1.5908389185869964,-3.371747057412904,1.4730593570789097,3552.0,2.0,4.0,4.0,4.0,4.0,4.0,4.0,4.0,4.0,4.0,4.0,4.0,4.0,4.0,4.0,100.0,,,,,,,,,,,,,,,,,,,,,,,,,,,,,,,,,,,,,,,
11789,1754692286.713502,91.9505259990692,1754692286.808478,12.0,0.0,-0.5697111613998231,35.07166999577032,-2.656546804340337,12.746884021708524,-11.497324003245351,7.578971643379305,6.969395006828677,7.425177628955794,-7.769597533935098,8.23379957496411,-10.87526395565817,-6.062111843710113,-12.254680887990048,-4.915576935778404,3556.0,2.0,4.0,4.0,4.0,4.0,4.0,4.0,4.0,4.0,4.0,4.0,4.0,4.0,4.0,4.0,100.0,0.3682549893856048,0.02752685546875,-0.5625,0.73974609375,0.1084000915288925,-1.0424963235855105,0.1777370870113372,-29.608606338500977,-157.76303100585938,17.944610595703125,,,,,,,,,,,,,,,,,,,,,,,,,,,,,
11790,1754692286.721305,91.95832896232604,1754692286.816381,13.0,0.0,-0.5258995324937246,28.25951153653176,-2.367533469858074,7.97148547882324,-13.982189892761482,5.851720343557815,5.262175349210963,6.936176717289243,-5.550687923731232,8.423397636485959,-10.809221594657004,-4.773847172890157,-8.94952851340173,-4.832104311084834,3355.0,2.0,4.0,4.0,4.0,4.0,4.0,4.0,4.0,4.0,4.0,4.0,4.0,4.0,4.0,4.0,100.0,,,,,,,,,,,,,,,,,,,,,,,,,,,,,,,,,,,,,,,
11791,1754692286.729108,91.96613216400146,1754692286.8241842,14.0,0.0,-0.1576952251198236,22.06616605682575,-1.7407589326876405,4.1130460772446895,-15.266354174058051,4.558233282862602,4.0062478786712745,6.626871427624792,-3.233766584433397,8.622436501748325,-10.097649798648945,-3.247027618699576,-5.651748007840979,-4.298278877838129,3606.0,2.0,4.0,4.0,4.0,4.0,4.0,4.0,4.0,4.0,4.0,4.0,4.0,4.0,4.0,4.0,100.0,,,,,,,,,,,,,,,,,,,,,,,,,,,,,,,,,,,,,,,
11792,1754692286.736911,91.9739351272583,1754692286.832087,15.0,0.0,0.1383873558942241,16.251580242132036,-1.1833274712909088,0.8044492191628478,-15.849055505239107,3.3354517006308697,2.834254076339562,6.147925836820264,-1.237198247558922,8.49558256094167,-9.204878366742037,-1.899797480696293,-2.79221915248138,-3.738198198800205,3552.0,2.0,4.0,4.0,4.0,4.0,4.0,4.0,4.0,4.0,4.0,4.0,4.0,4.0,4.0,4.0,100.0,,,,,,,,,,,,,,,,,,,,,,,,,,,,,,,,,,,,,,,
11793,1754692286.744714,91.98173809051514,1754692286.8398912,16.0,0.0,0.2004324083350752,10.76824226551804,-0.8659568296574776,-2.111807152289145,-16.00132983998941,2.0444466623462745,1.6033064743128875,5.379344312509204,0.2670148812167667,7.939329683918061,-8.35667757683808,-0.9084531887642128,-0.5494932203354779,-1.7912971874538357,0.0,2.0,4.0,4.0,4.0,4.0,4.0,4.0,4.0,4.0,4.0,4.0,4.0,4.0,4.0,4.0,100.0,0.3727877736091614,0.01898193359375,-0.563232421875,0.7371826171875,-0.0371099412441253,-1.0024566650390625,0.1230487525463104,-28.86091423034668,-157.76303100585938,16.89784049987793,,,,,,,,,,,,,,,,,,,,,,,,,,,,,
11794,1754692286.752517,91.98954105377196,1754692286.847794,17.0,0.0,3.571274007400888,14.603298574839272,0.5793913764054821,-3.070503342009061,-28.60192869271262,-1.642493267362198,-6.147129934821834,-4.17777518477763,-9.114695652693657,15.815728571865264,-3.4493385337068787,3.6749062638386647,4.514538680210734,16.094489280630995,0.0,2.0,4.0,4.0,4.0,4.0,4.0,4.0,4.0,4.0,4.0,4.0,4.0,4.0,4.0,4.0,100.0,,,,,,,,,,,,,,,,,,,,,,,,,,,,,,,,,,,,,,,
11795,1754692286.76032,91.9973440170288,1754692286.855597,18.0,0.0,-5.5896465070570684,8.668552942246833,6.0315677127534855,-15.36759155303048,-53.08159944132444,-5.504092531080687,-7.941979131506969,-2.1564058133019444,-1.7322334206917276,18.63958634435835,2.192222915695538,-0.2597512649424516,7.018338908624855,16.925667754071355,0.0,2.0,4.0,4.0,4.0,4.0,4.0,4.0,4.0,4.0,4.0,4.0,4.0,4.0,4.0,4.0,100.0,,,,,,,,,,,,,,,,,,,,,,,,,,,,,,,,,,,,,,,
11796,1754692286.768123,92.00514698028564,1754692286.8633,19.0,0.0,-4.359131582675673,3.5271263331133014,4.978567513758208,-14.642709037902478,-53.86080005376471,-4.975871796517367,-6.768830816712125,-1.3330812165950192,0.2895080037242223,15.020264839060928,1.4169949115475902,0.4558878336447378,7.20419255137881,12.754369644972485,0.0,2.0,4.0,4.0,4.0,4.0,4.0,4.0,4.0,4.0,4.0,4.0,4.0,4.0,4.0,4.0,100.0,,,,,,,,,,,,,,,,,,,,,,,,,,,,,,,,,,,,,,,
11797,1754692286.775926,92.01295018196106,1754692286.8712032,20.0,0.0,-3.0366575948671084,-0.6491325659905556,4.1235225518401535,-13.400437699126712,-42.191310075214176,-4.213297883580424,-5.416267495027739,-0.4437179890039147,2.1144443253113536,11.731507951716424,0.9036172781136996,1.2012218781767956,7.277715779797802,9.0841646418192,0.0,2.0,4.0,4.0,4.0,4.0,4.0,4.0,4.0,4.0,4.0,4.0,4.0,4.0,4.0,4.0,100.0,0.3620491623878479,0.01275634765625,-0.56878662109375,0.7384033203125,-0.0004882887005805,-1.0395666360855105,0.1005874723196029,-27.66460609436035,-159.8565673828125,17.645532608032227,,,,,,,,,,,,,,,,,,,,,,,,,,,,,
11798,1754692286.783729,92.0207531452179,1754692286.879007,21.0,0.0,-1.747038766948549,-3.9649171652544055,2.566022189580167,-11.838417970485692,-31.142739096755008,-3.3486118310523807,-4.025555245661849,0.4052329703282566,3.6529477498385177,8.752840923412009,0.5555461967325073,1.8808186567758869,7.190000307563309,5.876492504581279,0.0,2.0,4.0,4.0,4.0,4.0,4.0,4.0,4.0,4.0,4.0,4.0,4.0,4.0,4.0,4.0,100.0,,,,,,,,,,,,,,,,,,,,,,,,,,,,,,,,,,,,,,,
11799,1754692286.791532,92.02855610847472,1754692286.88681,22.0,0.0,-0.2398125632581695,-6.181612609471472,2.417789749418148,-9.777321501050324,-24.69678523190362,-8.129344724821863,-4.323552996949388,1.4795842464280895,5.192495569277412,6.409675234221936,0.6402051656858703,2.7703623987762285,7.258047814574979,3.437036609370693,0.0,2.0,4.0,4.0,4.0,4.0,4.0,4.0,4.0,4.0,4.0,4.0,4.0,4.0,4.0,4.0,100.0,,,,,,,,,,,,,,,,,,,,,,,,,,,,,,,,,,,,,,,
11800,1754692286.799335,92.03635907173155,1754692286.894614,23.0,0.0,6.236218477284865,8.976163833398687,0.0125872027817877,-11.20480326499296,-15.03090701568749,-5.235729122073053,-0.5442820318719441,-0.7156274372111966,-3.5501649429254485,-0.8214898057524351,-1.310563491052335,0.6933220287467066,7.747868110987383,8.919280493694487,0.0,2.0,4.0,4.0,4.0,4.0,4.0,4.0,4.0,4.0,4.0,4.0,4.0,4.0,4.0,4.0,100.0,,,,,,,,,,,,,,,,,,,,,,,,,,,,,,,,,,,,,,,
11801,1754692286.807138,92.0441620349884,1754692286.902517,24.0,0.0,12.827492111881156,25.81930823354719,-5.875233529315892,-4.153315292409616,-0.0800113637726553,1.5580994611452752,2.598981956282614,-7.853351844579491,-13.093911091905513,-15.199209211186144,-5.234217587921876,-1.6417957558890066,13.059598947420907,19.97207681911937,0.0,2.0,4.0,4.0,4.0,4.0,4.0,4.0,4.0,4.0,4.0,4.0,4.0,4.0,4.0,4.0,100.0,0.3511875569820404,0.0068359375,-0.57550048828125,0.738525390625,-0.0239261463284492,-1.096208095550537,0.1782253831624984,-26.318761825561523,-160.1556396484375,17.495994567871094,,,,,,,,,,,,,,,,,,,,,,,,,,,,,
11802,1754692286.814941,92.05196499824524,1754692286.91032,25.0,0.0,2.986376516674284,21.00169850589924,-11.971870392831931,7.167103119444221,0.2585666330360823,1.6346806460574612,5.111994610193108,-5.727710159788273,-3.901766642743894,-16.941796791857485,-13.34764278844426,-7.529244722872988,8.433932889076061,16.048433757550413,0.0,2.0,4.0,4.0,4.0,4.0,4.0,4.0,4.0,4.0,4.0,4.0,4.0,4.0,4.0,4.0,100.0,,,,,,,,,,,,,,,,,,,,,,,,,,,,,,,,,,,,,,,
11803,1754692286.822744,92.05976796150208,1754692286.9182231,26.0,0.0,1.6958674015176598,4.375548224148076,-11.358827753203116,15.7314935308504,0.9268866163960752,1.5255454151364916,8.965107676607147,-0.096554744890966,3.2536056090506804,-18.78534955178253,-16.72558687144607,-11.839142203935864,-0.3220707681549015,12.18785678845137,0.0,2.0,4.0,4.0,4.0,4.0,4.0,4.0,4.0,4.0,4.0,4.0,4.0,4.0,4.0,4.0,100.0,,,,,,,,,,,,,,,,,,,,,,,,,,,,,,,,,,,,,,,
11804,1754692286.830547,92.06757116317748,1754692286.926026,27.0,0.0,12.67711416620429,-3.751839075708205,-2.6308711024308025,16.628687143792348,5.286413160016736,-2.9306831967769824,0.5140828306457195,-5.353353143857049,-1.3703317625081866,-25.26513901493675,-6.0520908110329685,-6.319276041027962,10.23658229061877,25.672594461155285,0.0,2.0,4.0,4.0,4.0,4.0,4.0,4.0,4.0,4.0,4.0,4.0,4.0,4.0,4.0,4.0,100.0,,,,,,,,,,,,,,,,,,,,,,,,,,,,,,,,,,,,,,,
11805,1754692286.83835,92.07537412643433,1754692286.933929,28.0,0.0,8.798914961069897,-15.300532971515564,-3.8521470815271073,7.329575908334903,7.65341470025129,-8.384556476890282,-8.952829124738344,-8.291769149250229,2.590227425884734,-28.269681479047392,2.3844377610067227,0.5708169121899687,22.7896214923224,30.766530979136007,0.0,2.0,4.0,4.0,4.0,4.0,4.0,4.0,4.0,4.0,4.0,4.0,4.0,4.0,4.0,4.0,100.0,0.3438006937503814,0.001708984375,-0.58392333984375,0.73541259765625,-0.022949568927288,-1.1069505214691162,0.2182650566101074,-26.91691398620605,-159.25840759277344,17.196918487548828,,,,,,,,,,,,,,,,,,,,,,,,,,,,,
11806,1754692286.846153,92.08317708969116,1754692286.9417331,29.0,0.0,3.788095944581528,-26.6867932811274,-6.482766301387528,0.4950852626848245,9.056749718062292,-8.778530855752706,-3.1309958278789054,-3.316128091563769,9.284360906291568,-29.83906793050073,-1.685126349787879,1.2750856452894368,11.012177407780882,13.338637294847103,0.0,2.0,4.0,4.0,4.0,4.0,4.0,4.0,4.0,4.0,4.0,4.0,4.0,4.0,4.0,4.0,100.0,,,,,,,,,,,,,,,,,,,,,,,,,,,,,,,,,,,,,,,
11807,1754692286.853956,92.090980052948,1754692286.949636,30.0,0.0,11.571543945335035,-29.895479167574337,-0.3391368934705099,1.7300282149420525,15.55013218138933,-8.773606745956982,-0.8733287847245776,-5.36387090874328,5.1540940607413575,-25.69539931970272,-3.278170652689965,0.0075387130526394,2.962846250892284,10.390915956752764,0.0,2.0,4.0,4.0,4.0,4.0,4.0,4.0,4.0,4.0,4.0,4.0,4.0,4.0,4.0,4.0,100.0,,,,,,,,,,,,,,,,,,,,,,,,,,,,,,,,,,,,,,,
11808,1754692286.861759,92.09878301620483,1754692286.9574392,31.0,0.0,9.23861043885779,-18.177555880882323,-3.437281860911412,-1.6433243347306643,36.8057521908903,-5.299452351258992,-2.710637013473047,-5.029618681313082,9.429459199288772,-16.732467868283607,0.5639649704720568,-0.9402707703553688,3.958557251453726,23.72821190619868,0.0,2.0,4.0,4.0,4.0,4.0,4.0,4.0,4.0,4.0,4.0,4.0,4.0,4.0,4.0,4.0,100.0,,,,,,,,,,,,,,,,,,,,,,,,,,,,,,,,,,,,,,,
11809,1754692286.869562,92.10658597946168,1754692286.965342,32.0,0.0,3.069617831247172,-22.03515094822359,-14.274409660246135,-4.906728841247684,46.89793591752624,-6.333196102552108,0.5800548159452887,1.4612980537415865,19.220054449789416,-14.54112566189923,0.2660441412465957,-1.3113660213595608,9.036538602010353,7.174276122978711,0.0,2.0,4.0,4.0,4.0,4.0,4.0,4.0,4.0,4.0,4.0,4.0,4.0,4.0,4.0,4.0,100.0,0.3389537334442138,-0.00323486328125,-0.59423828125,0.7293701171875,0.0297856107354164,-1.1411306858062744,0.1840848475694656,-28.113222122192383,-159.8565673828125,15.851072311401367,,,,,,,,,,,,,,,,,,,,,,,,,,,,,
11810,1754692286.877365,92.11438918113708,1754692286.973145,33.0,0.0,16.34430303945635,-31.46066674236829,-12.13653143180693,5.136627796607968,35.615038967119176,-9.07948499795168,6.130111941241808,0.1165364175948298,8.464889069539709,-17.266177283964794,-2.0847766654657107,3.452627870240008,10.088281761645137,-12.283087662579987,0.0,2.0,4.0,4.0,4.0,4.0,4.0,4.0,4.0,4.0,4.0,4.0,4.0,4.0,4.0,4.0,100.0,,,,,,,,,,,,,,,,,,,,,,,,,,,,,,,,,,,,,,,
11811,1754692286.885168,92.12219214439392,1754692286.981048,34.0,0.0,22.25337575860874,-16.287272341634093,-7.364816041358722,3.4871305841955973,30.30586398227421,2.519613956337139,11.995693199830724,-6.315970119383678,-4.013302796310313,-20.464528315468783,-7.41634283607857,2.975011233465352,8.594574385915507,0.1177587971391176,0.0,2.0,4.0,4.0,4.0,4.0,4.0,4.0,4.0,4.0,4.0,4.0,4.0,4.0,4.0,4.0,100.0,,,,,,,,,,,,,,,,,,,,,,,,,,,,,,,,,,,,,,,
11812,1754692286.892971,92.12999510765076,1754692286.988852,35.0,0.0,6.939212740125214,1.7071613413964144,-6.880276588228725,-10.008042936174633,31.51930134387252,19.35285578031429,18.031807751991465,1.845892432755619,0.6502356074916236,-15.90495823155149,-14.728032669719113,-2.736211345171768,-1.86875695864066,0.3427427702722809,0.0,2.0,4.0,4.0,4.0,4.0,4.0,4.0,4.0,4.0,4.0,4.0,4.0,4.0,4.0,4.0,100.0,,,,,,,,,,,,,,,,,,,,,,,,,,,,,,,,,,,,,,,
11813,1754692286.900774,92.1377980709076,1754692286.9967551,36.0,0.0,-3.4197836387905625,-4.413370073365826,-4.421956774062295,-14.400048219121658,12.403450234364442,17.29342866916673,15.184388478235777,10.860153198364657,20.03898492627482,3.5079872221478183,-18.22803643428128,-4.886688688712951,-9.629791479945284,-36.04591277065978,0.0,2.0,4.0,4.0,4.0,4.0,4.0,4.0,4.0,4.0,4.0,4.0,4.0,4.0,4.0,4.0,100.0,0.3365741968154907,-0.0072021484375,-0.6068115234375,0.72003173828125,-0.0815442129969596,-1.165056824684143,0.0761730372905731,-24.82337760925293,-161.50149536132812,12.71076488494873,,,,,,,,,,,,,,,,,,,,,,,,,,,,,
11814,1754692286.908577,92.14560103416444,1754692287.004558,37.0,0.0,3.270247512321589,-9.900701704576818,1.2827961744802678,-19.57866266556437,-11.119850547232431,5.892396875794134,7.747125668768717,3.200712874661008,21.347874587433694,18.05579509512848,-3.567426354064878,1.480448789416755,-1.6584741680320576,-37.86825147720754,0.0,2.0,4.0,4.0,4.0,4.0,4.0,4.0,4.0,4.0,4.0,4.0,4.0,4.0,4.0,4.0,100.0,,,,,,,,,,,,,,,,,,,,,,,,,,,,,,,,,,,,,,,
11815,1754692286.91638,92.15340399742126,1754692287.0124612,38.0,0.0,3.5616904887611724,-4.143604262423111,3.6115250745602623,-32.44727885581088,-24.70153669084894,-1.2510283895766463,3.705030734280257,-12.44389679598035,3.421839847747009,28.05401343700086,7.213931876738655,6.827411515800662,3.538443302631407,-28.20492477036205,0.0,2.0,4.0,4.0,4.0,4.0,4.0,4.0,4.0,4.0,4.0,4.0,4.0,4.0,4.0,4.0,100.0,,,,,,,,,,,,,,,,,,,,,,,,,,,,,,,,,,,,,,,
11816,1754692286.924183,92.1612069606781,1754692287.020264,39.0,0.0,-3.825316956403413,-0.8058562939334024,3.472019232934372,-28.86218874941937,-35.48158282827967,-1.8034439412952,5.23931000733478,-6.835068521919538,0.8698313156430686,34.890377117749495,11.95367684325197,3.805541132864846,5.1222940321092665,-25.634954349530062,0.0,2.0,4.0,4.0,4.0,4.0,4.0,4.0,4.0,4.0,4.0,4.0,4.0,4.0,4.0,4.0,100.0,,,,,,,,,,,,,,,,,,,,,,,,,,,,,,,,,,,,,,,
11817,1754692286.931986,92.16901016235352,1754692287.028167,40.0,0.0,-4.674225101730713,1.907196766845232,0.4037827076373332,-22.56287403672684,-37.9094751999404,1.5628646084975344,5.1464024732123335,-1.0266447057223331,2.1969240354725343,34.701710010072134,1.996766374390632,-2.36666468539022,3.605917607185006,-44.75206480841359,0.0,2.0,4.0,4.0,4.0,4.0,4.0,4.0,4.0,4.0,4.0,4.0,4.0,4.0,4.0,4.0,100.0,0.5409493446350098,-0.36956787109375,0.4788818359375,-0.5843505859375,-0.121095597743988,-1.1748225688934326,0.058106355369091,-25.571069717407227,-158.95933532714844,13.75753402709961,,,,,,,,,,,,,,,,,,,,,,,,,,,,,
11818,1754692286.939789,92.17681312561037,1754692287.03607,41.0,0.0,-6.834629802406113,1.947096408646388,2.550802464855309,-25.387217672802223,-29.473157585267387,1.7415960399581252,2.36733259890579,1.24355379214839,0.6784924699691999,30.898678721851496,3.380401768387486,-0.8257153399321453,-0.317726167289635,-38.47822817031957,0.0,2.0,4.0,4.0,4.0,4.0,4.0,4.0,4.0,4.0,4.0,4.0,4.0,4.0,4.0,4.0,100.0,,,,,,,,,,,,,,,,,,,,,,,,,,,,,,,,,,,,,,,
11819,1754692286.947592,92.1846160888672,1754692287.043874,42.0,0.0,-7.737672765911327,2.570228524712832,4.891576197318329,-16.6372614397539,-20.9372619658422,2.4886948659507766,0.6632496172363176,3.7270996665204734,0.0638388883315315,27.43944529759784,5.066574511398642,1.125071062186464,-2.900509859027068,-31.43905960802676,0.0,2.0,4.0,4.0,4.0,4.0,4.0,4.0,4.0,4.0,4.0,4.0,4.0,4.0,4.0,4.0,100.0,,,,,,,,,,,,,,,,,,,,,,,,,,,,,,,,,,,,,,,
11820,1754692286.955395,92.19241905212402,1754692287.051677,43.0,0.0,-9.27333178835903,3.712642847883615,7.376547486396191,-8.183537921834215,-13.357684777480756,3.738903024602166,-0.0429300171336421,6.366425540315902,0.2715754028794777,24.432281184167948,7.00726744228308,3.410252911645728,-9.297214940112838,-23.934772084606777,0.0,2.0,4.0,4.0,4.0,4.0,4.0,4.0,4.0,4.0,4.0,4.0,4.0,4.0,4.0,4.0,100.0,,,,,,,,,,,,,,,,,,,,,,,,,,,,,,,,,,,,,,,
11821,1754692286.963198,92.20022201538086,1754692287.05938,44.0,0.0,-15.529035127484434,6.158825947744759,10.813972371233293,0.6704654965386965,-20.035508917350484,6.276145220745917,-6.632043962583424,8.207715113099681,2.0622031399551872,22.80551802466553,3.917893419613762,2.0620283736056138,-14.515517635620512,-15.373559338343142,0.0,2.0,4.0,4.0,4.0,4.0,4.0,4.0,4.0,4.0,4.0,4.0,4.0,4.0,4.0,4.0,100.0,0.5480015873908997,-0.373779296875,0.48455810546875,-0.57025146484375,0.1010757610201835,-1.2041199207305908,0.0966811627149581,-26.91691398620605,-159.8565673828125,12.86030387878418,,,,,,,,,,,,,,,,,,,,,,,,,,,,,
11822,1754692286.971001,92.2080249786377,1754692287.0672832,45.0,0.0,-22.756586228869708,3.642072024868014,3.0836856921847016,7.330628784566727,-21.995858968959,3.3175527452759184,-16.170539508704167,7.712155215568202,3.4762884680608863,20.744255247654166,4.765858292215,0.9970674515785164,-11.445586791484343,-7.836937882698692,0.0,2.0,4.0,4.0,4.0,4.0,4.0,4.0,4.0,4.0,4.0,4.0,4.0,4.0,4.0,4.0,100.0,,,,,,,,,,,,,,,,,,,,,,,,,,,,,,,,,,,,,,,
11823,1754692286.978804,92.21582818031312,1754692287.075086,46.0,0.0,-33.89844179943293,4.719230421934753,-2.6885689832020034,11.106850190916704,-4.981475495636005,-1.2198800863434371,-17.345293188390315,5.886602696568843,-7.894197963846636,7.303515018480539,5.585587293777735,-1.4948484195051606,0.1628381348732546,-0.0828828658991369,0.0,2.0,4.0,4.0,4.0,4.0,4.0,4.0,4.0,4.0,4.0,4.0,4.0,4.0,4.0,4.0,100.0,,,,,,,,,,,,,,,,,,,,,,,,,,,,,,,,,,,,,,,
11824,1754692286.986607,92.22363114356996,1754692287.08289,47.0,0.0,-32.0337520840813,11.895777143578414,13.955237795098526,18.972544521146062,20.26724189505597,3.5933969010479245,-10.798313403163831,-0.4052285261664679,-30.06542023775916,-18.09152274368949,-2.856300904232341,-4.07314468222836,15.926590481568551,-11.311424323933863,0.0,2.0,4.0,4.0,4.0,4.0,4.0,4.0,4.0,4.0,4.0,4.0,4.0,4.0,4.0,4.0,100.0,,,,,,,,,,,,,,,,,,,,,,,,,,,,,,,,,,,,,,,
11825,1754692286.99441,92.23143410682678,1754692287.090593,48.0,0.0,-29.777975146056235,1.1197848184828558,26.908304274762884,9.481318916253656,26.99042546027016,-1.014692658273418,-13.932316003032213,6.210064677481057,-7.183402668036763,-7.0207330583317,-2.06161936746372,-4.813663648583372,4.122487799483622,3.458371437204676,0.0,2.0,4.0,4.0,4.0,4.0,4.0,4.0,4.0,4.0,4.0,4.0,4.0,4.0,4.0,4.0,100.0,0.5540792942047119,-0.37744140625,0.4871826171875,-0.55963134765625,0.0820325016975402,-1.3437705039978027,0.1284199357032776,-26.16922187805176,-159.5574951171875,12.112611770629885,,,,,,,,,,,,,,,,,,,,,,,,,,,,,
11826,1754692287.002213,92.23923707008362,1754692287.098496,49.0,0.0,-41.05388495944379,-14.64019054509498,21.90718781530705,-7.8480728860333215,27.289381580113343,-14.10589911556525,-22.30127368353459,13.788288624398604,10.593646666761115,8.564558247549769,9.662445238776684,0.0579670632958482,-18.06684832839749,7.715545330310135,0.0,2.0,4.0,4.0,4.0,4.0,4.0,4.0,4.0,4.0,4.0,4.0,4.0,4.0,4.0,4.0,100.0,,,,,,,,,,,,,,,,,,,,,,,,,,,,,,,,,,,,,,,
11827,1754692287.010016,92.24704003334044,1754692287.1062992,50.0,0.0,-31.904174109844945,-8.682896870180258,16.87322617224615,-4.726333766211184,41.10618343691701,-12.46991705516396,-18.994098883921225,10.278647153867468,7.010263667962107,4.16738953177034,7.114143606343959,-0.1826012943647867,-11.629650510880111,6.929685635559935,0.0,2.0,4.0,4.0,4.0,4.0,4.0,4.0,4.0,4.0,4.0,4.0,4.0,4.0,4.0,4.0,100.0,,,,,,,,,,,,,,,,,,,,,,,,,,,,,,,,,,,,,,,
11828,1754692287.017819,92.25484299659728,1754692287.114102,51.0,0.0,-35.05344904763496,5.341386985849397,8.759234324172041,3.9616329895937374,45.8767863658789,-15.195203329734513,-22.198587253004632,3.2155504497589504,8.972815296507918,-11.280108934678251,-6.903011569936723,-12.067499541267068,23.616182377670214,42.47290282763089,0.0,2.0,4.0,4.0,4.0,4.0,4.0,4.0,4.0,4.0,4.0,4.0,4.0,4.0,4.0,4.0,100.0,,,,,,,,,,,0.0,1.0,72.77894592285156,1.0,84.94688415527344,1.0,65.46822357177734,0.0,72.42852783203125,0.0,68.3456802368164,0.0,69.47323608398438,0.0,73.9761734008789,1.0,75.21959686279297,1.0,83.45500946044922,1.0,106.20404052734376,1.0,82.98887634277344,1.0,72.69694519042969,1.0,96.2458724975586,1.0,96.99706268310548
11829,1754692287.025622,92.26264595985413,1754692287.121806,52.0,0.0,-28.119020171564728,19.026892168188795,6.394607264834292,-1.8610486601108391,40.443962499942415,-16.39029769778591,-18.09233491715878,12.937018437645008,14.997063128553409,-23.174181492933087,-6.091225459577629,-13.877935094832822,3.8918180812744936,67.7307793071447,0.0,2.0,4.0,4.0,4.0,4.0,4.0,4.0,4.0,4.0,4.0,4.0,4.0,4.0,4.0,4.0,100.0,0.5539352893829346,-0.3822021484375,0.486572265625,-0.55706787109375,0.1455100327730178,-1.1904478073120115,0.1884794384241104,-25.87014579772949,-160.4547119140625,11.963072776794434,,,,,,,,,,,,,,,,,,,,,,,,,,,,,
11830,1754692287.033425,92.27044916152954,1754692287.129709,53.0,0.0,-19.518666324418803,22.490491355760867,3.2504610471893898,1.0937752007754966,31.01088108310995,-6.079313068170734,-4.70424822546039,7.451610198092283,8.365980411752105,-22.279519488009385,-6.947616380820193,-12.100692886007266,-2.430649183357957,51.29671081352143,0.0,2.0,4.0,4.0,4.0,4.0,4.0,4.0,4.0,4.0,4.0,4.0,4.0,4.0,4.0,4.0,100.0,,,,,,,,,,,,,,,,,,,,,,,,,,,,,,,,,,,,,,,
11831,1754692287.041228,92.27825212478638,1754692287.137512,54.0,0.0,-10.174988886734582,16.459952343828036,-0.1694657242926496,3.0810875870863583,29.38137087598011,-1.434809741034087,-0.2533098072256052,4.345844102284218,4.2896972566811655,-19.193149057291294,-5.786742231389553,-8.607580050711249,-4.072301442109847,37.78670731616489,0.0,2.0,4.0,4.0,4.0,4.0,4.0,4.0,4.0,4.0,4.0,4.0,4.0,4.0,4.0,4.0,100.0,,,,,,,,,,,,,,,,,,,,,,,,,,,,,,,,,,,,,,,
11832,1754692287.049031,92.2860550880432,1754692287.145415,55.0,0.0,-8.00429441984295,4.509635058860226,-8.201104938203002,-1.213863503256448,33.0341523358544,-6.1974153538971,-3.042394995988502,3.035405999471664,19.11403215285611,-17.243343885239824,-10.49044885669889,-11.301196245426468,26.93679047576336,53.38154246267925,0.0,2.0,4.0,4.0,4.0,4.0,4.0,4.0,4.0,4.0,4.0,4.0,4.0,4.0,4.0,4.0,100.0,,,,,,,,,,,,,,,,,,,,,,,,,,,,,,,,,,,,,,,
11833,1754692287.056834,92.29385805130003,1754692287.153218,56.0,0.0,-0.9480956043935294,-0.4557887883452167,-4.373868822726308,0.3151706900521276,22.04312297742399,-4.905177344549429,-1.463073031064141,-0.3516373277093407,12.182470228735838,-14.72548989068082,-8.084039994003888,-5.665374306473495,19.529570304759773,49.29527394569732,0.0,2.0,4.0,4.0,4.0,4.0,4.0,4.0,4.0,4.0,4.0,4.0,4.0,4.0,4.0,4.0,100.0,0.5473669767379761,-0.39080810546875,0.482666015625,-0.56097412109375,0.0888685435056686,-1.0825361013412476,0.1767605096101761,-26.318761825561523,-159.40794372558594,10.916304588317873,,,,,,,,,,,,,,,,,,,,,,,,,,,,,
11834,1754692287.064637,92.30166101455688,1754692287.1611211,57.0,0.0,5.245444015382248,-4.174216282806071,-6.510683003096062,1.929486694886976,11.727397571478209,-3.3301729450060407,0.2411281178299873,-2.771802870642375,5.828944355396118,-11.83279950482273,-6.420893540578334,-2.9688110850408407,15.31800731964637,31.1965454753302,0.0,2.0,4.0,4.0,4.0,4.0,4.0,4.0,4.0,4.0,4.0,4.0,4.0,4.0,4.0,4.0,100.0,,,,,,,,,,,,,,,,,,,,,,,,,,,,,,,,,,,,,,,
11835,1754692287.07244,92.30946397781372,1754692287.1690252,58.0,0.0,10.288388587870116,-6.992212630608179,-7.949986701556469,7.138442703686081,2.9805252140677965,-1.816433734712888,1.7500429835759803,-4.563303781501787,0.5288334019520278,-8.9675130083655,-4.736600385581284,-0.5425707472235501,6.399507049423704,15.423124423842268,0.0,2.0,4.0,4.0,4.0,4.0,4.0,4.0,4.0,4.0,4.0,4.0,4.0,4.0,4.0,4.0,100.0,,,,,,,,,,,,,,,,,,,,,,,,,,,,,,,,,,,,,,,
11836,1754692287.080243,92.31726717948914,1754692287.176828,59.0,0.0,15.187121343153647,-8.016848903075243,-7.806733916890607,8.463113273616727,-3.2344844316726267,0.5616312307593034,4.013161324598059,-4.817698007738727,-2.773119641170979,-5.2530115544877845,-2.125593846346419,20.92237106100401,-0.0870099020453381,20.06111708255594,0.0,2.0,4.0,4.0,4.0,4.0,4.0,4.0,4.0,4.0,4.0,4.0,4.0,4.0,4.0,4.0,100.0,,,,,,,,,,,,,,,,,,,,,,,,,,,,,,,,,,,,,,,
11837,1754692287.088046,92.32507014274596,1754692287.184731,60.0,0.0,13.405895545841132,-13.938830079810202,-7.403261888944769,3.9636936876339055,-9.548088647840077,5.737895825123189,0.4193578768470729,-5.765885028281161,-5.15693162047927,-7.363401192101435,-5.240625094583436,62.526809154515206,21.74620432911894,14.91305717178858,0.0,2.0,4.0,4.0,4.0,4.0,4.0,4.0,4.0,4.0,4.0,4.0,4.0,4.0,4.0,4.0,100.0,0.5278822183609009,-0.3988037109375,0.48370361328125,-0.572998046875,0.1284199357032776,-1.0005035400390625,0.1142595559358596,-27.51506805419922,-158.66026306152344,12.262149810791016,,,,,,,,,,,,,,,,,,,,,,,,,,,,,
11838,1754692287.095849,92.3328731060028,1754692287.192534,61.0,0.0,6.087565245915982,-23.79948384156279,-17.115866645520157,2.9765633349454106,-15.632960097051466,7.690172985957531,-4.157055087593847,-8.38416150351378,8.781251303318356,-6.038316799460802,1.7999338937917742,63.53708774161686,49.26405711315914,0.0252979299577305,0.0,2.0,4.0,4.0,4.0,4.0,4.0,4.0,4.0,4.0,4.0,4.0,4.0,4.0,4.0,4.0,100.0,,,,,,,,,,,,,,,,,,,,,,,,,,,,,,,,,,,,,,,
11839,1754692287.103652,92.34067606925964,1754692287.200437,62.0,0.0,12.143566659975306,-29.41924069469649,-7.751480207080647,1.0327342052303834,-23.149106103386828,6.559570071056726,-4.18997544218945,-19.268263770464443,-7.399406748335139,-10.86459380713967,34.05160732457881,59.44431358932826,15.17967199354672,10.46958526848249,0.0,2.0,4.0,4.0,4.0,4.0,4.0,4.0,4.0,4.0,4.0,4.0,4.0,4.0,4.0,4.0,100.0,,,,,,,,,,,,,,,,,,,,,,,,,,,,,,,,,,,,,,,
11840,1754692287.111455,92.34847903251648,1754692287.20824,63.0,0.0,22.72715110047636,-27.74556708761804,6.597934515962947,-0.1785736794878403,-19.926380809801344,19.664375801390065,11.401038593284625,-7.277303648212296,-21.20213489930086,-19.14140395581637,10.05529447087963,61.205283858825965,-14.505836908052174,13.04885061144148,0.0,2.0,4.0,4.0,4.0,4.0,4.0,4.0,4.0,4.0,4.0,4.0,4.0,4.0,4.0,4.0,100.0,,,,,,,,,,,,,,,,,,,,,,,,,,,,,,,,,,,,,,,
11841,1754692287.119258,92.35628199577332,1754692287.2161431,64.0,0.0,16.851670562586406,-18.086275596132708,-4.132426197408876,-1.08575072367168,-20.282009359325656,29.99877998429045,28.27890576788585,12.18475966377153,-1.1504610803364983,-22.48547775811513,-12.206863000366155,23.826148706901023,7.625346371557981,-19.34150702667577,3342.0,2.0,4.0,4.0,4.0,4.0,4.0,4.0,4.0,4.0,4.0,4.0,4.0,4.0,4.0,4.0,100.0,0.5122007727622986,-0.40673828125,0.48236083984375,-0.58270263671875,0.2910200655460357,-1.1167162656784058,0.0952162966132164,-28.86091423034668,-158.80979919433594,10.617227554321287,,,,,,,,,,,,,,,,,,,,,,,,,,,,,
11842,1754692287.127061,92.36408495903017,1754692287.223947,65.0,0.0,14.753997678694788,-7.327874085380671,-11.417705383343645,4.890380123049937,-45.45852783077996,18.93406459021483,17.700022161703174,-0.610391380005666,2.7594803693282586,-18.570295271421827,13.188219830501597,-7.925374359800088,6.443264885650279,-25.384553919034232,3518.0,2.0,4.0,4.0,4.0,4.0,4.0,4.0,4.0,4.0,4.0,4.0,4.0,4.0,4.0,4.0,100.0,,,,,,,,,,,,,,,,,,,,,,,,,,,,,,,,,,,,,,,
11843,1754692287.134864,92.37188816070557,1754692287.23185,66.0,0.0,26.946793528401173,-0.1700304545737196,5.07985108931976,13.932285093325078,-62.21223676898748,13.291306285831212,3.930244113535224,-13.66286502744228,-17.506585226930696,-7.188438749328583,36.17913625557381,4.641814963335179,-13.401477906178656,-6.1832693419404166,3503.0,2.0,4.0,4.0,4.0,4.0,4.0,4.0,4.0,4.0,4.0,4.0,4.0,4.0,4.0,4.0,100.0,,,,,,,,,,,,,,,,,,,,,,,,,,,,,,,,,,,,,,,
11844,1754692287.142667,92.3796911239624,1754692287.239653,67.0,0.0,20.830332569738403,-8.53959653632728,6.295934208109884,1.7227759192519445,-55.1415992601751,18.22365783101532,10.94059779594545,1.617527833848726,-13.612496512916096,11.677600520915348,-5.840950111903112,-5.722713341504459,-6.421245782718415,-2.591926521030018,3603.0,2.0,4.0,4.0,4.0,4.0,4.0,4.0,4.0,4.0,4.0,4.0,4.0,4.0,4.0,4.0,100.0,,,,,,,,,,,,,,,,,,,,,,,,,,,,,,,,,,,,,,,
11845,1754692287.15047,92.38749408721924,1754692287.247556,68.0,0.0,16.89441897695656,-16.18748686322101,1.7311024434104638,-3.822729180863689,-37.34588635773048,18.81506160427648,15.024203438373434,7.328386717115109,-6.977941616428552,20.01599032737863,0.3425349756819287,-6.322163270482861,-7.303393506805833,-28.56138335915261,3620.0,2.0,4.0,4.0,4.0,4.0,4.0,4.0,4.0,4.0,4.0,4.0,4.0,4.0,4.0,4.0,100.0,0.4995580911636352,-0.414306640625,0.48406982421875,-0.5869140625,0.1064469367265701,-1.292011857032776,0.0903334096074104,-30.95445251464844,-158.66026306152344,11.215380668640137,,,,,,,,,,,,,,,,,,,,,,,,,,,,,
11846,1754692287.158273,92.39529705047607,1754692287.2553592,69.0,0.0,17.00704929369516,-12.920514224997136,2.9422772466290894,0.1750840006647536,-25.472791688673222,14.744649031452298,13.950092574115786,7.83531034866877,-5.2547816037172765,22.27854242773759,1.4603995353617734,-9.333217411897806,-11.77516468982509,-51.94874890765101,3523.0,2.0,4.0,4.0,4.0,4.0,4.0,4.0,4.0,4.0,4.0,4.0,4.0,4.0,4.0,4.0,100.0,,,,,,,,,,,,,,,,,,,,,,,,,,,,,,,,,,,,,,,
11847,1754692287.166076,92.40310001373292,1754692287.263262,70.0,0.0,15.636590156497164,-6.929062478679612,2.9213546303429894,2.5454052265462224,-15.815501797437378,10.002775138432185,11.701214320568738,7.079167488640792,-4.592649499548429,22.50478594596359,1.4095812080830683,-12.436571713817216,-16.02341070649925,-69.74362277221564,3507.0,2.0,4.0,4.0,4.0,4.0,4.0,4.0,4.0,4.0,4.0,4.0,4.0,4.0,4.0,4.0,100.0,,,,,,,,,,,,,,,,,,,,,,,,,,,,,,,,,,,,,,,
11848,1754692287.173879,92.41090297698976,1754692287.2710662,71.0,0.0,13.072489880706884,-2.722889821535034,1.8704042248421613,3.4843288693448926,-8.305377286388364,4.8422812690867545,8.540318964977189,5.290891212457439,-4.8415030494449525,21.031419353703143,0.3818645816371031,-15.534095722723292,-19.969555996194856,-73.92230489303864,3517.0,2.0,4.0,4.0,4.0,4.0,4.0,4.0,4.0,4.0,4.0,4.0,4.0,4.0,4.0,4.0,100.0,,,,,,,,,,,,,,,,,,,,,,,,,,,,,,,,,,,,,,,
11849,1754692287.181682,92.41870617866516,1754692287.278969,72.0,0.0,10.199839493919171,0.4726573580624063,0.5974177323564618,3.807691667183008,-2.2086963811975693,0.0934954622794066,5.321575495651814,3.3022896845377545,-5.239944848845425,18.798499569666543,-0.8249106743760422,-17.936256580042937,-22.94957788651118,-64.10822662703004,3621.0,2.0,4.0,4.0,4.0,4.0,4.0,4.0,4.0,4.0,4.0,4.0,4.0,4.0,4.0,4.0,100.0,0.498620331287384,-0.41754150390625,0.48828125,-0.5819091796875,0.2016632407903671,-1.164568543434143,0.0898451209068298,-30.20676040649414,-157.61349487304688,8.972305297851562,,,,,,,,,,,,,,,,,,,,,,,,,,,,,
11850,1754692287.189485,92.426509141922,1754692287.286772,73.0,0.0,7.409322584205569,8.141255213784774,-6.560702461282432,9.020495064108983,7.937345071663771,1.2406807618079654,5.602266549106247,4.347351548708815,-0.3425830757561527,16.669105983924823,-28.530116905653045,-32.039626114770414,-19.633680978453786,-59.46803811892519,3644.0,2.0,4.0,4.0,4.0,4.0,4.0,4.0,4.0,4.0,4.0,4.0,4.0,4.0,4.0,4.0,100.0,,,,,,,,,,,,,,,,,,,,,,,,,,,,,,,,,,,,,,,
11851,1754692287.197288,92.43431210517883,1754692287.294675,74.0,0.0,-1.2971680796387943,18.336232798312523,-16.766657498218336,19.7609495076288,16.672148511173674,-10.32808333357272,-2.3765618092772627,16.75147428150356,13.42061983837155,24.00232603595421,-41.11118093184925,-46.73557621261645,-16.075771910341672,-33.50958954445079,3585.0,2.0,4.0,4.0,4.0,4.0,4.0,4.0,4.0,4.0,4.0,4.0,4.0,4.0,4.0,4.0,100.0,,,,,,,,,,,,,,,,,,,,,,,,,,,,,,,,,,,,,,,
11852,1754692287.205091,92.44211506843568,1754692287.302478,75.0,0.0,3.059947669602764,39.57812707799695,-11.294568577093004,45.85941254876644,8.898303068692996,-20.84124108343002,-12.664108541390933,6.830746460658986,0.8023620376496297,10.604279657518704,-28.76756282600689,-42.14639170020172,-6.236961775639145,13.70906629818029,3517.0,2.0,4.0,4.0,4.0,4.0,4.0,4.0,4.0,4.0,4.0,4.0,4.0,4.0,4.0,4.0,100.0,,,,,,,,,,,,,,,,,,,,,,,,,,,,,,,,,,,,,,,
11853,1754692287.212894,92.4499180316925,1754692287.3103812,76.0,0.0,-1.879753512101729,30.64240507414649,-12.38468700850956,50.95333225201955,7.727975048462554,-23.32177267911277,-15.21668743732755,0.3444097601371823,-4.0973342389830805,4.746977274938104,-24.8872884616527,-38.64442246369265,20.75910011338408,57.63184843048555,3617.0,2.0,4.0,4.0,4.0,4.0,4.0,4.0,4.0,4.0,4.0,4.0,4.0,4.0,4.0,4.0,100.0,0.3507699072360992,0.02606201171875,-0.64776611328125,0.67578125,0.2255893796682357,-1.230975866317749,0.0791027694940567,-30.35629844665528,-157.76303100585938,7.327382087707519,,,,,,,,,,,,,,,,,,,,,,,,,,,,,
11854,1754692287.220697,92.45772099494934,1754692287.318184,77.0,0.0,-1.7775507065704232,25.695291052027983,-8.78256565469303,39.67826005588347,10.626551367718434,-20.515837925880646,-12.725429410537458,-0.8983944503353314,-3.892066115100647,3.8787741375184623,-16.798228156346454,-30.42754474585047,13.570680831999994,96.04453396434644,3350.0,2.0,4.0,4.0,4.0,4.0,4.0,4.0,4.0,4.0,4.0,4.0,4.0,4.0,4.0,4.0,100.0,,,,,,,,,,,,,,,,,,,,,,,,,,,,,,,,,,,,,,,
11855,1754692287.2285,92.46552395820618,1754692287.3260882,78.0,0.0,-4.298075922215162,18.554792402645376,-8.098760820141365,58.07627600085823,15.587447698689516,-25.688723869172577,-18.402628013982053,-5.484318903028566,-0.686349518251177,28.24807771648045,-13.820046208502504,-23.39893502969619,-1.7546887291961184,116.46280435832192,3585.0,2.0,4.0,4.0,4.0,4.0,4.0,4.0,4.0,4.0,4.0,4.0,4.0,4.0,4.0,4.0,100.0,,,,,,,,,,,,,,,,,,,,,,,,,,,,,,,,,,,,,,,
11856,1754692287.236303,92.4733271598816,1754692287.3338912,79.0,0.0,9.361210605531111,32.63676735718943,2.122150709465558,60.75286822770474,18.25342203706711,-50.18065521605743,-27.434812957873447,-12.896134626199938,-8.548268557178318,-1.1138537175216072,-19.285079887326475,-19.960566568881887,12.106553436162557,107.68162703425102,3517.0,2.0,4.0,4.0,4.0,4.0,4.0,4.0,4.0,4.0,4.0,4.0,4.0,4.0,4.0,4.0,100.0,,,,,,,,,,,,,,,,,,,,,,,,,,,,,,,,,,,,,,,
11857,1754692287.244106,92.48113012313844,1754692287.341794,80.0,0.0,8.233904469539766,19.963496387227,-1.0895678272497662,53.60923959424713,19.979538173229,-31.979387725258448,-17.67368689393402,-11.351051927237904,-0.8003939075740618,-13.671524844340864,-16.967760200157272,-18.965481787673298,15.682897849793108,88.67777655358736,3617.0,2.0,4.0,4.0,4.0,4.0,4.0,4.0,4.0,4.0,4.0,4.0,4.0,4.0,4.0,4.0,100.0,0.3470947444438934,0.03265380859375,-0.6541748046875,0.67120361328125,0.2265659570693969,-1.150408148765564,0.0898451209068298,-30.95445251464844,-155.0713348388672,7.177844047546387,,,,,,,,,,,,,,,,,,,,,,,,,,,,,
11858,1754692287.251909,92.48893308639526,1754692287.349597,81.0,0.0,6.548632622555289,3.135444174988862,-1.4079759945441026,34.8040067707,21.507862610237027,-20.71619463899308,-9.47185325420898,-6.706454757095088,2.1102896343125224,-8.998258134090719,-5.315475719338082,-8.439117946917776,10.074657986038376,34.41791815544619,3350.0,2.0,4.0,4.0,4.0,4.0,4.0,4.0,4.0,4.0,4.0,4.0,4.0,4.0,4.0,4.0,100.0,,,,,,,,,,,,,,,,,,,,,,,,,,,,,,,,,,,,,,,
11859,1754692287.259712,92.4967360496521,1754692287.3575,82.0,0.0,5.46405086264113,0.740830964262301,1.670822019526355,19.46621474300256,20.11462686393261,-12.758786016187145,-4.388563539102137,-4.640548578078864,2.470533898095169,-6.838891079837225,2.4719748728352045,-1.4770500090195071,3.1520003714814777,-17.421211415287047,3585.0,2.0,4.0,4.0,4.0,4.0,4.0,4.0,4.0,4.0,4.0,4.0,4.0,4.0,4.0,4.0,100.0,,,,,,,,,,,,,,,,,,,,,,,,,,,,,,,,,,,,,,,
11860,1754692287.267515,92.50453901290894,1754692287.365303,83.0,0.0,4.6613965932814665,2.205597550338468,-1.4715547502415518,12.280695634154114,12.39830355201994,5.915036974153651,3.7078643846415673,-9.65426157796182,-9.53971110438087,-16.25129670486021,6.1717063167833714,-4.2129627907876,-1.2656668570051297,-63.286846950048215,3517.0,2.0,4.0,4.0,4.0,4.0,4.0,4.0,4.0,4.0,4.0,4.0,4.0,4.0,4.0,4.0,100.0,,,,,,,,,,,,,,,,,,,,,,,,,,,,,,,,,,,,,,,
11861,1754692287.275318,92.51234197616576,1754692287.373206,84.0,0.0,-1.1764316608468448,-6.544425296846328,3.346755154629648,-1.4164634133416598,0.1102059903810754,31.443069053972124,18.02390703327052,-6.013037272137296,0.1114744813212951,-2.2921886394910302,13.795677897308051,-9.811432061534958,7.329685359484813,-88.66399237089257,3617.0,2.0,4.0,4.0,4.0,4.0,4.0,4.0,4.0,4.0,4.0,4.0,4.0,4.0,4.0,4.0,100.0,0.3418345749378204,0.03765869140625,-0.6611328125,0.66680908203125,0.2285191118717193,-1.2954299449920654,0.0654306858777999,-32.7489128112793,-155.96856689453125,7.775997638702393,,,,,,,,,,,,,,,,,,,,,,,,,,,,,
11862,1754692287.283121,92.5201451778412,1754692287.3811102,85.0,0.0,0.0352646212118088,-5.911403291923307,6.677458794839367,-10.061335061682255,-21.988748100817247,18.40313101809943,18.898521847369462,-2.217500841502442,2.257979880818312,-1.6904954812102917,18.689497708561703,-0.9023659219815272,1.7510622397480802,-106.94439824496568,3350.0,2.0,4.0,4.0,4.0,4.0,4.0,4.0,4.0,4.0,4.0,4.0,4.0,4.0,4.0,4.0,100.0,,,,,,,,,,,,,,,,,,,,,,,,,,,,,,,,,,,,,,,
11863,1754692287.290924,92.52794814109802,1754692287.3889132,86.0,0.0,2.397483891894808,-3.840896592442732,10.570389070962392,-15.479041145721569,-22.93145042250171,-3.728362924788144,16.771185465164308,2.3406222413709656,-0.8752929526040134,-2.567466703851551,23.48627818328987,7.822834205105664,-1.548921164684998,-113.29931642038082,3585.0,2.0,4.0,4.0,4.0,4.0,4.0,4.0,4.0,4.0,4.0,4.0,4.0,4.0,4.0,4.0,100.0,,,,,,,,,,,,,,,,,,,,,,,,,,,,,,,,,,,,,,,
11864,1754692287.298727,92.53575110435486,1754692287.396716,87.0,0.0,-2.4976985576523987,-4.137090043284076,4.608253802455096,-14.016871222719743,-4.758091516226756,6.101485355989865,12.784192352312717,1.110444562303968,-11.840752413738898,18.001192033117462,18.27001773286733,2.00276297795412,-2.430066581539819,-106.51614033075444,3517.0,2.0,4.0,4.0,4.0,4.0,4.0,4.0,4.0,4.0,4.0,4.0,4.0,4.0,4.0,4.0,100.0,,,,,,,,,,,,,,,,,,,,,,,,,,,,,,,,,,,,,,,
11865,1754692287.30653,92.5435540676117,1754692287.4044192,88.0,0.0,-2.7833335462509297,-3.894288878123831,3.1142802749432974,-6.114798696806616,-5.398203063808893,17.657145688097074,14.309238046846616,2.381892563430114,1.5508718520000857,33.263027843009326,-0.2851293726515962,-6.310285357363597,5.313910170461753,-110.50836794975558,3617.0,2.0,4.0,4.0,4.0,4.0,4.0,4.0,4.0,4.0,4.0,4.0,4.0,4.0,4.0,4.0,100.0,0.3403207957744598,0.04437255859375,-0.66656494140625,0.6617431640625,0.3242236971855163,-1.235858678817749,0.020508125424385,-32.7489128112793,-154.9217987060547,5.981536388397217,,,,,,,,,,,,,,,,,,,,,,,,,,,,,
11866,1754692287.314333,92.55135703086852,1754692287.412322,89.0,0.0,-3.655511297825029,-5.643038630260122,3.2263980929231764,-14.897012119063817,-2.5558767676394893,15.553529585038945,11.3904756454061,2.1088960263358274,1.2647578001650288,25.96697500525065,2.7231897759037054,-0.5654847353663683,-2.546368894496851,-85.81953210760926,3350.0,2.0,4.0,4.0,4.0,4.0,4.0,4.0,4.0,4.0,4.0,4.0,4.0,4.0,4.0,4.0,100.0,,,,,,,,,,,,,,,,,,,,,,,,,,,,,,,,,,,,,,,
11867,1754692287.322136,92.55915999412537,1754692287.420126,90.0,0.0,-4.75787254542081,-7.408087481447524,2.7134421207634887,-22.141138018465767,-0.6366426431194441,12.825612153572932,8.126549354654003,1.3145171811621594,0.4877782226368481,18.63243409315112,4.6088369186487625,3.678028226776519,-9.45429724025405,-63.28018516892905,3585.0,2.0,4.0,4.0,4.0,4.0,4.0,4.0,4.0,4.0,4.0,4.0,4.0,4.0,4.0,4.0,100.0,,,,,,,,,,,,,,,,,,,,,,,,,,,,,,,,,,,,,,,
11868,1754692287.329939,92.5669629573822,1754692287.4279292,91.0,0.0,-11.972794418082742,-19.114702096814256,-3.223667437081133,-23.93692648927896,10.505064553131376,18.887725851930952,13.38314477519765,4.584664893712613,6.070833886918933,18.85829029668679,21.850822539628496,-0.232544156982442,-32.05348356537144,-67.66295342624704,3517.0,2.0,4.0,4.0,4.0,4.0,4.0,4.0,4.0,4.0,4.0,4.0,4.0,4.0,4.0,4.0,100.0,,,,,,,,,,,,,,,,,,,,,,,,,,,,,,,,,,,,,,,
11869,1754692287.337741,92.57476496696472,1754692287.435632,92.0,0.0,-6.380846832296982,-23.603013698556595,1.6949323574270352,-26.090997354910257,19.027484179047235,36.27974915831584,28.01878143377627,6.300625226921795,-4.911541989838213,2.43746310297621,18.100134330805588,6.362247502561161,-33.753257986251526,-49.30157330046103,3617.0,2.0,4.0,4.0,4.0,4.0,4.0,4.0,4.0,4.0,4.0,4.0,4.0,4.0,4.0,4.0,100.0,0.339733213186264,0.051513671875,-0.672119140625,0.6558837890625,0.2148470282554626,-1.3432822227478027,-0.0107423514127731,-33.496604919433594,-154.47317504882812,5.23384428024292,,,,,,,,,,,,,,,,,,,,,,,,,,,,,
11870,1754692287.345545,92.58256912231444,1754692287.443535,93.0,0.0,0.2269153374636516,-31.869684281861737,-6.652535405715753,-29.14341269193983,15.574326065497644,39.05786504481512,26.83234465713622,7.353462494663745,-11.059189317086748,5.823196150165131,17.788407984317473,10.189497519751058,-21.45567284473873,-35.57388320780365,3350.0,2.0,4.0,4.0,4.0,4.0,4.0,4.0,4.0,4.0,4.0,4.0,4.0,4.0,4.0,4.0,100.0,,,,,,,,,,,,,,,,,,,,,,,,,,,,,,,,,,,,,,,
11871,1754692287.353348,92.59037208557127,1754692287.451338,94.0,0.0,5.090016523205094,-31.726410215566403,-39.7898436950077,-25.40192774104028,8.057304103638188,6.086020246267225,1.8287154177291711,9.481267496828394,2.557897422974719,12.49750584226237,26.92702130641962,15.647072645850102,-13.20374826322066,-19.89747294742213,3585.0,2.0,4.0,4.0,4.0,4.0,4.0,4.0,4.0,4.0,4.0,4.0,4.0,4.0,4.0,4.0,100.0,,,,,,,,,,,,,,,,,,,,,,,,,,,,,,,,,,,,,,,
11872,1754692287.361151,92.59817504882812,1754692287.459142,95.0,0.0,9.630620024660288,-17.309169943952043,-25.96662883112424,-17.088316545906423,12.331146931814033,-13.724387043787033,-10.66792101265139,4.920390989091516,7.155871781789642,19.63058773024284,27.063153408529047,21.992738599252675,-18.11390127639004,7.442594874989368,3517.0,2.0,4.0,4.0,4.0,4.0,4.0,4.0,4.0,4.0,4.0,4.0,4.0,4.0,4.0,4.0,100.0,,,,,,,,,,,,,,,,,,,,,,,,,,,,,,,,,,,,,,,
11873,1754692287.368954,92.60597801208496,1754692287.466845,96.0,0.0,3.351487064447383,-18.016234366959225,17.608797467343493,-22.9142405444029,19.373730706476863,-5.852117345389843,-11.325074391096903,-5.19022444145935,-6.327686154207868,3.0839039047448296,9.274089049420354,12.985622313541398,-29.96570859472331,21.228731178747463,3617.0,2.0,4.0,4.0,4.0,4.0,4.0,4.0,4.0,4.0,4.0,4.0,4.0,4.0,4.0,4.0,100.0,0.3386614620685577,0.0614013671875,-0.677734375,0.6497802734375,0.2358434498310089,-1.308125376701355,-0.0351567864418029,-33.496604919433594,-153.87503051757812,4.187075614929199,,,,,,,,,,,,,,,,,,,,,,,,,,,,,
11874,1754692287.376757,92.6137809753418,1754692287.474748,97.0,0.0,3.4811817602481483,-18.0984735903225,5.553254172672553,-20.741473634977808,19.21934768454281,-1.6325629671227375,-13.121720580368162,-2.8848403108176512,-9.031106021357516,4.575998019251131,13.059795927494235,13.45478945674273,-37.82134564875349,33.68385635698456,3350.0,2.0,4.0,4.0,4.0,4.0,4.0,4.0,4.0,4.0,4.0,4.0,4.0,4.0,4.0,4.0,100.0,,,,,,,,,,,,,,,,,,,,,,,,,,,,,,,,,,,,,,,
11875,1754692287.38456,92.6215841770172,1754692287.482651,98.0,0.0,4.65636101370859,-11.254832066028088,39.88909216520227,-12.149749727264918,-0.5727037556744676,-17.680662349285797,-21.77729893011025,-5.2928116849307685,0.4303233853015058,13.646859580292984,10.536553254595162,13.662179414558466,-41.09750777213805,42.90181742164162,3585.0,2.0,4.0,4.0,4.0,4.0,4.0,4.0,4.0,4.0,4.0,4.0,4.0,4.0,4.0,4.0,100.0,,,,,,,,,,,,,,,,,,,,,,,,,,,,,,,,,,,,,,,
11876,1754692287.392362,92.62938618659972,1754692287.490454,99.0,0.0,2.275488304254395,-3.412358704673806,81.11742515903188,-6.336843028551357,-2.5937130546831213,-17.214364552440202,-20.15421128389289,-5.765949065366385,-0.0574658077875938,9.935690566716858,5.955150790091011,11.952807728509924,-34.14565920155337,46.435453146174495,3517.0,2.0,4.0,4.0,4.0,4.0,4.0,4.0,4.0,4.0,4.0,4.0,4.0,4.0,4.0,4.0,100.0,,,,,,,,,,,,,,,,,,,,,,,,,,,,,,,,,,,,,,,
11877,1754692287.400166,92.63719010353088,1754692287.4982572,100.0,0.0,-0.37650436749567,-0.1601008733532012,112.45945356260025,-1.8597466440523365,0.8835532243206785,-3.382074902066904,-16.733236870874805,-5.974711337500537,-0.4584549314185437,1.6055591254090018,3.747769368656975,10.16472650314114,-27.36135916052507,47.86251789758268,3617.0,2.0,4.0,4.0,4.0,4.0,4.0,4.0,4.0,4.0,4.0,4.0,4.0,4.0,4.0,4.0,100.0,0.3359230458736419,0.0748291015625,-0.68377685546875,0.6434326171875,0.2832074463367462,-1.2705272436141968,-0.0463874265551567,-35.59014129638672,-153.57595825195312,3.5889220237731934,,,,,,,,,,,,,,,,,,,,,,,,,,,,,
11878,1754692287.407969,92.64499306678772,1754692287.506161,101.0,0.0,-4.5439155593962255,-8.04942108544077,56.178950506346666,-0.6207936082732317,-9.42995833290746,13.334642894690717,-5.7816568487264135,-2.587245677118005,0.1186301354878764,-14.011708282719098,11.994957904904425,9.469444738562345,-20.86238403446185,36.32658355630207,3350.0,2.0,4.0,4.0,4.0,4.0,4.0,4.0,4.0,4.0,4.0,4.0,4.0,4.0,4.0,4.0,100.0,,,,,,,,,,,,,,,,,,,,,,,,,,,,,,,,,,,,,,,
11879,1754692287.415772,92.65279603004456,1754692287.514064,102.0,0.0,-2.562182444413964,-0.4551967482422583,-6.781606805168565,-0.7062527839204336,-17.098177745058535,9.838939225922616,-2.365662025864083,0.1784623749934439,2.965332076424432,-14.444434177038772,9.727106356191427,10.76501917533716,-11.670321385376552,34.86615031843422,3585.0,2.0,4.0,4.0,4.0,4.0,4.0,4.0,4.0,4.0,4.0,4.0,4.0,4.0,4.0,4.0,100.0,,,,,,,,,,,,,,,,,,,,,,,,,,,,,,,,,,,,,,,
11880,1754692287.423575,92.6605989933014,1754692287.521867,103.0,0.0,3.6927037442854393,2.0873871420283763,-5.517418405596516,3.798172067636017,-7.481884142861588,-0.5776843870928019,-6.188644617692432,1.9309596815895127,0.7745247748424049,-9.802942556090043,12.09255553717395,14.998957830994016,-34.209245799430335,27.59772792620544,3517.0,2.0,4.0,4.0,4.0,4.0,4.0,4.0,4.0,4.0,4.0,4.0,4.0,4.0,4.0,4.0,100.0,,,,,,,,,,,,,,,,,,,,,,,,,,,,,,,,,,,,,,,
11881,1754692287.431378,92.66840195655824,1754692287.52977,104.0,0.0,2.133139701804623,-8.9844160846921,-37.73277062889946,1.939892465071182,9.461429212786982,13.390798419581015,5.85040231471686,-3.898315556522164,-19.20442877485192,-20.31759748865141,15.94134426865304,14.100256278220796,-45.99199003372172,12.702296721686537,3617.0,2.0,4.0,4.0,4.0,4.0,4.0,4.0,4.0,4.0,4.0,4.0,4.0,4.0,4.0,4.0,100.0,0.3270094692707062,0.09075927734375,-0.691162109375,0.6380615234375,0.277347981929779,-1.2798047065734863,-0.0625009536743164,-38.28183364868164,-151.48240661621094,3.5889220237731934,,,,,,,,,,,,,,,,,,,,,,,,,,,,,
11882,1754692287.43918,92.67620396614076,1754692287.537573,105.0,0.0,0.7482268276974651,-3.0853147271424746,-84.54835677829413,-0.9136662240754844,6.447804763801116,9.041696549544952,5.213845258235608,-2.928736861990444,-14.523855586070738,-20.309565060209195,9.687724003391224,11.226366279721615,-31.56829417573197,13.83829991439444,3350.0,2.0,4.0,4.0,4.0,4.0,4.0,4.0,4.0,4.0,4.0,4.0,4.0,4.0,4.0,4.0,100.0,,,,,,,,,,,,,,,,,,,,,,,,,,,,,,,,,,,,,,,
11883,1754692287.446984,92.68400812149048,1754692287.545476,106.0,0.0,4.907483814736906,7.184340375692273,-66.74762108835534,2.2024918230142703,2.1692287307207607,-13.453191586857656,-1.4044929953099654,3.2829251210303028,-4.888785283026891,-14.339175921729066,9.554657635571177,13.826759078947587,-15.56253861039204,22.02669037533883,3585.0,2.0,4.0,4.0,4.0,4.0,4.0,4.0,4.0,4.0,4.0,4.0,4.0,4.0,4.0,4.0,100.0,,,,,,,,,,,,,,,,,,,,,,,,,,,,,,,,,,,,,,,
11884,1754692287.454787,92.69181108474731,1754692287.5532792,107.0,0.0,8.775406958397753,6.918500848754093,-62.59245549474076,7.888784139624249,2.485328943489776,-3.268097893678032,-5.480958182749646,-4.324236476448959,-9.418018963419172,-21.58728134464832,5.198697584427691,8.901406519640886,-12.362689730463671,39.60499796097906,3517.0,2.0,4.0,4.0,4.0,4.0,4.0,4.0,4.0,4.0,4.0,4.0,4.0,4.0,4.0,4.0,100.0,,,,,,,,,,,,,,,,,,,,,,,,,,,,,,,,,,,,,,,
11885,1754692287.46259,92.69961404800416,1754692287.561083,108.0,0.0,4.749742763615444,8.010497043553727,-51.52014291746755,7.0483185435196845,-0.0302555303314022,6.750478611699322,-5.678839476895433,-4.782823008447764,-7.180810093423503,-21.20426328204385,-1.559015923031808,4.243078759669601,-3.692366196277959,34.31511781311619,3617.0,2.0,4.0,4.0,4.0,4.0,4.0,4.0,4.0,4.0,4.0,4.0,4.0,4.0,4.0,4.0,100.0,0.3277051150798797,0.108642578125,-0.69573974609375,0.6298828125,0.312993049621582,-1.2031433582305908,-0.055664911866188,-36.337833404541016,-150.13656616210938,2.0935378074646,,,,,,,,,,,,,,,,,,,,,,,,,,,,,
11886,1754692287.470393,92.707417011261,1754692287.568786,109.0,0.0,3.937783387887521,16.56535797646211,-55.56891474742315,10.858181643807256,-4.712916017084353,-19.83811428923127,-14.36489187270854,6.106056409731991,17.978513512694008,2.3554638710315885,-5.8660937807972005,1.686416358131737,-18.27677460064865,12.730822450664164,3350.0,2.0,4.0,4.0,4.0,4.0,4.0,4.0,4.0,4.0,4.0,4.0,4.0,4.0,4.0,4.0,100.0,,,,,,,,,,,,,,,,,,,,,,,,,,,,,,,,,,,,,,,
11887,1754692287.478196,92.71521997451782,1754692287.576689,110.0,0.0,-0.8585704579662661,3.481754571481929,-58.14420809971614,11.92561867834877,-11.282756426862193,-41.57911260441995,-19.58591218770823,17.783671463790256,38.54501621414568,17.76188413500961,9.379844948753655,10.18562255965128,-32.37734933748732,-3.245601685698944,3585.0,2.0,4.0,4.0,4.0,4.0,4.0,4.0,4.0,4.0,4.0,4.0,4.0,4.0,4.0,4.0,100.0,,,,,,,,,,,,,,,,,,,,,,,,,,,,,,,,,,,,,,,
11888,1754692287.485999,92.72302317619324,1754692287.584492,111.0,0.0,3.728622164507215,2.55228922931974,-48.46525315230656,18.56641538541953,0.5378545070311702,-14.026793839755555,-3.809775749461551,7.561872831773599,24.86096980822049,5.341328731632075,-4.039618478487228,3.8880272202723054,-19.289953918782203,-8.198727624813728,3517.0,2.0,4.0,4.0,4.0,4.0,4.0,4.0,4.0,4.0,4.0,4.0,4.0,4.0,4.0,4.0,100.0,,,,,,,,,,,,,,,,,,,,,,,,,,,,,,,,,,,,,,,
11889,1754692287.493801,92.73082518577576,1754692287.592395,112.0,0.0,7.580389889930785,11.807822602027072,-48.46993559101108,17.245342292447305,5.282242872428043,5.56825893836961,3.0887962535416875,3.750428756426146,12.696883748878491,-7.953666909539578,-27.14677803700621,-12.7836644661015,-4.532785335055195,-23.279712144957983,3617.0,2.0,4.0,4.0,4.0,4.0,4.0,4.0,4.0,4.0,4.0,4.0,4.0,4.0,4.0,4.0,100.0,0.4723713099956512,-0.50689697265625,0.45751953125,-0.55731201171875,0.3261768519878387,-1.2133973836898804,-0.0786144807934761,-40.8239860534668,-149.2393341064453,3.4393835067749023,,,,,,,,,,,,,,,,,,,,,,,,,,,,,
11890,1754692287.501605,92.73862910270692,1754692287.600199,113.0,0.0,6.369408910189975,12.219554448298313,-41.5767720876816,11.68673884154572,-4.825730090165564,-1.0020050801386446,2.3598890879183614,4.715422440430245,12.080745498470094,-6.060567431026868,-23.423634229715447,-10.001660575424523,8.445242738217019,-15.760601448119871,3350.0,2.0,4.0,4.0,4.0,4.0,4.0,4.0,4.0,4.0,4.0,4.0,4.0,4.0,4.0,4.0,100.0,,,,,,,,,,,,,,,,,,,,,,,,,,,,,,,,,,,,,,,
11891,1754692287.509408,92.74643206596376,1754692287.608102,114.0,0.0,4.971936942524621,10.520540413906817,-27.970938726507143,6.552472151854431,-5.961382913381499,-2.447398041638394,5.616629951817572,3.3009738845352103,10.990553810209237,-4.51328985796647,-19.81602806344484,-7.593738031321322,19.151975584880688,-7.519942117745472,3585.0,2.0,4.0,4.0,4.0,4.0,4.0,4.0,4.0,4.0,4.0,4.0,4.0,4.0,4.0,4.0,100.0,,,,,,,,,,,,,,,,,,,,,,,,,,,,,,,,,,,,,,,
11892,1754692287.517211,92.75423502922058,1754692287.615905,115.0,0.0,4.2235022363746,10.581775260026744,-19.8710983350922,0.0044839539253302,1.1827543230313609,4.741695293573059,12.49754133876678,2.279988634640916,4.934668244159013,-6.670780071379511,-25.15756296324497,-10.696312614324768,19.52967853734077,-16.254926887148656,3517.0,2.0,4.0,4.0,4.0,4.0,4.0,4.0,4.0,4.0,4.0,4.0,4.0,4.0,4.0,4.0,100.0,,,,,,,,,,,0.0,1.0,111.18147277832033,1.0,111.6720199584961,0.0,224.1606292724609,0.0,156.91571044921875,0.0,86.51537322998047,0.0,99.85845184326172,0.0,102.50114440917967,0.0,103.8021469116211,1.0,108.46477508544922,0.0,139.43077087402344,0.0,110.17318725585938,1.0,92.32164764404295,0.0,182.00523376464844,0.0,141.43011474609375
11893,1754692287.525014,92.76203799247742,1754692287.623808,116.0,0.0,5.822829447720096,3.761896629163175,-16.731296005750437,-13.450951709213996,-9.31202812828883,10.892179796871233,10.82061036160644,10.321783249061127,9.473566378194164,-2.069803578827532,-12.469199702596825,-2.508583022341327,7.3013219769770785,-20.476595068277,3617.0,2.0,4.0,4.0,4.0,4.0,4.0,4.0,4.0,4.0,4.0,4.0,4.0,4.0,4.0,4.0,100.0,0.4606613516807556,-0.52166748046875,0.448974609375,-0.5604248046875,0.2954146564006805,-1.144548773765564,-0.1020523384213447,-43.21660232543945,-145.94949340820312,1.943999409675598,,,,,,,,,,,,,,,,,,,,,,,,,,,,,
11894,1754692287.532817,92.76984095573424,1754692287.631611,117.0,0.0,20.66825571033891,6.165446381537407,-8.36860701898891,-13.880419964770825,-14.879433578767618,-6.811181635275858,3.19824679235748,5.960492180069963,-5.897260430310467,2.0717226079590034,7.64111883898417,10.899496560443223,3.681141122651383,-12.272071502513567,3350.0,2.0,4.0,4.0,4.0,4.0,4.0,4.0,4.0,4.0,4.0,4.0,4.0,4.0,4.0,4.0,100.0,,,,,,,,,,,,,,,,,,,,,,,,,,,,,,,,,,,,,,,
11895,1754692287.540619,92.77764296531676,1754692287.639514,118.0,0.0,28.52007087487135,15.178442559971415,-1.213995872083899,-7.991771771977085,-3.079555736363829,-3.6035112288384994,10.152317535018652,2.3973016458041343,-7.198759088607233,2.321998249167052,-3.1966589178385334,8.38112434539579,-2.006702485242215,-17.202890150855012,3585.0,2.0,4.0,4.0,4.0,4.0,4.0,4.0,4.0,4.0,4.0,4.0,4.0,4.0,4.0,4.0,100.0,,,,,,,,,,,,,,,,,,,,,,,,,,,,,,,,,,,,,,,
11896,1754692287.548422,92.7854461669922,1754692287.6473172,119.0,0.0,16.518026021040157,14.0482527729543,-1.1815776434908116,-9.908928374678736,-16.919075208980132,7.607209393111759,8.00971149407468,0.5159122777324114,2.2751821611138325,3.2691082591665577,-18.93781906232681,0.3576099181756831,-2.934515991130695,-23.820313383785845,3517.0,2.0,4.0,4.0,4.0,4.0,4.0,4.0,4.0,4.0,4.0,4.0,4.0,4.0,4.0,4.0,100.0,,,,,,,,,,,,,,,,,,,,,,,,,,,,,,,,,,,,,,,
11897,1754692287.556226,92.79325008392334,1754692287.655221,120.0,0.0,22.001535302316768,23.595577765188352,8.983083187063983,2.554028808709006,-24.68538131794145,-8.098177483475013,-7.647945292448242,-9.115871647180995,-7.049009411112877,2.686942410503377,-0.2306922850557953,8.80177006581556,16.697065043946566,-12.421132659023954,3617.0,2.0,4.0,4.0,4.0,4.0,4.0,4.0,4.0,4.0,4.0,4.0,4.0,4.0,4.0,4.0,100.0,0.4481585323810577,-0.5372314453125,0.43707275390625,-0.56524658203125,0.3242236971855163,-1.0503089427947998,-0.0815442129969596,-43.51567840576172,-142.36056518554688,2.24307632446289,,,,,,,,,,,,,,,,,,,,,,,,,,,,,
11898,1754692287.564029,92.80105304718018,1754692287.663124,121.0,0.0,20.751563261731576,25.73692286215976,9.931914800369327,11.598149911746646,-6.035561461303473,-19.943125813787788,-16.678130348431637,-20.680297697575384,-20.48930390153089,-5.731018548394218,-0.5282491034075747,5.038862153800551,15.777483843009236,2.4040325956203787,3350.0,2.0,4.0,4.0,4.0,4.0,4.0,4.0,4.0,4.0,4.0,4.0,4.0,4.0,4.0,4.0,100.0,,,,,,,,,,,,,,,,,,,,,,,,,,,,,,,,,,,,,,,
11899,1754692287.571832,92.808856010437,1754692287.670927,122.0,0.0,14.342151529142882,24.018781779533526,12.176362092746274,12.823600360406488,4.161213134617753,-14.061287533785674,-2.0787745556095274,-16.711975121254966,-20.547036671206627,-15.137036450734795,-11.054061030892228,0.1575424942129188,7.401807626120387,3.297197772590096,3585.0,2.0,4.0,4.0,4.0,4.0,4.0,4.0,4.0,4.0,4.0,4.0,4.0,4.0,4.0,4.0,100.0,,,,,,,,,,,,,,,,,,,,,,,,,,,,,,,,,,,,,,,
11900,1754692287.579635,92.81665897369383,1754692287.67873,123.0,0.0,14.443431314734596,24.67327752299724,22.25142410630332,13.277207327713484,-8.590677489077564,-4.184228864032605,1.7924950013527337,-15.138993607243094,-29.699084551186218,-24.621097603898136,3.1883836630137807,11.67019237368794,-15.69774835675804,-2.014378405414675,3517.0,2.0,4.0,4.0,4.0,4.0,4.0,4.0,4.0,4.0,4.0,4.0,4.0,4.0,4.0,4.0,100.0,,,,,,,,,,,,,,,,,,,,,,,,,,,,,,,,,,,,,,,
11901,1754692287.587438,92.82446217536926,1754692287.686733,124.0,0.0,7.399945393753569,13.625831782102068,20.89249093928084,11.422306226207638,-8.237914655391705,-5.380470791203607,-1.02417417803872,-8.88326316006669,-17.971474130880324,-6.621797651359884,-3.012251061666575,8.322835633356135,8.553827310550787,-10.30791781708831,3617.0,2.0,4.0,4.0,4.0,4.0,4.0,4.0,4.0,4.0,4.0,4.0,4.0,4.0,4.0,4.0,100.0,0.4283013641834259,-0.5531005859375,0.4251708984375,-0.5743408203125,0.4301823377609253,-0.9345845580101012,-0.0751964598894119,-47.10459899902344,-141.0147247314453,2.691691398620605,,,,,,,,,,,,,,,,,,,,,,,,,,,,,
11902,1754692287.59524,92.83226418495178,1754692287.6945372,125.0,0.0,-9.6843796375623,-5.511732137544982,8.15622185490713,-0.1696273881624392,3.042021943529221,6.700391239972419,5.974272161152044,-0.5736546028014118,0.6020767121382278,6.321022949251642,-31.56618078198641,-15.764430919297752,29.13582064711261,-21.875133591371537,3350.0,2.0,4.0,4.0,4.0,4.0,4.0,4.0,4.0,4.0,4.0,4.0,4.0,4.0,4.0,4.0,100.0,,,,,,,,,,,,,,,,,,,,,,,,,,,,,,,,,,,,,,,
11903,1754692287.603043,92.84006714820862,1754692287.70234,126.0,0.0,-5.949199928604401,2.177632890599682,14.383399056587509,2.0114202797033727,-0.948809638780574,11.405805501389125,6.110654837683171,1.879747504556974,-1.5424853497317486,-3.7389605954264766,-14.0701048689113,-11.92080831708671,8.411257005131176,-17.44902165517732,3585.0,2.0,4.0,4.0,4.0,4.0,4.0,4.0,4.0,4.0,4.0,4.0,4.0,4.0,4.0,4.0,100.0,,,,,,,,,,,,,,,,,,,,,,,,,,,,,,,,,,,,,,,
11904,1754692287.610847,92.84787106513976,1754692287.710144,127.0,0.0,-6.211984151401737,2.323628063282797,20.78611932468181,13.646342872583377,-5.973001394375331,5.916639476161492,0.0253872509525194,1.3432361065156897,1.9904480066616657,-11.092764406885124,7.362321877727538,0.585646642202903,-15.243469672632898,-18.02039789313443,52.0,2.0,4.0,4.0,4.0,4.0,4.0,4.0,4.0,4.0,4.0,4.0,4.0,4.0,4.0,4.0,100.0,,,,,,,,,,,,,,,,,,,,,,,,,,,,,,,,,,,,,,,
11905,1754692287.61865,92.8556740283966,1754692287.717847,0.0,0.0,-20.071690308054546,-15.192628043894558,13.510993132164174,17.31644992100081,3.9076716865149024,32.068075835350726,16.895473403432504,5.391065608046745,6.683211040924277,-13.086909803710853,-6.4231945811546325,-7.216698746314989,-2.7661383364696235,-19.68509861188778,3307.0,2.0,4.0,4.0,4.0,4.0,4.0,4.0,4.0,4.0,4.0,4.0,4.0,4.0,4.0,4.0,100.0,0.4016745686531067,-0.5673828125,0.41522216796875,-0.5867919921875,0.3784237504005432,-0.8623178601264954,-0.0844739452004432,-47.85229110717773,-138.47256469726562,0.8972305059432983,,,,,,,,,,,,,,,,,,,,,,,,,,,,,
11906,1754692287.626453,92.86347699165344,1754692287.72575,1.0,0.0,-21.56690096725137,-18.10183845459855,10.16886499426451,12.548570201458148,-2.250352135904308,33.3434494524046,21.341619843518544,11.212379250918872,9.89796217299832,-8.865885134956756,-7.983918964568005,-10.331351281761584,-1.8476989009910485,-17.769451871506448,3477.0,2.0,4.0,4.0,4.0,4.0,4.0,4.0,4.0,4.0,4.0,4.0,4.0,4.0,4.0,4.0,100.0,,,,,,,,,,,,,,,,,,,,,,,,,,,,,,,,,,,,,,,
11907,1754692287.634256,92.87127995491028,1754692287.7335532,2.0,0.0,-22.02626477500496,-8.278187720531946,13.061823204508189,5.637540180060682,-19.34179617270445,-3.8509627632887486,-2.536937338610983,8.192552713533246,22.119956471475803,6.428816691715042,8.101816027591326,0.2165015503052245,-5.718586627240597,-16.47648276854386,3473.0,2.0,4.0,4.0,4.0,4.0,4.0,4.0,4.0,4.0,4.0,4.0,4.0,4.0,4.0,4.0,100.0,,,,,,,,,,,,,,,,,,,,,,,,,,,,,,,,,,,,,,,
11908,1754692287.642058,92.8790819644928,1754692287.741456,3.0,0.0,-28.455232380154143,-16.082857861416528,13.743794608514122,6.140335849413873,-14.353824140365418,-0.9285781611630456,-1.7047618186730915,-0.686564457623831,13.15903614740671,1.3163780988851386,6.274089806818552,3.0651552385996865,1.951508504915978,-9.153473254354708,3582.0,2.0,4.0,4.0,4.0,4.0,4.0,4.0,4.0,4.0,4.0,4.0,4.0,4.0,4.0,4.0,100.0,,,,,,,,,,,,,,,,,,,,,,,,,,,,,,,,,,,,,,,
11909,1754692287.649861,92.8868851661682,1754692287.7492602,4.0,0.0,-33.53418887284889,-21.14373515288699,13.171002411717922,10.11401973493784,-4.49952593122444,25.894908380712963,14.857783699506484,-6.08626493121929,4.362908727987445,-4.456407687085999,0.0548880076831608,-4.983378891828039,2.116582197597694,-2.709086158067663,3633.0,2.0,4.0,4.0,4.0,4.0,4.0,4.0,4.0,4.0,4.0,4.0,4.0,4.0,4.0,4.0,100.0,0.3710249066352844,-0.58203125,0.405029296875,-0.599609375,0.4658274352550506,-0.7212024331092834,-0.1020523384213447,-48.7495231628418,-135.48179626464844,1.794461011886597,,,,,,,,,,,,,,,,,,,,,,,,,,,,,
11910,1754692287.657664,92.89468812942503,1754692287.757163,5.0,0.0,-20.646781433615985,-15.970167157757174,17.33570657281561,21.84566011250772,-8.637568628544528,19.680792196255965,14.386351297632784,0.2943931861474027,7.101345714969369,0.7367132907889697,-3.622227182372086,-7.629181019385129,-3.824938838920076,-7.442456448861236,3481.0,2.0,4.0,4.0,4.0,4.0,4.0,4.0,4.0,4.0,4.0,4.0,4.0,4.0,4.0,4.0,100.0,,,,,,,,,,,,,,,,,,,,,,,,,,,,,,,,,,,,,,,
11911,1754692287.665468,92.9024920463562,1754692287.764966,6.0,0.0,-14.400526095870449,-19.01222267400388,14.987052068576048,20.43134925294791,-18.64074012510426,1.905389096518064,4.501074214007275,0.0028916258199558,22.69605265701849,23.91713798430621,3.1099755230108883,-5.8043639736136186,-7.744186954448224,-10.957831599870389,3464.0,2.0,4.0,4.0,4.0,4.0,4.0,4.0,4.0,4.0,4.0,4.0,4.0,4.0,4.0,4.0,100.0,,,,,,,,,,,,,,,,,,,,,,,,,,,,,,,,,,,,,,,
11912,1754692287.673271,92.91029500961304,1754692287.772869,7.0,0.0,-21.27831604433016,-35.76572289263379,9.080734249810462,6.462845237960096,-31.11543218233885,13.55783399370864,13.996232570876488,-1.152518929513576,16.4454696520919,12.92315152415756,12.796349913984956,0.8521568640320538,-21.46493778429965,-19.6844028161014,3474.0,2.0,4.0,4.0,4.0,4.0,4.0,4.0,4.0,4.0,4.0,4.0,4.0,4.0,4.0,4.0,100.0,,,,,,,,,,,,,,,,,,,,,,,,,,,,,,,,,,,,,,,
11913,1754692287.681074,92.91809797286987,1754692287.780772,8.0,0.0,-22.83226646650596,-46.9519301437243,7.667428481364055,-3.0365476201671697,-38.30442722778784,8.695044205980281,10.031207470705027,-0.2917516998798817,12.452629571153151,11.019526308725888,10.36591572393641,0.7489228814858109,-11.219431720954702,-12.59487199853342,3577.0,2.0,4.0,4.0,4.0,4.0,4.0,4.0,4.0,4.0,4.0,4.0,4.0,4.0,4.0,4.0,100.0,0.3420697748661041,-0.59515380859375,0.39453125,-0.61083984375,0.4545967876911163,-0.7002059817314148,-0.1142595559358596,-50.69352340698242,-131.4442596435547,3.1403067111968994,,,,,,,,,,,,,,,,,,,,,,,,,,,,,
11914,1754692287.688877,92.92590117454527,1754692287.7885752,9.0,0.0,-18.880916394831672,-35.71223964068798,12.619624757305758,-11.300933772557016,-30.23996208625516,3.861093756442699,5.895677092720746,-0.1308824224215072,8.215988802804588,8.543523074747156,9.13135547841472,0.084882004200665,-1.0475154047321098,-5.578310056458065,3571.0,2.0,4.0,4.0,4.0,4.0,4.0,4.0,4.0,4.0,4.0,4.0,4.0,4.0,4.0,4.0,100.0,,,,,,,,,,,,,,,,,,,,,,,,,,,,,,,,,,,,,,,
11915,1754692287.696679,92.9337031841278,1754692287.796478,10.0,0.0,-15.482724969396996,-25.787330206178297,15.836511044114276,-18.185244447883463,-23.7166242722663,-0.6943150094223824,1.8524566376701728,-0.449904532049743,4.01456361202753,5.776394602034713,7.369448257675856,-0.9183747552809224,6.880020720252958,5.901904414417629,3508.0,2.0,4.0,4.0,4.0,4.0,4.0,4.0,4.0,4.0,4.0,4.0,4.0,4.0,4.0,4.0,100.0,,,,,,,,,,,,,,,,,,,,,,,,,,,,,,,,,,,,,,,
11916,1754692287.704482,92.94150614738464,1754692287.8042822,11.0,0.0,-5.258655521876676,-31.859186776681213,21.402113438424863,-22.52003913205669,-10.866107842546969,2.513382597622808,5.402821625474758,0.6610574693887656,-6.571540999805961,-3.999356034068001,12.618723663873991,5.220228334877561,2.0320625283867457,18.47814224477918,3509.0,2.0,4.0,4.0,4.0,4.0,4.0,4.0,4.0,4.0,4.0,4.0,4.0,4.0,4.0,4.0,100.0,,,,,,,,,,,,,,,,,,,,,,,,,,,,,,,,,,,,,,,
11917,1754692287.712285,92.94930911064148,1754692287.812185,12.0,0.0,-7.522431419422503,-32.75508405000443,15.487143926331044,-30.0104806794148,-10.791685738976923,-1.7464407568659794,7.322876084937377,8.877202565253299,-2.690195256375376,4.076236355013805,-4.425865408826724,-3.8361215701129936,12.921213724899816,8.821941971652393,3513.0,2.0,4.0,4.0,4.0,4.0,4.0,4.0,4.0,4.0,4.0,4.0,4.0,4.0,4.0,4.0,100.0,0.3206824064254761,-0.60589599609375,0.38165283203125,-0.6199951171875,0.4755932092666626,-0.572274386882782,-0.1005874723196029,-52.03936767578125,-128.4534912109375,2.24307632446289,,,,,,,,,,,,,,,,,,,,,,,,,,,,,
11918,1754692287.720089,92.95711302757265,1754692287.820088,13.0,0.0,-4.179907313500053,-2.198469838263236,13.025573675024816,-14.552659801582422,-8.312707577970059,-11.587254669369711,-4.016535127185534,12.473182805632176,12.16066215233036,12.455269099583576,-16.443586173216545,-9.9169271242165,13.406508173662589,4.008615729221447,3303.0,2.0,4.0,4.0,4.0,4.0,4.0,4.0,4.0,4.0,4.0,4.0,4.0,4.0,4.0,4.0,100.0,,,,,,,,,,,,,,,,,,,,,,,,,,,,,,,,,,,,,,,
11919,1754692287.727892,92.96491599082948,1754692287.827891,14.0,0.0,-4.542401352470392,3.24622524340009,6.614729451598919,-4.0896499287260895,4.78490285014766,-8.730259941805457,-12.128138913839962,1.77477019178275,11.456966245287164,0.9416834860725204,-15.017256193087746,-10.31566591487001,10.11212195102064,6.993926967009315,3508.0,2.0,4.0,4.0,4.0,4.0,4.0,4.0,4.0,4.0,4.0,4.0,4.0,4.0,4.0,4.0,100.0,,,,,,,,,,,,,,,,,,,,,,,,,,,,,,,,,,,,,,,
11920,1754692287.735695,92.9727189540863,1754692287.835695,15.0,0.0,-4.623130801750506,6.967604854410126,6.46376293504585,-10.546293865824794,11.249175364025575,0.9891457034931932,-9.362595552193,-1.7490295061684833,3.978831180227132,-3.229009137772266,-11.437372204406133,-8.798175227485046,12.39542334851302,14.560697045511404,3509.0,2.0,4.0,4.0,4.0,4.0,4.0,4.0,4.0,4.0,4.0,4.0,4.0,4.0,4.0,4.0,100.0,,,,,,,,,,,,,,,,,,,,,,,,,,,,,,,,,,,,,,,
11921,1754692287.743497,92.98052096366882,1754692287.843598,16.0,0.0,1.2919159885110505,11.81743583997661,2.1583369873739,-9.059531789598054,11.30817999000385,-9.88439688586493,-12.619392808780844,-0.4118507724055007,-7.409430730108738,1.4399595025698773,-4.876832655666817,-3.500278310277622,21.963738869609983,14.075626994658364,0.0,2.0,4.0,4.0,4.0,4.0,4.0,4.0,4.0,4.0,4.0,4.0,4.0,4.0,4.0,4.0,100.0,0.2961854338645935,-0.61541748046875,0.370361328125,-0.62957763671875,0.5810635685920715,-0.4697337448596954,-0.0830090790987014,-53.23567581176758,-127.40673065185548,1.943999409675598,,,,,,,,,,,,,,,,,,,,,,,,,,,,,
11922,1754692287.7513,92.98832416534424,1754692287.851401,17.0,0.0,-0.4650431157715502,13.592528115601908,-3.1874514206642743,-10.9210393805497,19.48477183844261,-27.063707803937632,-22.92610130287449,2.064779006630488,5.053994618022898,16.300399733542235,-19.12302579518473,-5.304839326783167,7.151367090990334,5.608232528124972,0.0,2.0,4.0,4.0,4.0,4.0,4.0,4.0,4.0,4.0,4.0,4.0,4.0,4.0,4.0,4.0,100.0,,,,,,,,,,,,,,,,,,,,,,,,,,,,,,,,,,,,,,,
11923,1754692287.759103,92.99612712860107,1754692287.859204,18.0,0.0,2.821758866030393,9.319453914200436,-6.899911025047516,-14.191428152428273,30.6197661871351,-5.27246867528271,-11.81694518188175,4.416644035990828,11.297117516881316,3.817543119943309,-21.495843928817123,-10.368690153223326,4.283631409991301,7.20149242159772,0.0,2.0,4.0,4.0,4.0,4.0,4.0,4.0,4.0,4.0,4.0,4.0,4.0,4.0,4.0,4.0,100.0,,,,,,,,,,,,,,,,,,,,,,,,,,,,,,,,,,,,,,,
11924,1754692287.766906,93.00393009185792,1754692287.8671072,19.0,0.0,13.463089272270082,10.534600671589288,-4.29282034685022,-18.614228540255425,22.05883618372789,12.385415567999445,-4.389997200957367,-3.0034693975614744,-11.30769441765844,-16.20571046761617,11.377586393720122,-10.515402169841508,-8.686452567677378,8.975954617578537,0.0,2.0,4.0,4.0,4.0,4.0,4.0,4.0,4.0,4.0,4.0,4.0,4.0,4.0,4.0,4.0,100.0,,,,,,,,,,,,,,,,,,,,,,,,,,,,,,,,,,,,,,,
11925,1754692287.77471,93.01173400878906,1754692287.875011,20.0,0.0,16.176574968265356,2.999142924941623,1.35257926343769,-33.150174150647274,6.839500282785991,-2.4254780694951137,-10.462774611284717,-0.2808233213918925,-7.806295820702928,5.77880471951579,27.38948496369852,-5.90378894515294,-25.544726179479824,6.285859248847771,0.0,2.0,4.0,4.0,4.0,4.0,4.0,4.0,4.0,4.0,4.0,4.0,4.0,4.0,4.0,4.0,100.0,0.5085542798042297,0.268310546875,-0.64617919921875,0.5018310546875,0.69532310962677,-0.4189517199993133,-0.0795910581946373,-52.93659973144531,-124.56549835205078,2.9907681941986084,,,,,,,,,,,,,,,,,,,,,,,,,,,,,
11926,1754692287.782513,93.0195369720459,1754692287.8828142,21.0,0.0,8.365862353095736,-10.250936007444809,-5.436344535645048,-47.48526789898165,2.3250626635824574,-5.79414544493352,-8.03594628816586,5.547756008976876,9.846056194582845,29.635598516181066,6.108715772730875,-21.155359419716888,12.132123036333724,-3.080960529641516,0.0,2.0,4.0,4.0,4.0,4.0,4.0,4.0,4.0,4.0,4.0,4.0,4.0,4.0,4.0,4.0,100.0,,,,,,,,,,,,,,,,,,,,,,,,,,,,,,,,,,,,,,,
11927,1754692287.790316,93.02734017372131,1754692287.8906171,22.0,0.0,11.77390895179508,-15.58441848847849,-14.998328741127692,-47.247158976154765,15.243027610106878,6.672530196565845,5.762980854564944,6.329299877181825,4.22040442458831,7.31914929059451,-8.001226032550107,-29.64237023560269,49.62592816222025,-7.304809869817632,0.0,2.0,4.0,4.0,4.0,4.0,4.0,4.0,4.0,4.0,4.0,4.0,4.0,4.0,4.0,4.0,100.0,,,,,,,,,,,,,,,,,,,,,,,,,,,,,,,,,,,,,,,
11928,1754692287.798118,93.03514218330383,1754692287.89832,23.0,0.0,16.98287355996422,-8.445549063837234,-23.226980166770545,-64.12930632139137,23.21051663500544,3.804608218212934,9.803102845323563,5.52203619641864,-6.9519018122916805,-13.147364599957882,17.27997995207238,-22.16880950153268,19.09683562072109,-7.56780534383256,0.0,2.0,4.0,4.0,4.0,4.0,4.0,4.0,4.0,4.0,4.0,4.0,4.0,4.0,4.0,4.0,100.0,,,,,,,,,,,,,,,,,,,,,,,,,,,,,,,,,,,,,,,
11929,1754692287.805921,93.04294514656068,1754692287.906223,24.0,0.0,22.354470790831584,-14.102973025435602,-23.714286889324484,-83.22392759610895,18.3684313359079,7.07670739093399,14.338645756196712,8.886752121349474,-9.550224312483095,-1.9340459671841188,10.870107380440714,-4.296042734366182,1.063787497885215,-12.117041376575996,0.0,2.0,4.0,4.0,4.0,4.0,4.0,4.0,4.0,4.0,4.0,4.0,4.0,4.0,4.0,4.0,100.0,0.5252384543418884,0.28546142578125,-0.6376953125,0.48577880859375,0.7212024331092834,-0.3496147096157074,-0.0849622339010238,-53.83382797241211,-121.4251937866211,4.33661413192749,,,,,,,,,,,,,,,,,,,,,,,,,,,,,
11930,1754692287.813724,93.0507481098175,1754692287.914027,25.0,0.0,19.350980942265096,-18.42167519810141,-23.263939990051995,-93.39196659770892,7.705767083798719,7.47542198922315,17.509347163310167,8.374244135254003,-10.974856383145152,-3.3890324049432365,-0.7421748620852213,3.730026107360345,13.110732854497655,-12.179395665462607,0.0,2.0,4.0,4.0,4.0,4.0,4.0,4.0,4.0,4.0,4.0,4.0,4.0,4.0,4.0,4.0,100.0,,,,,,,,,,,,,,,,,,,,,,,,,,,,,,,,,,,,,,,
11931,1754692287.821527,93.05855107307434,1754692287.92193,26.0,0.0,5.221234930942302,-10.965965268324195,-26.387364306888884,-87.73056718473046,-1.5173128482303753,-1.7243392288393975,12.02869102761477,6.241414758134653,-1.4728641009739647,-6.85542484223808,10.682962901509,10.940060404244631,9.579314794775229,-9.472023463570366,0.0,2.0,4.0,4.0,4.0,4.0,4.0,4.0,4.0,4.0,4.0,4.0,4.0,4.0,4.0,4.0,100.0,,,,,,,,,,,,,,,,,,,,,,,,,,,,,,,,,,,,,,,
11932,1754692287.829331,93.0663549900055,1754692287.929733,27.0,0.0,-2.921824650942142,-7.446096744311433,-25.09259456906369,-80.65071233833118,-2.9326027685933127,5.5577490303958825,7.689716526694212,7.1094804158606735,6.427698889313035,-13.484120698416916,7.802883776497822,21.824367946331733,9.68643090802999,-16.51351781560237,0.0,2.0,4.0,4.0,4.0,4.0,4.0,4.0,4.0,4.0,4.0,4.0,4.0,4.0,4.0,4.0,100.0,,,,,,,,,,,,,,,,,,,,,,,,,,,,,,,,,,,,,,,
11933,1754692287.837134,93.07415795326231,1754692287.937636,28.0,0.0,-9.509879439087255,-8.016341749433963,-8.038678186874535,-65.7288821027781,9.021532759063264,24.70688083117708,12.565821121822095,9.576090328439165,4.690252599628053,-19.940351672825585,-4.811791872345879,28.2466140821181,7.0888155606111525,-18.465188146299027,0.0,2.0,4.0,4.0,4.0,4.0,4.0,4.0,4.0,4.0,4.0,4.0,4.0,4.0,4.0,4.0,100.0,0.5371086001396179,0.30291748046875,-0.63079833984375,0.47100830078125,0.7783321738243103,-0.2583047151565552,-0.0683604180812835,-53.68429183959961,-118.4344253540039,3.738460302352905,,,,,,,,,,,,,,,,,,,,,,,,,,,,,
11934,1754692287.844936,93.08195996284483,1754692287.945539,29.0,0.0,-24.248815284991625,-2.26869903755977,3.541649886333573,-57.15219590652549,14.214152243476576,25.100889591023417,17.294804730477438,6.840594260341106,1.0270600357746955,-11.635872305648434,-0.814876509650901,34.676870788829376,-10.904008573066848,-19.302843113675124,0.0,2.0,4.0,4.0,4.0,4.0,4.0,4.0,4.0,4.0,4.0,4.0,4.0,4.0,4.0,4.0,100.0,,,,,,,,,,,,,,,,,,,,,,,,,,,,,,,,,,,,,,,
11935,1754692287.852739,93.08976316452026,1754692287.953342,30.0,0.0,-25.82313643174362,11.689020027223108,1.8827563379303167,-64.0885493358393,0.7686171776148001,11.283451141963129,10.39157889351813,-6.184616377642357,-15.982062951717268,-12.205595704418243,4.7436879208638345,33.47113270487748,-3.524578446087986,4.128150198221505,0.0,2.0,4.0,4.0,4.0,4.0,4.0,4.0,4.0,4.0,4.0,4.0,4.0,4.0,4.0,4.0,100.0,,,,,,,,,,,,,,,,,,,,,,,,,,,,,,,,,,,,,,,
11936,1754692287.860542,93.0975661277771,1754692287.9611452,31.0,0.0,-11.260712277438529,22.245371085731563,25.40159792742986,-44.14399215918604,-9.2193763538736,1.583429113539637,-1.7439371466949751,-11.477499888736588,-15.981571021229795,-19.65509639197592,2.109104880509108,23.739729509627864,7.763620586963384,25.19698551631143,0.0,2.0,4.0,4.0,4.0,4.0,4.0,4.0,4.0,4.0,4.0,4.0,4.0,4.0,4.0,4.0,100.0,,,,,,,,,,,,,,,,,,,,,,,,,,,,,,,,,,,,,,,
11937,1754692287.868345,93.10536909103394,1754692287.969049,32.0,0.0,2.922725531286062,15.957443591560434,5.627955548193597,-22.412118659318537,-10.244155567510177,-4.812752176085439,-4.874666127287298,-0.2061467290429277,10.835618747346246,-10.623605384429707,-3.7560465308608286,24.56309812319052,-5.736688263549411,38.30473893024265,0.0,2.0,4.0,4.0,4.0,4.0,4.0,4.0,4.0,4.0,4.0,4.0,4.0,4.0,4.0,4.0,100.0,0.547537624835968,0.3165079653263092,-0.6253255009651184,0.4559529721736908,0.7990030646324158,-0.1765977442264557,-0.0672210752964019,-53.33536911010742,-115.74272918701172,3.5390758514404297,,,,,,,,,,,,,,,,,,,,,,,,,,,,,
11938,1754692287.876148,93.11317205429076,1754692287.976952,33.0,0.0,14.634645884947815,3.3841954735569857,-24.52395793592285,-11.727595883204856,-13.003080281608334,-7.932104315004096,-4.064175351449819,-0.0839300307558801,7.398433700678026,0.0622860399778915,-1.8276797269451777,30.27054565508871,3.0629742099420696,49.34286945899686,0.0,2.0,4.0,4.0,4.0,4.0,4.0,4.0,4.0,4.0,4.0,4.0,4.0,4.0,4.0,4.0,100.0,,,,,,,,,,,,,,,,,,,,,,,,,,,,,,,,,,,,,,,
11939,1754692287.883952,93.12097597122192,1754692287.984755,34.0,0.0,13.266659287824323,1.8965232720054808,-59.09745671059108,13.850064655664312,-4.444436141510948,-9.32875269404957,-5.03229798525507,-11.451754331609834,-19.005607465741093,-2.414052069511115,-0.0916277135835912,23.463975103306723,6.147984044080488,49.61510580912392,0.0,2.0,4.0,4.0,4.0,4.0,4.0,4.0,4.0,4.0,4.0,4.0,4.0,4.0,4.0,4.0,100.0,,,,,,,,,,,,,,,,,,,,,,,,,,,,,,,,,,,,,,,
11940,1754692287.891755,93.12877917289734,1754692287.992558,35.0,0.0,7.345774143382016,-5.315738785958899,-27.072265008868897,42.06578178813999,8.068161712106587,-12.594879339361968,-3.228592845663286,-12.945160036349703,-16.00950565910597,-9.889025022203157,4.7060610543306325,17.594775360863707,10.908239083368072,35.62317005812184,0.0,2.0,4.0,4.0,4.0,4.0,4.0,4.0,4.0,4.0,4.0,4.0,4.0,4.0,4.0,4.0,100.0,,,,,,,,,,,,,,,,,,,,,,,,,,,,,,,,,,,,,,,
11941,1754692287.899557,93.13658118247986,1754692288.000461,36.0,1.0,16.50936677845013,-5.843912160341262,-4.811403179162227,62.62016829682645,15.636536714082212,-16.733673541727313,-10.894484581813488,-17.33953878294895,-15.638284138902035,-10.943505421231094,3.525269577101625,11.96309671934634,1.3684023320178935,25.82683359725317,0.0,2.0,4.0,4.0,4.0,4.0,4.0,4.0,4.0,4.0,4.0,4.0,4.0,4.0,4.0,4.0,100.0,0.5579666495323181,0.3300984799861908,-0.6198527216911316,0.4408976137638092,0.8196739554405212,-0.0948907732963562,-0.0660817399621009,-52.986446380615234,-113.05104064941406,3.339691162109375,,,,,,,,,,,,,,,,,,,,,,,,,,,,,
11942,1754692287.90736,93.1443841457367,1754692288.008264,37.0,1.0,23.39573795445932,-6.2272548410662125,13.52502783427309,77.42193956398779,21.23674391398509,-19.737505351123843,-16.98402796481122,-20.535329751405413,-14.964724191938046,-11.59643404511479,2.310316972227895,6.818893835587744,-6.676358157835864,16.810532593866185,0.0,2.0,4.0,4.0,4.0,4.0,4.0,4.0,4.0,4.0,4.0,4.0,4.0,4.0,4.0,4.0,100.0,,,,,,,,,,,,,,,,,,,,,,,,,,,,,,,,,,,,,,,
11943,1754692287.915163,93.15218710899352,1754692288.016068,38.0,1.0,29.260633979202368,-5.408872095218129,29.121333414611883,88.0909151680776,26.11063850188114,-20.640783465242265,-20.51173440917907,-21.571727296985017,-12.993023329141096,-10.827813509274591,2.17706884297516,3.311335140829698,-12.163216637196657,9.793883085144472,0.0,2.0,4.0,4.0,4.0,4.0,4.0,4.0,4.0,4.0,4.0,4.0,4.0,4.0,4.0,4.0,100.0,,,,,,,,,,,,,,,,,,,,,,,,,,,,,,,,,,,,,,,
11944,1754692287.922966,93.15999007225037,1754692288.0238712,39.0,1.0,33.9549851997063,-3.770960781460815,41.82312590699445,94.8765183377664,30.08853273531628,-19.930196055116483,-21.962586713474536,-20.94162132990272,-10.159498412259325,-9.057189998844876,2.794487509109388,1.1175682188041378,-15.51496865736584,4.502029386701054,0.0,2.0,4.0,4.0,4.0,4.0,4.0,4.0,4.0,4.0,4.0,4.0,4.0,4.0,4.0,4.0,100.0,,,,,,,,,,,,,,,,,,,,,,,,,,,,,,,,,,,,,,,
11945,1754692287.930769,93.1677930355072,1754692288.031674,40.0,1.0,36.7437879374753,-2.304014932640598,50.946232875157534,97.45749621674952,32.409335538321216,-18.708257443571146,-22.452416777535632,-19.7543027413725,-7.500519462176157,-7.311591243447197,3.2167565401651927,-0.7178203044171596,-17.796556467839196,0.004410332033899,0.0,2.0,4.0,4.0,4.0,4.0,4.0,4.0,4.0,4.0,4.0,4.0,4.0,4.0,4.0,4.0,100.0,0.5683956146240234,0.34368896484375,-0.6143798828125,0.42584228515625,0.8403448462486267,-0.0131837949156761,-0.0649423971772193,-52.63752365112305,-110.3593521118164,3.1403067111968994,,,,,,,,,,,,,,,,,,,,,,,,,,,,,
11946,1754692287.938573,93.17559695243835,1754692288.039477,41.0,1.0,37.6237371884742,-1.277107468891984,56.58158576171235,96.24487344717971,33.039983687857045,-17.356728306746675,-22.388240651993613,-18.398566296681395,-5.3216138759947285,-5.894397975831282,3.2123337251152293,-2.45304824989654,-19.37777262817218,-3.949421535611066,0.0,2.0,4.0,4.0,4.0,4.0,4.0,4.0,4.0,4.0,4.0,4.0,4.0,4.0,4.0,4.0,100.0,,,,,,,,,,,,,,,,,,,,,,,,,,,,,,,,,,,,,,,
11947,1754692287.946375,93.18339896202087,1754692288.04728,42.0,0.0,37.06061417869893,-0.4882657133256884,59.32506614708251,92.10527715452696,32.416588355623446,-15.784862684959933,-21.71398062054272,-16.79068836936625,-3.45110432899304,-4.636988850345404,3.013255354817886,-3.894779995764964,-20.1761716114076,-7.173842137052304,0.0,2.0,4.0,4.0,4.0,4.0,4.0,4.0,4.0,4.0,4.0,4.0,4.0,4.0,4.0,4.0,100.0,,,,,,,,,,,,,,,,,,,,,,,,,,,,,,,,,,,,,,,
11948,1754692287.954178,93.19120216369627,1754692288.054984,43.0,0.0,17.595649249928613,10.675890509212024,66.5558264658203,81.8040106655722,20.08259464098188,-13.21870064612034,-17.969790465087897,-16.25752372972505,-3.684741112723202,2.342160786984607,-0.9886967740025624,-6.411526456407444,-17.49474149372776,-6.310035556871696,0.0,2.0,4.0,4.0,4.0,4.0,4.0,4.0,4.0,4.0,4.0,4.0,4.0,4.0,4.0,4.0,100.0,,,,,,,,,,,,,,,,,,,,,,,,,,,,,,,,,,,,,,,
11949,1754692287.961981,93.19900512695312,1754692288.062787,44.0,0.0,0.520230640713919,17.36449067268842,53.98752072780172,81.48816828163609,12.097549084104514,-1.381383103091764,-14.40445436853014,-15.804226960257608,-2.711927786489639,17.002768016567927,-6.301019656628057,-13.321581784756916,-15.25490528946824,-5.904635410419985,0.0,2.0,4.0,4.0,4.0,4.0,4.0,4.0,4.0,4.0,4.0,4.0,4.0,4.0,4.0,4.0,100.0,0.5824100375175476,0.350830078125,-0.6099853515625,0.406982421875,0.8237430453300476,-0.0122072175145149,-0.081055924296379,-50.543983459472656,-108.11627197265624,3.738460302352905,,,,,,,,,,,,,,,,,,,,,,,,,,,,,
11950,1754692287.969784,93.20680809020996,1754692288.07049,45.0,0.0,8.02898531493804,18.69600051621694,34.59593295502566,75.3429922671877,6.6895655789491,-0.0645887468634782,-5.74804581934302,-24.22220860500272,-8.53680048081776,18.712594454308714,-7.068436091459148,-14.971839278045422,-17.69888344383537,-11.996680271620676,0.0,2.0,4.0,4.0,4.0,4.0,4.0,4.0,4.0,4.0,4.0,4.0,4.0,4.0,4.0,4.0,100.0,,,,,,,,,,,,,,,,,,,,,,,,,,,,,,,,,,,,,,,
11951,1754692287.977587,93.2146110534668,1754692288.078293,46.0,0.0,6.9826395821392,3.1366369971956374,15.314687374702771,55.66519423627324,1.1466632495330489,-0.7889281999637205,6.872627610069685,-25.27291040498176,-7.021534606396472,20.0857672914467,-1.1303912359139758,-9.197713396663405,-22.62983783677896,-11.938359483474414,0.0,2.0,4.0,4.0,4.0,4.0,4.0,4.0,4.0,4.0,4.0,4.0,4.0,4.0,4.0,4.0,100.0,,,,,,,,,,,,,,,,,,,,,,,,,,,,,,,,,,,,,,,
11952,1754692287.985391,93.22241497039796,1754692288.085997,47.0,0.0,1.7907837059063922,-9.545682469436656,3.72723033384625,40.31459042113863,0.6974399577278518,5.162143751627696,12.929862756326544,-10.657121895963542,0.7649349116294388,22.24408790189944,3.499380264903607,-6.09623045620458,-21.5313573247596,-10.671172950332334,0.0,2.0,4.0,4.0,4.0,4.0,4.0,4.0,4.0,4.0,4.0,4.0,4.0,4.0,4.0,4.0,100.0,,,,,,,,,,,,,,,,,,,,,,,,,,,,,,,,,,,,,,,
11953,1754692287.993194,93.23021817207336,1754692288.0938,48.0,0.0,-5.012040898858004,-13.58990237684543,-0.8677370518887528,25.898049295101146,-1.1376091907807222,7.41876240984061,15.028935059123569,-0.7687467582306908,4.672417274510963,20.8336227476168,1.5203904760749083,-5.825436260668312,-18.413626761080423,-6.711061788991856,0.0,2.0,4.0,4.0,4.0,4.0,4.0,4.0,4.0,4.0,4.0,4.0,4.0,4.0,4.0,4.0,100.0,0.588269054889679,0.35772705078125,-0.6075439453125,0.39605712890625,0.7382925152778625,-0.0888685435056686,-0.088380254805088,-52.03936767578125,-107.66765594482422,2.9907681941986084,,,,,,,,,,,,,,,,,,,,,,,,,,,,,
11954,1754692288.000996,93.23802018165588,1754692288.1015031,49.0,0.0,-23.67057522584821,-16.80854264844686,-8.657793024774605,13.008109943113029,-3.445132384777594,8.618125842780842,17.613887472980764,8.724889148961097,6.9058804825539255,20.34101251886557,-4.604420255038917,-4.082919668351792,-17.667580773965824,-3.4586301413529554,0.0,2.0,4.0,4.0,4.0,4.0,4.0,4.0,4.0,4.0,4.0,4.0,4.0,4.0,4.0,4.0,100.0,,,,,,,,,,,,,,,,,,,,,,,,,,,,,,,,,,,,,,,
11955,1754692288.008799,93.24582314491272,1754692288.109306,50.0,0.0,-33.57551326043398,-18.77678258298141,-27.135345528526106,-0.2238328860207161,-4.463769808886752,10.204479923672409,24.7017053502828,23.63525686723466,19.10145257770779,25.733619818911905,1.6980129217545823,-3.5034023235083964,-20.594534717391014,-4.036157821737504,0.0,2.0,4.0,4.0,4.0,4.0,4.0,4.0,4.0,4.0,4.0,4.0,4.0,4.0,4.0,4.0,100.0,,,,,,,,,,,,,,,,,,,,,,,,,,,,,,,,,,,,,,,
11956,1754692288.016602,93.25362610816956,1754692288.11701,51.0,0.0,-24.124102946001813,-19.89284513345888,-34.75413871518481,-17.376321237114325,-6.280611418032322,5.31598857114318,21.91919276054045,25.669094100343727,21.421986109728323,30.80917835867672,9.734359740684113,3.707845676482748,-22.251624001693017,3.3695976905671614,0.0,2.0,4.0,4.0,4.0,4.0,4.0,4.0,4.0,4.0,4.0,4.0,4.0,4.0,4.0,4.0,100.0,,,,,,,,,,,0.0,1.0,132.17572021484375,1.0,124.91905212402344,0.0,250.9346923828125,0.0,182.15621948242188,0.0,95.3874053955078,0.0,109.1278076171875,0.0,113.18094635009766,0.0,111.69683074951172,0.0,114.7137222290039,0.0,145.6821746826172,0.0,115.24446105957033,1.0,100.16921997070312,0.0,187.48977661132807,0.0,190.44195556640625
11957,1754692288.024405,93.2614290714264,1754692288.124813,52.0,0.0,-17.554577712880615,-18.030785281627374,-6.694808383376454,-26.29593062047357,-10.687454778364696,-5.704242265848421,10.145293797765902,19.69728715994765,8.906068812595862,19.122593780071696,22.5247215292728,-1.1239800380941745,-13.963470924749714,25.647028943496338,0.0,2.0,4.0,4.0,4.0,4.0,4.0,4.0,4.0,4.0,4.0,4.0,4.0,4.0,4.0,4.0,100.0,0.5891240835189819,0.36541748046875,-0.60430908203125,0.3927001953125,0.8540169596672058,-0.0151369497179985,-0.0800793468952179,-49.79629135131836,-108.11627197265624,2.9907681941986084,,,,,,,,,,,,,,,,,,,,,,,,,,,,,
11958,1754692288.032208,93.26923203468324,1754692288.132516,53.0,0.0,-23.11637007084272,-3.714402843622509,5.695581009187492,-17.888034690333996,-10.325236024473895,-7.845548623127058,4.404289161847657,16.255921171030707,3.9345878598908826,9.033318157375843,37.52832624541662,-6.886303514314193,-4.621521207238118,35.65643269334879,0.0,2.0,4.0,4.0,4.0,4.0,4.0,4.0,4.0,4.0,4.0,4.0,4.0,4.0,4.0,4.0,100.0,,,,,,,,,,,,,,,,,,,,,,,,,,,,,,,,,,,,,,,
11959,1754692288.040012,93.27703595161438,1754692288.140219,54.0,0.0,-30.744677182983907,13.783752116804608,-4.082608134633375,-9.533384381951038,-6.054748272175203,-7.159410137868946,0.8121006337139249,9.840412531457986,-3.3465853307928057,8.421116615190584,42.00057766853999,-16.538592127339854,1.569722095107835,33.18455084589024,0.0,2.0,4.0,4.0,4.0,4.0,4.0,4.0,4.0,4.0,4.0,4.0,4.0,4.0,4.0,4.0,100.0,,,,,,,,,,,,,,,,,,,,,,,,,,,,,,,,,,,,,,,
11960,1754692288.047814,93.2848379611969,1754692288.1480231,55.0,0.0,-33.38296726626493,18.009465979105812,25.343861054357266,-17.029088865256995,-11.664205156264757,-14.960853373211537,-10.141336652456516,6.494069337280621,-6.365100580393005,3.8016412310809073,33.47943753988841,-27.17958384551173,14.826319214858472,38.42740933240941,0.0,2.0,4.0,4.0,4.0,4.0,4.0,4.0,4.0,4.0,4.0,4.0,4.0,4.0,4.0,4.0,100.0,,,,,,,,,,,,,,,,,,,,,,,,,,,,,,,,,,,,,,,
11961,1754692288.055617,93.29264116287231,1754692288.1557262,56.0,0.0,-26.12481522450196,22.047763173517183,6.323586912138694,-18.202146343853546,-10.226900026711403,-13.158494346346629,-22.33615388890428,11.898596534096328,-4.409451367966426,-1.7717840995554752,23.23863998220316,-10.703316779172267,22.560367077563683,38.93804279861354,0.0,2.0,4.0,4.0,4.0,4.0,4.0,4.0,4.0,4.0,4.0,4.0,4.0,4.0,4.0,4.0,100.0,0.3347692191600799,0.6484375,-0.29595947265625,0.6163330078125,0.8144655823707581,0.025391012430191,-0.050782024860382,-51.74029159545898,-105.5741195678711,5.23384428024292,,,,,,,,,,,,,,,,,,,,,,,,,,,,,
11962,1754692288.06342,93.30044412612916,1754692288.1635292,57.0,0.0,-9.874350950322707,33.80074017088663,-14.846487239442752,-5.621357739788266,7.33380650270027,2.111914073628384,-32.43218136171237,14.160021177239004,-14.995635755066644,-2.123390751386353,8.859844927372421,-20.910152472922448,18.22371086493598,24.02469044319895,0.0,2.0,4.0,4.0,4.0,4.0,4.0,4.0,4.0,4.0,4.0,4.0,4.0,4.0,4.0,4.0,100.0,,,,,,,,,,,,,,,,,,,,,,,,,,,,,,,,,,,,,,,
11963,1754692288.071223,93.308247089386,1754692288.1712332,58.0,0.0,2.1098981010436546,36.55936926590175,-34.428188051710094,-2.5639881180413795,14.066657335044964,7.021973398513183,-34.8024811460391,11.905678515308864,-28.131636746977165,0.4910118074385536,-7.640901705427041,-25.3903293338808,16.17111318201455,19.60562232498887,0.0,2.0,4.0,4.0,4.0,4.0,4.0,4.0,4.0,4.0,4.0,4.0,4.0,4.0,4.0,4.0,100.0,,,,,,,,,,,,,,,,,,,,,,,,,,,,,,,,,,,,,,,
11964,1754692288.079026,93.31605005264282,1754692288.179036,59.0,0.0,8.346368481623557,28.527803010398856,-37.83260464785442,-6.612151206750042,10.748285235455311,-2.837332632539784,-36.10682004512708,15.815465405693176,-19.51266997890005,0.5097624694201102,-16.37976686551636,-9.42675002234708,15.651584540654284,21.89914066731828,0.0,2.0,4.0,4.0,4.0,4.0,4.0,4.0,4.0,4.0,4.0,4.0,4.0,4.0,4.0,4.0,100.0,,,,,,,,,,,,,,,,,,,,,,,,,,,,,,,,,,,,,,,
11965,1754692288.086829,93.32385301589966,1754692288.186739,60.0,0.0,12.815212917218162,21.330600210016712,8.583247654596164,-4.649791096814113,13.471594743661685,-11.155668701246157,-36.32619042581558,9.97479514428693,-14.160189032241703,-9.597710292148747,-28.81758936111322,-10.223244767770607,10.073398122991932,6.9949739361046,0.0,2.0,4.0,4.0,4.0,4.0,4.0,4.0,4.0,4.0,4.0,4.0,4.0,4.0,4.0,4.0,100.0,0.3399465978145599,0.64727783203125,-0.2930908203125,0.6160888671875,0.8325322270393372,-0.0131837949156761,-0.0625009536743164,-51.14213943481445,-104.67688751220705,3.1403067111968994,,,,,,,,,,,,,,,,,,,,,,,,,,,,,
11966,1754692288.094633,93.3316571712494,1754692288.194442,61.0,0.0,22.650341601981864,31.611765802122164,-0.8242016580947791,8.642355718829577,28.1447825700366,-2.617277025709853,-33.53561206747051,1.0905770623758428,-17.917303419073022,-13.836098868317066,-35.082669204954044,-12.454267254492578,15.421266829660254,4.577645195748602,0.0,2.0,4.0,4.0,4.0,4.0,4.0,4.0,4.0,4.0,4.0,4.0,4.0,4.0,4.0,4.0,100.0,,,,,,,,,,,,,,,,,,,,,,,,,,,,,,,,,,,,,,,
11967,1754692288.102435,93.33945918083192,1754692288.2022462,62.0,0.0,17.65282528384421,41.34788154648356,-6.048063662949176,13.13774804709908,36.13923994622508,2.64841082512146,-27.471342661746007,-9.12970193470494,-19.906636619915048,-17.697260313610172,-38.17887844643349,-13.361817859291136,15.298731105187812,15.151953793147072,0.0,2.0,4.0,4.0,4.0,4.0,4.0,4.0,4.0,4.0,4.0,4.0,4.0,4.0,4.0,4.0,100.0,,,,,,,,,,,,,,,,,,,,,,,,,,,,,,,,,,,,,,,
11968,1754692288.110238,93.34726214408876,1754692288.2100492,63.0,0.0,7.495104800399531,43.688450301870034,24.82410500785909,11.872284453240354,36.39210663981476,-0.1376468097555516,-25.854403327673023,-16.438885113553624,-11.221298808428855,-20.12314102462369,-33.437643582356486,-10.394694124577654,7.345545981019768,11.479589621656032,0.0,2.0,4.0,4.0,4.0,4.0,4.0,4.0,4.0,4.0,4.0,4.0,4.0,4.0,4.0,4.0,100.0,,,,,,,,,,,,,,,,,,,,,,,,,,,,,,,,,,,,,,,
11969,1754692288.118041,93.35506510734558,1754692288.217752,64.0,0.0,-2.151985856217294,35.425234027573964,20.715789004427364,3.321659410985916,25.20340177328225,-4.407836704711741,-26.920701656192165,-17.306414681451685,-3.118221174026445,-19.335065469410807,-22.094180890429385,1.1327271908363343,10.023180980099228,12.506890834485688,3333.0,2.0,4.0,4.0,4.0,4.0,4.0,4.0,4.0,4.0,4.0,4.0,4.0,4.0,4.0,4.0,100.0,0.3426534533500671,0.64654541015625,-0.29180908203125,0.615966796875,0.766613245010376,0.0258793011307716,-0.0405279621481895,-49.79629135131836,-105.87319946289062,3.738460302352905,,,,,,,,,,,,,,,,,,,,,,,,,,,,,
11970,1754692288.125844,93.36286807060242,1754692288.225455,65.0,0.0,-12.626706506821565,25.816185797101586,22.7384303550769,-1.8734873795849007,12.17593653515206,-6.259821280868152,-28.92829481300231,-23.07191061290104,-3.810589789775975,-23.366613099605445,-21.37612546670806,16.130276688213883,17.640517200392708,18.60142383847625,3479.0,2.0,4.0,4.0,4.0,4.0,4.0,4.0,4.0,4.0,4.0,4.0,4.0,4.0,4.0,4.0,100.0,,,,,,,,,,,,,,,,,,,,,,,,,,,,,,,,,,,,,,,
11971,1754692288.133647,93.37067103385924,1754692288.233259,66.0,0.0,-14.628699505604288,24.32918164185372,26.07057010319437,8.910313752951026,12.754588198970453,-0.5455039069165082,-21.48482695605884,-25.722498888423104,-6.2007774012662935,-26.75087736510517,-22.15252499687444,26.532593365261675,6.827053874173146,14.367851943751305,3482.0,2.0,4.0,4.0,4.0,4.0,4.0,4.0,4.0,4.0,4.0,4.0,4.0,4.0,4.0,4.0,100.0,,,,,,,,,,,,,,,,,,,,,,,,,,,,,,,,,,,,,,,
11972,1754692288.14145,93.37847399711607,1754692288.2410622,67.0,0.0,-12.53206452859814,11.25488587505805,19.59277447279481,18.723664010952405,10.837818003907785,-0.2924684915317925,-18.108664746308307,-19.16380496610674,-3.1439582494579668,-29.23074450108635,-18.810787030335007,21.42161017229517,0.761738673878142,11.22271346305223,3619.0,2.0,4.0,4.0,4.0,4.0,4.0,4.0,4.0,4.0,4.0,4.0,4.0,4.0,4.0,4.0,100.0,,,,,,,,,,,,,,,,,,,,,,,,,,,,,,,,,,,,,,,
11973,1754692288.149253,93.38627696037292,1754692288.248765,68.0,0.0,-9.362092010404696,9.540022780293612,6.938909897469557,10.844570499594964,-2.220378989127539,-11.625332565119834,-23.00018085855004,-8.088916590553026,6.090012008128952,-29.611043336586363,-12.561532849960033,10.973389926198024,9.053508446072785,9.214289803533802,3645.0,2.0,4.0,4.0,4.0,4.0,4.0,4.0,4.0,4.0,4.0,4.0,4.0,4.0,4.0,4.0,100.0,0.3453988134860992,0.64471435546875,-0.2900390625,0.6171875,0.8203250169754028,0.0200198367238044,-0.0083009079098701,-51.88983154296875,-104.67688751220705,2.8412299156188965,,,,,,,,,,,,,,,,,,,,,,,,,,,,,
11974,1754692288.157056,93.39408016204834,1754692288.256468,69.0,0.0,-7.1924174876395455,8.940778692448816,-0.3045868906293663,5.148159597348126,-3.824875707193428,-14.402282991485777,-14.848770996954611,-2.5550801571190505,13.6858959303662,-21.36183962073585,-6.0042972751454045,6.658236084214309,13.486598533014217,8.07486183616436,3495.0,2.0,4.0,4.0,4.0,4.0,4.0,4.0,4.0,4.0,4.0,4.0,4.0,4.0,4.0,4.0,100.0,,,,,,,,,,,,,,,,,,,,,,,,,,,,,,,,,,,,,,,
11975,1754692288.164859,93.40188312530518,1754692288.264272,70.0,0.0,-8.18494795940856,15.885796767273716,-0.5950574387672134,8.03608082262312,2.704540333733661,-3.13391366553347,7.698122647252916,-4.336871853910139,1.1108081321043244,-20.10726994375287,-6.524404213392842,4.326693541535718,6.448205164229961,-6.86884495937889,3493.0,2.0,4.0,4.0,4.0,4.0,4.0,4.0,4.0,4.0,4.0,4.0,4.0,4.0,4.0,4.0,100.0,,,,,,,,,,,,,,,,,,,,,,,,,,,,,,,,,,,,,,,
11976,1754692288.172662,93.409686088562,1754692288.2720752,71.0,0.0,-2.054526267885564,1.2445179083962046,-10.443295502718144,6.220141673655775,8.379384671644488,2.805029275580722,23.29760137573757,-0.942878790005949,-2.2764993206396014,-24.761473650312297,-13.17171557778866,2.659255470680449,5.463049972598441,-6.897948248724703,3498.0,2.0,4.0,4.0,4.0,4.0,4.0,4.0,4.0,4.0,4.0,4.0,4.0,4.0,4.0,4.0,100.0,,,,,,,,,,,,,,,,,,,,,,,,,,,,,,,,,,,,,,,
11977,1754692288.180465,93.41748905181883,1754692288.279778,72.0,0.0,5.058487552922571,5.916297455097748,-22.40956939470331,8.399499844078065,7.971402066108141,-5.984434613944785,20.878106820378463,2.434738691396916,7.953237403676695,-19.81821683720269,-21.280245089764293,-4.021235124233471,-4.070889106603971,-7.286202258311704,3590.0,2.0,4.0,4.0,4.0,4.0,4.0,4.0,4.0,4.0,4.0,4.0,4.0,4.0,4.0,4.0,100.0,0.3465076088905334,0.6417236328125,-0.28857421875,0.620361328125,0.8305791020393372,-0.1069352254271507,-0.022949568927288,-51.44121551513672,-105.4245834350586,3.1403067111968994,,,,,,,,,,,,,,,,,,,,,,,,,,,,,
11978,1754692288.188268,93.42529201507568,1754692288.287481,73.0,0.0,3.191214963185246,24.40725282617444,-14.125191451607009,9.498144084445755,15.512762006786886,-14.80720593193115,17.683165999137998,8.620242139221261,11.860201565750629,-6.478114143629739,-18.6305940421376,-4.872585731685433,-9.975810957880697,-11.843291919407022,3588.0,2.0,4.0,4.0,4.0,4.0,4.0,4.0,4.0,4.0,4.0,4.0,4.0,4.0,4.0,4.0,100.0,,,,,,,,,,,,,,,,,,,,,,,,,,,,,,,,,,,,,,,
11979,1754692288.196071,93.43309497833252,1754692288.295285,74.0,0.0,-5.314745903084997,15.866912924578344,-3.2021230460175616,-5.7392825580907925,17.245991926102022,-14.839678280254075,17.84324981641447,17.816628395031955,7.105487228821119,-3.7174681300055568,-17.05149515960403,-4.9584986952052645,-0.0402818209952897,-11.35449742507791,3585.0,2.0,4.0,4.0,4.0,4.0,4.0,4.0,4.0,4.0,4.0,4.0,4.0,4.0,4.0,4.0,100.0,,,,,,,,,,,,,,,,,,,,,,,,,,,,,,,,,,,,,,,
11980,1754692288.203874,93.44089818000792,1754692288.3030882,75.0,0.0,-8.588687596149612,22.104139774809937,-4.497678685606388,-14.11586425302903,14.65890873143826,-10.841109486761525,20.96280352456733,27.543934228411217,6.521604327302612,-0.6678545185691291,-11.863628135587987,-6.5814412727372655,8.364697180129951,-9.209548165808428,3577.0,2.0,4.0,4.0,4.0,4.0,4.0,4.0,4.0,4.0,4.0,4.0,4.0,4.0,4.0,4.0,100.0,,,,,,,,,,,,,,,,,,,,,,,,,,,,,,,,,,,,,,,
11981,1754692288.211677,93.44870114326476,1754692288.310791,76.0,0.0,-14.914658115307477,49.66859608327036,-10.878943339110492,-5.460756948017888,12.28686162972349,-11.113992788839596,18.957139833841893,30.557738248481428,6.675703382490383,7.759243933105381,-10.81664366531163,-11.304267798534738,4.168708383878084,-3.734173376757326,3553.0,2.0,4.0,4.0,4.0,4.0,4.0,4.0,4.0,4.0,4.0,4.0,4.0,4.0,4.0,4.0,100.0,0.3446261882781982,0.640625,-0.2890625,0.622314453125,0.8476691842079163,-0.1958037763833999,-0.0815442129969596,-51.29167556762695,-104.52735137939452,3.738460302352905,,,,,,,,,,,,,,,,,,,,,,,,,,,,,
11982,1754692288.21948,93.4565041065216,1754692288.318494,77.0,0.0,-16.901003842846194,58.53897354337255,-10.979145445861604,1.904458879630284,0.1971022878849453,-8.243079981384426,19.44786834928368,29.852011755141348,4.584496955939585,15.430575623595589,-7.179241758090711,-12.397453317365262,2.8913580333426125,-9.585670040917876,3351.0,2.0,4.0,4.0,4.0,4.0,4.0,4.0,4.0,4.0,4.0,4.0,4.0,4.0,4.0,4.0,100.0,,,,,,,,,,,,,,,,,,,,,,,,,,,,,,,,,,,,,,,
11983,1754692288.227283,93.46430706977844,1754692288.326198,78.0,0.0,-14.37012970892448,37.55723573528866,-9.153704755401408,-7.762557713186027,-9.433676376402502,-1.993340255429132,22.860403146263423,24.927410701244924,6.344322355999964,16.822468561437915,-0.3332913377392401,-9.276190063634033,5.352293207951959,-10.474141611369587,3585.0,2.0,4.0,4.0,4.0,4.0,4.0,4.0,4.0,4.0,4.0,4.0,4.0,4.0,4.0,4.0,100.0,,,,,,,,,,,,,,,,,,,,,,,,,,,,,,,,,,,,,,,
11984,1754692288.235086,93.47211003303528,1754692288.334001,79.0,0.0,-13.838068918866554,17.084958408594105,-9.372520334621584,-17.467672578277813,-19.06653980193863,1.2026480304257916,22.93334868656035,18.07244635666217,5.581695032773098,15.420149522747636,3.2998419988808223,-8.42163875863929,5.175713484744904,-12.885888976311378,3577.0,2.0,4.0,4.0,4.0,4.0,4.0,4.0,4.0,4.0,4.0,4.0,4.0,4.0,4.0,4.0,100.0,,,,,,,,,,,,,,,,,,,,,,,,,,,,,,,,,,,,,,,
11985,1754692288.242889,93.47991299629211,1754692288.341804,80.0,0.0,-11.661335472344945,0.9890560251819808,-7.960180518531615,-23.58930022107916,-25.08858049743958,5.090581389442832,23.562342945446744,13.153348609157549,6.074042530953648,15.069534576653496,7.480138403565434,-6.153101632754442,6.140799274487108,-13.168081486373469,3553.0,2.0,4.0,4.0,4.0,4.0,4.0,4.0,4.0,4.0,4.0,4.0,4.0,4.0,4.0,4.0,100.0,0.3441758155822754,0.6419677734375,-0.2901611328125,0.62066650390625,0.8383917212486267,-0.1176775768399238,-0.1127946898341178,-49.34767532348633,-104.52735137939452,4.486152648925781,,,,,,,,,,,,,,,,,,,,,,,,,,,,,
11986,1754692288.250692,93.48771595954896,1754692288.349507,81.0,0.0,-9.171445316100233,-11.965000142318274,-6.2215022915551685,-27.53862175277294,-28.91898917370594,8.453337186242209,23.65795945346059,9.012621801207445,6.612449624324256,14.62452547186109,11.0068315176905,-3.764141199292624,7.04368033749239,-12.659963000977712,3351.0,2.0,4.0,4.0,4.0,4.0,4.0,4.0,4.0,4.0,4.0,4.0,4.0,4.0,4.0,4.0,100.0,,,,,,,,,,,,,,,,,,,,,,,,,,,,,,,,,,,,,,,
11987,1754692288.258495,93.49551916122437,1754692288.357211,82.0,0.0,-7.54266947480221,-22.961616415934827,-5.309207265980263,-30.61457049943021,-31.863904111860503,10.237424843552958,22.272039732617827,4.604391285468296,6.132016405794616,13.076375317690577,12.843972405199452,-2.3916715265037283,6.827050180272522,-12.55733444780219,3585.0,2.0,4.0,4.0,4.0,4.0,4.0,4.0,4.0,4.0,4.0,4.0,4.0,4.0,4.0,4.0,100.0,,,,,,,,,,,,,,,,,,,,,,,,,,,,,,,,,,,,,,,
11988,1754692288.266298,93.5033221244812,1754692288.365014,83.0,0.0,-18.48631623195729,-51.655771482287264,-14.233999211035323,-45.51222899705658,-42.185631730562136,10.002666988128794,28.235789258835894,6.163099458216266,15.005084552235758,28.072388134457697,9.266122190519807,-1.0138858456209618,13.704758019080373,-5.402445367331666,3577.0,2.0,4.0,4.0,4.0,4.0,4.0,4.0,4.0,4.0,4.0,4.0,4.0,4.0,4.0,4.0,100.0,,,,,,,,,,,,,,,,,,,,,,,,,,,,,,,,,,,,,,,
11989,1754692288.274101,93.51112508773804,1754692288.3727171,84.0,0.0,-14.361542428907342,-75.74727395549553,-38.008767295214966,-48.31390082213011,-39.377242577375,15.217623644025934,28.78523576694579,6.265330156547861,16.716343083826814,27.17642738676432,15.056281580245924,4.330873625415734,13.173699807436606,-1.6734990895497504,3553.0,2.0,4.0,4.0,4.0,4.0,4.0,4.0,4.0,4.0,4.0,4.0,4.0,4.0,4.0,4.0,100.0,0.348978579044342,0.6436767578125,-0.28857421875,0.616943359375,1.059586524963379,0.0297856107354164,-0.1176775768399238,-51.44121551513672,-104.37781524658205,3.5889220237731934,,,,,,,,,,,,,,,,,,,,,,,,,,,,,
11990,1754692288.281904,93.51892805099487,1754692288.38052,85.0,0.0,-9.82338825907226,-69.97657259511897,-43.0857716830389,-43.01791488084399,-36.16038744406222,15.373990207060444,24.67306819543484,2.4989973243826284,13.943063749372245,21.92152192152372,15.690405728247526,4.941383826903177,11.433007185376766,-2.206666589960776,3351.0,2.0,4.0,4.0,4.0,4.0,4.0,4.0,4.0,4.0,4.0,4.0,4.0,4.0,4.0,4.0,100.0,,,,,,,,,,,,,,,,,,,,,,,,,,,,,,,,,,,,,,,
11991,1754692288.289707,93.52673101425172,1754692288.388224,86.0,0.0,-5.8182376350214895,-63.05136892391244,-31.79640981421022,-37.324180717338606,-32.40610325778795,14.970091090442963,20.462994759462106,-0.7236968208013081,11.17501080851747,16.85408751114113,15.668893684632565,5.244063946192853,9.571995127211665,-2.6228167023319315,3585.0,2.0,4.0,4.0,4.0,4.0,4.0,4.0,4.0,4.0,4.0,4.0,4.0,4.0,4.0,4.0,100.0,,,,,,,,,,,,,,,,,,,,,,,,,,,,,,,,,,,,,,,
11992,1754692288.29751,93.53453397750854,1754692288.396027,87.0,0.0,-2.792615193232677,-67.88821130235215,-21.955912051718546,-38.60805780797432,-36.588308559012376,13.704418316197234,15.892605988513196,-3.8102224170695536,8.085652879048894,11.688412456518336,13.869122517852476,4.870214484185226,7.257536544074583,-3.343066701806265,3577.0,2.0,4.0,4.0,4.0,4.0,4.0,4.0,4.0,4.0,4.0,4.0,4.0,4.0,4.0,4.0,100.0,,,,,,,,,,,,,,,,,,,,,,,,,,,,,,,,,,,,,,,
11993,1754692288.305313,93.54233717918396,1754692288.4037302,88.0,0.0,9.917459480899964,-79.8181032270601,-28.2224780846274,-28.91485492457164,-49.89794799089773,18.22725968321342,22.27392124104503,3.693647705890584,8.500122391480403,10.3795280093112,6.591046533356661,5.866846086778281,-3.042008007801911,-3.3046361059765843,3553.0,2.0,4.0,4.0,4.0,4.0,4.0,4.0,4.0,4.0,4.0,4.0,4.0,4.0,4.0,4.0,100.0,0.3539306223392486,0.6435546875,-0.28619384765625,0.6153564453125,1.0327305793762207,0.0566414892673492,-0.125978484749794,-49.34767532348633,-103.03196716308594,4.187075614929199,,,,,,,,,,,,,,,,,,,,,,,,,,,,,
11994,1754692288.313116,93.5501401424408,1754692288.411533,89.0,0.0,18.48989138970566,-81.34424096344563,-36.84400558565656,-31.077977503641502,-58.15072577465142,9.16346051618322,24.729078554056485,5.286663686719493,9.27010231558981,14.21007173157497,1.2967052527630756,13.187021744946575,-11.569086258138697,4.443110245578026,3351.0,2.0,4.0,4.0,4.0,4.0,4.0,4.0,4.0,4.0,4.0,4.0,4.0,4.0,4.0,4.0,100.0,,,,,,,,,,,,,,,,,,,,,,,,,,,,,,,,,,,,,,,
11995,1754692288.320919,93.55794310569765,1754692288.4192371,90.0,0.0,24.88900293686044,-79.98398729611921,-59.561567511209375,-45.863153055322016,-45.507537340185024,-0.2034278113487175,25.895662537547707,9.456810549183103,14.18625037845328,16.8382046432194,7.669037205082134,19.136077439876374,-13.456073432869688,11.016735808465512,3585.0,2.0,4.0,4.0,4.0,4.0,4.0,4.0,4.0,4.0,4.0,4.0,4.0,4.0,4.0,4.0,100.0,,,,,,,,,,,,,,,,,,,,,,,,,,,,,,,,,,,,,,,
11996,1754692288.328722,93.56574606895448,1754692288.42704,91.0,0.0,31.18033617997426,-74.82097934027988,-78.16133565858044,-64.65406617624339,-39.89343931532093,-4.644407579079228,25.68108292738489,10.78859260639993,19.59608885499929,6.85686811551696,14.585799354770558,25.238708100100126,-21.97566204304016,14.686160005753578,3577.0,2.0,4.0,4.0,4.0,4.0,4.0,4.0,4.0,4.0,4.0,4.0,4.0,4.0,4.0,4.0,100.0,,,,,,,,,,,,,,,,,,,,,,,,,,,,,,,,,,,,,,,
11997,1754692288.336525,93.5735490322113,1754692288.4347432,92.0,0.0,26.97073763075236,-45.10976354677592,-68.9268790605343,-63.631160877533205,-27.020279778300903,-11.902507831631794,27.131903396515497,2.9375426020687314,17.81550307262563,1.072248209595216,19.36409946019552,23.745824949293308,-22.35639335822458,20.08978762367218,3553.0,2.0,4.0,4.0,4.0,4.0,4.0,4.0,4.0,4.0,4.0,4.0,4.0,4.0,4.0,4.0,100.0,0.595222532749176,0.3822021484375,-0.59051513671875,0.38848876953125,0.8457160592079163,0.0327153429388999,-0.0898451209068298,-49.79629135131836,-103.48058319091795,4.785229206085205,,,,,,,,,,,,,,,,,,,,,,,,,,,,,
11998,1754692288.344328,93.58135199546814,1754692288.442546,93.0,0.0,19.12019777007833,-16.67439494788198,-33.56031266203229,-43.64028924376919,-3.40825898992955,-10.808464082700652,18.977554167819903,-3.32884206491201,9.465563018416448,-4.882229361137092,14.089089520913037,15.547536907231802,-18.69926325069798,17.67729905448948,3351.0,2.0,4.0,4.0,4.0,4.0,4.0,4.0,4.0,4.0,4.0,4.0,4.0,4.0,4.0,4.0,100.0,,,,,,,,,,,,,,,,,,,,,,,,,,,,,,,,,,,,,,,
11999,1754692288.352131,93.58915495872498,1754692288.45025,94.0,0.0,12.686308594743023,2.821469355852571,-10.919839803040247,-21.651173393533497,2.411573484031635,-8.933651875727662,8.581297206913462,-7.748450763177914,2.926163745681663,-8.998216170184548,9.931124669886742,8.939815016610794,-14.486125842315856,10.38956347256186,3585.0,2.0,4.0,4.0,4.0,4.0,4.0,4.0,4.0,4.0,4.0,4.0,4.0,4.0,4.0,4.0,100.0,,,,,,,,,,,,,,,,,,,,,,,,,,,,,,,,,,,,,,,
12000,1754692288.359934,93.5969581604004,1754692288.458053,95.0,0.0,7.069513569665219,17.607791358402324,5.034670039583148,-9.076952044082075,7.202753839408274,-7.029140682863158,-0.165982167751622,-11.061092601967516,-2.468684741262564,-12.023707087195248,6.271368142964661,3.297816002546483,-10.502575575535388,4.136905450865129,3577.0,2.0,4.0,4.0,4.0,4.0,4.0,4.0,4.0,4.0,4.0,4.0,4.0,4.0,4.0,4.0,100.0,,,,,,,,,,,,,,,,,,,,,,,,,,,,,,,,,,,,,,,
12001,1754692288.367737,93.60476112365724,1754692288.4657562,96.0,0.0,4.065102497818145,27.95262615171788,22.6263950777514,3.409165357746417,12.756671980372914,-3.399273711678859,-5.516850314313331,-11.596097404960515,-4.988767170857216,-12.294243672705932,4.899384548434512,0.391297476707507,-5.073119561947522,0.6962105637770151,3553.0,2.0,4.0,4.0,4.0,4.0,4.0,4.0,4.0,4.0,4.0,4.0,4.0,4.0,4.0,4.0,100.0,0.5963143706321716,0.38177490234375,-0.58807373046875,0.39093017578125,0.8979629278182983,-0.0258793011307716,-0.0703135728836059,-49.64675521850586,-103.92919921875,3.1403067111968994,,,,,,,,,,,,,,,,,,,,,,,,,,,,,
12002,1754692288.37554,93.61256408691406,1754692288.4735591,97.0,0.0,-0.9864377906098696,44.0611401070926,43.83662371024482,22.592555546124714,29.128379175296487,-2.757341285790716,-12.195125836773258,-14.120772515141397,-9.355484030676706,-14.581523230935744,1.16127095258733,-4.464176085118851,-2.9187542955405377,-3.271633010975364,3351.0,2.0,4.0,4.0,4.0,4.0,4.0,4.0,4.0,4.0,4.0,4.0,4.0,4.0,4.0,4.0,100.0,,,,,,,,,,,,,,,,,,,,,,,,,,,,,,,,,,,,,,,
12003,1754692288.383343,93.6203670501709,1754692288.4812632,98.0,0.0,-8.628099982246965,67.05055050897869,54.10239380386935,41.89377340223797,30.41334286775788,-3.905363071451063,-21.12902216907236,-20.403912489414267,-19.059516969884896,-26.95430471518916,8.155684966469437,-19.26771794397968,8.516639568417816,3.775030564917472,3585.0,2.0,4.0,4.0,4.0,4.0,4.0,4.0,4.0,4.0,4.0,4.0,4.0,4.0,4.0,4.0,100.0,,,,,,,,,,,,,,,,,,,,,,,,,,,,,,,,,,,,,,,
12004,1754692288.391146,93.62817001342772,1754692288.489066,99.0,0.0,-13.15929836289132,73.02523410676105,55.69888101168709,44.204828881427886,34.3585402022548,-4.485565896896958,-25.29463659149832,-19.110358383226583,-24.23494032752768,-26.12992987739034,4.187640530658257,-19.75467192958621,9.099534974466051,8.864178865221959,3577.0,2.0,4.0,4.0,4.0,4.0,4.0,4.0,4.0,4.0,4.0,4.0,4.0,4.0,4.0,4.0,100.0,,,,,,,,,,,,,,,,,,,,,,,,,,,,,,,,,,,,,,,
12005,1754692288.398949,93.63597297668456,1754692288.4967692,100.0,0.0,-18.42862103089624,57.136261369614886,59.78102739058818,36.24743991036871,44.35915708106063,-0.5881854377296349,-13.463901133143054,-7.632114628510635,-16.366900556744213,-18.42983706690052,-3.856817560691297,-15.396911746872092,0.2864607188946593,4.404029877683342,3553.0,2.0,4.0,4.0,4.0,4.0,4.0,4.0,4.0,4.0,4.0,4.0,4.0,4.0,4.0,4.0,100.0,0.5986685156822205,0.38153076171875,-0.58563232421875,0.3912353515625,0.9414206147193908,-0.0820325016975402,-0.0610360875725746,-49.64675521850586,-102.88243103027344,5.084306240081787,,,,,,,,,,,,,,,,,,,,,,,,,,,,,
12006,1754692288.406752,93.64377617836,1754692288.504473,101.0,0.0,-20.96438395802386,46.653022510525375,64.9251959855543,22.131042857664056,44.75085013313048,3.229091011119749,0.3895672892432458,0.7884703007922553,-15.386498854558226,-23.41044686278417,-7.078180299949395,-15.167489588466992,3.0935718411207063,-7.3860734115236255,3351.0,2.0,4.0,4.0,4.0,4.0,4.0,4.0,4.0,4.0,4.0,4.0,4.0,4.0,4.0,4.0,100.0,,,,,,,,,,,,,,,,,,,,,,,,,,,,,,,,,,,,,,,
12007,1754692288.414555,93.65157914161682,1754692288.5122762,102.0,0.0,-23.335345402470978,51.587248842389215,64.27955569270165,12.5869422633736,45.691920961608446,0.6683778889404834,0.7077021880958796,4.05418013381626,-19.378640718366626,-31.436746590953646,-8.393223015325532,-16.068211853377363,11.65924713025737,-5.215014735780699,3585.0,2.0,4.0,4.0,4.0,4.0,4.0,4.0,4.0,4.0,4.0,4.0,4.0,4.0,4.0,4.0,100.0,,,,,,,,,,,,,,,,,,,,,,,,,,,,,,,,,,,,,,,
12008,1754692288.422358,93.65938210487366,1754692288.5200791,103.0,0.0,-28.54445117735804,43.70272565061532,55.73756865095311,8.188020085752669,46.17358442768227,-4.740242912959729,-6.873149859972727,10.351700080840146,-7.880421473073511,-28.86582095836912,-8.772845732499718,-14.622113318520404,5.640721843529718,4.086217968383153,3577.0,2.0,4.0,4.0,4.0,4.0,4.0,4.0,4.0,4.0,4.0,4.0,4.0,4.0,4.0,4.0,100.0,,,,,,,,,,,,,,,,,,,,,,,,,,,,,,,,,,,,,,,
12009,1754692288.430161,93.6671850681305,1754692288.527782,104.0,0.0,-20.491540393262937,27.22374832409679,54.64746708185186,9.968517579934373,41.46093992597599,-1.7398575215372034,-7.861502012316293,13.11017733878026,-5.733062650172258,-25.451831744157687,-6.565100855348817,-10.931051531607125,0.9742795567911458,-2.1534514361312063,3553.0,2.0,4.0,4.0,4.0,4.0,4.0,4.0,4.0,4.0,4.0,4.0,4.0,4.0,4.0,4.0,100.0,0.6002676486968994,0.38250732421875,-0.58331298828125,0.39129638671875,1.0400549173355105,-0.1127946898341178,-0.0371099412441253,-49.945831298828125,-101.08796691894533,4.33661413192749,,,,,,,,,,,,,,,,,,,,,,,,,,,,,
12010,1754692288.437964,93.67498803138731,1754692288.535486,105.0,0.0,-8.357442256526895,26.010188512923094,55.72835360801963,16.498128166537015,34.71967671431429,3.7793492560414848,-8.937355558284537,5.157041120400834,-12.246363908247815,-25.34479340543368,-5.881056163977348,-13.117870628048706,9.987699344057262,-15.789242618948547,3351.0,2.0,4.0,4.0,4.0,4.0,4.0,4.0,4.0,4.0,4.0,4.0,4.0,4.0,4.0,4.0,100.0,,,,,,,,,,,,,,,,,,,,,,,,,,,,,,,,,,,,,,,
12011,1754692288.445767,93.68279099464417,1754692288.5432892,106.0,0.0,-5.546926098723134,21.281025961650585,48.33087721933293,17.52932386498037,25.996840348488377,4.475278296385795,-15.222846317945596,-1.4564700739736054,-8.44937126972286,-22.604578892823383,-8.547146046810894,-19.050067990491016,14.475351331335103,-12.480040003470776,3585.0,2.0,4.0,4.0,4.0,4.0,4.0,4.0,4.0,4.0,4.0,4.0,4.0,4.0,4.0,4.0,100.0,,,,,,,,,,,,,,,,,,,,,,,,,,,,,,,,,,,,,,,
12012,1754692288.45357,93.690593957901,1754692288.551092,107.0,0.0,0.4461229254171144,1.112340101465236,36.05099689318882,17.41077808794904,17.986054585094337,8.510103017855329,-12.071579098061136,-0.2539604742309507,-12.909596065880066,-21.294261281034267,-4.181159290892481,-11.151327938852262,15.612911968657556,-10.095030309419542,3577.0,2.0,4.0,4.0,4.0,4.0,4.0,4.0,4.0,4.0,4.0,4.0,4.0,4.0,4.0,4.0,100.0,,,,,,,,,,,,,,,,,,,,,,,,,,,,,,,,,,,,,,,
12013,1754692288.461373,93.69839715957642,1754692288.558795,108.0,0.0,4.5116974403042605,-12.247195993982814,27.04113870943661,18.60159816527107,9.970306616548214,10.70536360958272,-9.946799229460566,-0.1106775943819684,-18.05438853897772,-20.60246338638649,-1.310408331399458,-5.150271628191376,15.176946587550674,-8.669210883001824,3553.0,2.0,4.0,4.0,4.0,4.0,4.0,4.0,4.0,4.0,4.0,4.0,4.0,4.0,4.0,4.0,100.0,0.6012061238288879,0.38330078125,-0.5823974609375,0.39044189453125,1.1425955295562744,-0.1064469367265701,-0.1049820706248283,-51.88983154296875,-102.13473510742188,3.1403067111968994,,,,,,,,,,,,,,,,,,,,,,,,,,,,,
12014,1754692288.469176,93.70620012283324,1754692288.5665982,109.0,0.0,7.85547187385788,-13.320893356203158,18.904834056149014,16.25060642987006,3.198773951040096,8.697390177979344,-7.740758393369049,0.1499295533990903,-10.83711066520658,-8.50567900690288,1.2321882110173306,-4.9663750366111685,14.453545350362733,-8.426620337313523,3351.0,2.0,4.0,4.0,4.0,4.0,4.0,4.0,4.0,4.0,4.0,4.0,4.0,4.0,4.0,4.0,100.0,,,,,,,,,,,,,,,,,,,,,,,,,,,,,,,,,,,,,,,
12015,1754692288.476979,93.71400308609007,1754692288.574302,110.0,0.0,1.7167714001964782,-17.16289555751763,14.112891272549687,9.814112575739555,-3.167010984128126,2.358393541228736,-3.171108950892801,2.865674404667345,-2.0467282433734795,4.221554386263335,-2.777545553961488,-10.51156695579283,15.883522484040498,-12.269611998339483,3585.0,2.0,4.0,4.0,4.0,4.0,4.0,4.0,4.0,4.0,4.0,4.0,4.0,4.0,4.0,4.0,100.0,,,,,,,,,,,,,,,,,,,,,,,,,,,,,,,,,,,,,,,
12016,1754692288.484782,93.72180604934692,1754692288.582005,111.0,0.0,-3.3276355690400123,-23.85344467832192,15.042300904012336,19.55464813098388,-1.9468966998069843,1.0489772431092206,-0.5915816634969815,8.784084368216554,-7.593269224684263,12.343951808461496,-8.71763026275903,-12.821836450769752,19.99893308765513,-17.87707317436025,3577.0,2.0,4.0,4.0,4.0,4.0,4.0,4.0,4.0,4.0,4.0,4.0,4.0,4.0,4.0,4.0,100.0,,,,,,,,,,,,,,,,,,,,,,,,,,,,,,,,,,,,,,,
12017,1754692288.492585,93.72960901260376,1754692288.589808,112.0,0.0,-2.3076035842796045,-16.72895096474258,18.5302635292428,34.912407501030884,-10.269590170197716,0.25134670805528,-5.154591055205856,12.758438965682672,3.574152306287033,22.455271768986226,-7.027875080815647,-14.413495036676522,8.17572191047384,-28.63262905912188,3553.0,2.0,4.0,4.0,4.0,4.0,4.0,4.0,4.0,4.0,4.0,4.0,4.0,4.0,4.0,4.0,100.0,0.6049307584762573,0.3819580078125,-0.58392333984375,0.3836669921875,1.0307774543762207,-0.085938811302185,-0.1923857480287552,-51.14213943481445,-102.88243103027344,3.5889220237731934,,,,,,,,,,,,,,,,,,,,,,,,,,,,,
12018,1754692288.500388,93.7374119758606,1754692288.5976112,113.0,0.0,-2.5842596492160794,3.3352825753205195,17.0369352892545,35.7616965692574,-28.09784508384692,0.5636039245283371,-4.669683338164674,8.031362373165479,5.6776892042099405,37.64149424894285,-5.676884873168461,-11.293628901803828,-4.677110216675061,-32.50233994756937,3351.0,2.0,4.0,4.0,4.0,4.0,4.0,4.0,4.0,4.0,4.0,4.0,4.0,4.0,4.0,4.0,100.0,,,,,,,,,,,,,,,,,,,,,,,,,,,,,,,,,,,,,,,
12019,1754692288.508191,93.745215177536,1754692288.605415,114.0,0.0,6.519438935786297,17.418567963113333,9.438321547163582,30.129494377579817,-38.81991454904198,-2.4424576364084487,-5.300152074906123,-2.146000799804256,1.403678414922183,38.67293617693906,-4.223720907500024,-3.249107479253212,-9.079488021218936,-23.03587957305706,3585.0,2.0,4.0,4.0,4.0,4.0,4.0,4.0,4.0,4.0,4.0,4.0,4.0,4.0,4.0,4.0,100.0,,,,,,,,,,,,,,,,,,,,,,,,,,,,,,,,,,,,,,,
12020,1754692288.515994,93.75301814079285,1754692288.6131182,115.0,0.0,19.92821330260693,15.267485550557184,1.7805768334157506,28.09116585960481,-49.78087343145836,-9.761136281644951,-13.668254850132428,-10.213090510165614,5.204942275503242,36.77301623039301,4.261087185420081,5.055263218912103,-17.87370572354581,-11.595128271997794,3577.0,2.0,4.0,4.0,4.0,4.0,4.0,4.0,4.0,4.0,4.0,4.0,4.0,4.0,4.0,4.0,100.0,,,,,,,,,,,0.0,0.0,153.77561950683594,1.0,137.68914794921875,0.0,373.7776794433594,0.0,183.73741149902344,0.0,115.16524505615234,0.0,160.70994567871094,0.0,166.95887756347656,0.0,147.15618896484375,0.0,154.0231170654297,0.0,163.1280059814453,0.0,153.9541473388672,0.0,158.43701171875,0.0,239.6064910888672,0.0,220.2629852294922
12021,1754692288.523797,93.76082110404968,1754692288.620821,116.0,0.0,28.774032305700416,5.360695593551895,2.638942831952477,23.04712086768984,-57.53321784761158,-8.357953743177518,-14.34400310170406,-14.676091621382623,-4.124492162557658,49.30795042794068,10.891989856955092,15.74690148414345,-20.854725081649462,-7.812080759163678,3553.0,2.0,4.0,4.0,4.0,4.0,4.0,4.0,4.0,4.0,4.0,4.0,4.0,4.0,4.0,4.0,100.0,0.6076563000679016,0.3824462890625,-0.58624267578125,0.375244140625,0.8945448994636536,-0.1084000915288925,-0.2636758983135223,-48.7495231628418,-101.38704681396484,3.5889220237731934,,,,,,,,,,,,,,,,,,,,,,,,,,,,,
12022,1754692288.5316,93.76862406730652,1754692288.628525,117.0,0.0,29.957481425053743,-3.5024559147231,3.651034340885985,12.8904762856738,-59.315028821786086,1.4028155149018176,-10.84999191749,-15.425460034853472,-7.76714124591615,62.572407782054256,9.683023514470392,24.53967663921105,-12.157523848231564,-5.507760577802742,3351.0,2.0,4.0,4.0,4.0,4.0,4.0,4.0,4.0,4.0,4.0,4.0,4.0,4.0,4.0,4.0,100.0,,,,,,,,,,,,,,,,,,,,,,,,,,,,,,,,,,,,,,,
12023,1754692288.539403,93.77642703056335,1754692288.636328,118.0,0.0,26.770187390247173,-8.943630586127512,-0.4971626916328944,4.74350303488265,-55.49798581158146,1.4301100053214384,-15.690759608763784,-17.627334454644625,7.538455660660674,60.02512365562299,7.439932155946479,22.93302263391317,-15.279806198808302,3.5685986197574664,3585.0,2.0,4.0,4.0,4.0,4.0,4.0,4.0,4.0,4.0,4.0,4.0,4.0,4.0,4.0,4.0,100.0,,,,,,,,,,,,,,,,,,,,,,,,,,,,,,,,,,,,,,,
12024,1754692288.547206,93.7842299938202,1754692288.6441312,119.0,0.0,22.88760472882052,-10.352120441151214,-2.243890163408537,0.6900230452421283,-65.5587437782118,-4.063490161651657,-15.248968594051236,-18.464675017365494,8.848736262620264,52.509066234897205,10.106765894486784,17.786834997789924,-22.13245238632669,12.262944157913466,3577.0,2.0,4.0,4.0,4.0,4.0,4.0,4.0,4.0,4.0,4.0,4.0,4.0,4.0,4.0,4.0,100.0,,,,,,,,,,,,,,,,,,,,,,,,,,,,,,,,,,,,,,,
12025,1754692288.555009,93.79203295707704,1754692288.651834,120.0,0.0,11.870618617917728,-13.12167330205665,-5.134800449393595,-4.797781972531254,-70.0739121253734,-1.3060672063836023,-5.082192544344423,-15.650592905141536,3.8911086007054223,52.93683405897792,15.308400086404902,15.801300712514433,-17.15285209894654,13.680788256086371,3553.0,2.0,4.0,4.0,4.0,4.0,4.0,4.0,4.0,4.0,4.0,4.0,4.0,4.0,4.0,4.0,100.0,0.6099987626075745,0.3848876953125,-0.5865478515625,0.368408203125,0.8549935221672058,-0.0449225604534149,-0.2636758983135223,-48.15137100219727,-101.2375030517578,3.4393835067749023,,,,,,,,,,,,,,,,,,,,,,,,,,,,,
12026,1754692288.562812,93.79983615875244,1754692288.659538,121.0,0.0,-0.3185214993920908,-17.633094906174165,-10.307496321628832,-11.691293301764064,-54.90114215280687,2.591086469735956,3.8981478639523175,-10.425104696478456,14.38648614548606,55.873801387740286,16.971648003968085,18.040301238551592,-19.20358415944929,11.866695340089109,3351.0,2.0,4.0,4.0,4.0,4.0,4.0,4.0,4.0,4.0,4.0,4.0,4.0,4.0,4.0,4.0,100.0,,,,,,,,,,,,,,,,,,,,,,,,,,,,,,,,,,,,,,,
12027,1754692288.570615,93.80763912200928,1754692288.667341,122.0,0.0,-4.9268872001158,-20.54214941339211,-6.66232239272864,-18.69443485985363,-45.68814143689639,2.1419983764243966,5.011718902410792,-7.302454219586764,15.173239029798369,47.46720950385583,15.25914236365128,22.24107125477525,-29.14000335035536,22.42075810104637,3585.0,2.0,4.0,4.0,4.0,4.0,4.0,4.0,4.0,4.0,4.0,4.0,4.0,4.0,4.0,4.0,100.0,,,,,,,,,,,,,,,,,,,,,,,,,,,,,,,,,,,,,,,
12028,1754692288.578418,93.81544208526611,1754692288.675144,123.0,0.0,-5.170155259911127,-15.387351557521953,-21.12305411886021,-22.422649915470657,-44.310044102789135,4.164460626046974,5.959816177120928,-5.757452726377807,18.41886282479979,36.64652009342032,15.721635194882737,25.18059577797973,-17.94981527903954,29.23567730680722,3577.0,2.0,4.0,4.0,4.0,4.0,4.0,4.0,4.0,4.0,4.0,4.0,4.0,4.0,4.0,4.0,100.0,,,,,,,,,,,,,,,,,,,,,,,,,,,,,,,,,,,,,,,
12029,1754692288.586221,93.82324504852296,1754692288.682847,124.0,0.0,-11.997784083290211,-14.771167439784136,-60.41260729873821,-25.985167982044374,-35.966417382917285,-0.4790324583276799,4.093706555039347,-12.852525645939664,27.74986833317016,26.490749707750723,16.85928175772696,24.134778267196992,-1.5676556140339528,20.71517692860934,3553.0,2.0,4.0,4.0,4.0,4.0,4.0,4.0,4.0,4.0,4.0,4.0,4.0,4.0,4.0,4.0,100.0,0.3640044033527374,0.6458740234375,-0.28424072265625,0.60791015625,0.8960097432136536,-0.0141603723168373,-0.2334019988775253,-50.39444732666016,-100.78889465332033,3.1403067111968994,,,,,,,,,,,,,,,,,,,,,,,,,,,,,
12030,1754692288.594024,93.8310480117798,1754692288.690551,125.0,0.0,-16.88644955700053,-15.414893777616696,-63.94661044704751,-19.991273945470283,-14.191202570583272,3.699518904454664,13.511412299582418,-15.769367138702336,15.690118549112896,7.518571365020335,21.11387722867269,31.21533892793608,4.955842368731993,28.6655273482493,3351.0,2.0,4.0,4.0,4.0,4.0,4.0,4.0,4.0,4.0,4.0,4.0,4.0,4.0,4.0,4.0,100.0,,,,,,,,,,,,,,,,,,,,,,,,,,,,,,,,,,,,,,,
12031,1754692288.601827,93.83885097503662,1754692288.698354,126.0,0.0,-23.90688153196865,-14.040404941037052,-39.04222588551224,-16.090318658238033,2.8091442584260733,14.735425153439934,23.696599505711816,-8.197660010359726,2.04223292612474,-13.729192593905594,14.212080765787649,31.48077198875368,2.16837444152398,39.1174675530448,3585.0,2.0,4.0,4.0,4.0,4.0,4.0,4.0,4.0,4.0,4.0,4.0,4.0,4.0,4.0,4.0,100.0,,,,,,,,,,,,,,,,,,,,,,,,,,,,,,,,,,,,,,,
12032,1754692288.60963,93.84665417671204,1754692288.706157,127.0,0.0,-27.12833788381656,-17.901312479509187,-27.08164339152151,-19.75294530837479,10.655514685978716,14.505925047321426,21.65861069542373,0.0845704098501585,19.99996103331162,-18.353717158444823,-1.070039252833766,18.451974732889568,-6.372915985252092,20.079411919425667,52.0,2.0,4.0,4.0,4.0,4.0,4.0,4.0,4.0,4.0,4.0,4.0,4.0,4.0,4.0,4.0,100.0,,,,,,,,,,,,,,,,,,,,,,,,,,,,,,,,,,,,,,,
12033,1754692288.617433,93.85445713996889,1754692288.71386,0.0,0.0,-17.71212410834849,-19.22109792118934,-10.34020817463059,-16.49843721412688,31.279589072140624,15.457712811727305,25.02646507127085,3.955953729531501,29.85876988821994,-21.42086569264646,-4.060444952743438,12.670733418665549,-3.2564525592706843,2.0711429408472384,3390.0,2.0,4.0,4.0,4.0,4.0,4.0,4.0,4.0,4.0,4.0,4.0,4.0,4.0,4.0,4.0,100.0,0.3705604374408722,0.64471435546875,-0.28204345703125,0.606201171875,1.009292721748352,0.0585946440696716,-0.1752956509590149,-49.04859924316406,-102.2842788696289,4.785229206085205,,,,,,,,,,,,,,,,,,,,,,,,,,,,,
12034,1754692288.625236,93.86226010322572,1754692288.7216642,1.0,0.0,-12.492183711489671,-21.96839116303485,-7.797876822880738,-13.591707725319653,46.43302776857823,17.30053111772318,27.9360976457198,2.062864751794365,5.126475477946912,-42.15478116841663,-3.292203620834556,9.37341683417631,5.4832196937012725,1.5362873975861078,3487.0,2.0,4.0,4.0,4.0,4.0,4.0,4.0,4.0,4.0,4.0,4.0,4.0,4.0,4.0,4.0,100.0,,,,,,,,,,,,,,,,,,,,,,,,,,,,,,,,,,,,,,,
12035,1754692288.633039,93.87006306648254,1754692288.729367,2.0,0.0,-7.725104582710969,-29.24290630875328,-20.56230110692593,-16.77348575461781,47.07277035112577,13.900414895274594,23.21942413697309,9.493593010847349,4.714198140432586,-50.06192187927434,-4.13529537245347,2.100653613136388,11.621951348920106,0.7034895964458201,3505.0,2.0,4.0,4.0,4.0,4.0,4.0,4.0,4.0,4.0,4.0,4.0,4.0,4.0,4.0,4.0,100.0,,,,,,,,,,,,,,,,,,,,,,,,,,,,,,,,,,,,,,,
12036,1754692288.640842,93.87786602973938,1754692288.73717,3.0,0.0,0.9743884683183808,-34.419594769231566,-11.019491380819176,-22.67941622623502,46.2965765416383,9.201714412588814,19.00177876118451,15.188862948042612,6.690085869186902,-44.15337854421577,-5.7434714308325,-5.717475263929913,12.758347695512526,-7.144098370025034,3623.0,2.0,4.0,4.0,4.0,4.0,4.0,4.0,4.0,4.0,4.0,4.0,4.0,4.0,4.0,4.0,100.0,,,,,,,,,,,,,,,,,,,,,,,,,,,,,,,,,,,,,,,
12037,1754692288.648645,93.88566899299622,1754692288.744873,4.0,0.0,7.88679475601927,-28.10264446702334,-11.914714048066372,-20.726327993520528,64.82245817032751,13.909895891775676,25.75825830333449,12.980604009004736,6.028435531700296,-49.66919295716164,-7.102253178899929,-10.532648113523038,12.222659981101714,-9.568878937336676,3668.0,2.0,4.0,4.0,4.0,4.0,4.0,4.0,4.0,4.0,4.0,4.0,4.0,4.0,4.0,4.0,100.0,0.3752089440822601,0.642333984375,-0.2802734375,0.606689453125,1.0185701847076416,0.1171892881393432,-0.1088883802294731,-48.59998321533203,-100.19073486328124,3.4393835067749023,,,,,,,,,,,,,,,,,,,,,,,,,,,,,
12038,1754692288.656448,93.89347195625304,1754692288.752577,5.0,0.0,10.045314626358165,-17.86374962810976,-21.13000199027863,-11.405984000330932,80.9191419002533,21.80304997585301,31.039592557941543,9.224794751016477,-0.6713258953803916,-56.42861432688676,-5.907550771979345,-12.071640426357476,18.10440371300058,-7.318011996327073,3520.0,2.0,4.0,4.0,4.0,4.0,4.0,4.0,4.0,4.0,4.0,4.0,4.0,4.0,4.0,4.0,100.0,,,,,,,,,,,,,,,,,,,,,,,,,,,,,,,,,,,,,,,
12039,1754692288.664251,93.90127515792848,1754692288.76038,6.0,0.0,12.555011382357575,-9.166505336208786,-28.953637350883863,-6.441556026726005,70.13843294702536,16.370641905369382,19.656596251151484,6.272083963697412,2.3220918019930537,-59.25101450024914,-10.705967985312611,-16.444036487194637,16.790290590667098,-11.205799705170024,3516.0,2.0,4.0,4.0,4.0,4.0,4.0,4.0,4.0,4.0,4.0,4.0,4.0,4.0,4.0,4.0,100.0,,,,,,,,,,,,,,,,,,,,,,,,,,,,,,,,,,,,,,,
12040,1754692288.672054,93.9090781211853,1754692288.768183,7.0,0.0,21.32781114810635,8.684155099562332,-0.0122196086012706,-1.023315201100985,73.78188691818653,7.231398085395114,8.822582239118248,-6.9061197781656745,2.52498669902846,-63.42779455706975,-18.979463256073785,-20.4660887256018,5.533715943385033,-16.03260123950301,3515.0,2.0,4.0,4.0,4.0,4.0,4.0,4.0,4.0,4.0,4.0,4.0,4.0,4.0,4.0,4.0,100.0,,,,,,,,,,,,,,,,,,,,,,,,,,,,,,,,,,,,,,,
12041,1754692288.679857,93.91688108444214,1754692288.775886,8.0,0.0,32.97726025030363,24.895395720316746,20.131753160747053,4.250279894637174,83.05211699044287,2.523945927374939,3.188462105055919,-9.63570816104027,-5.803452778029509,-55.82058056336143,-18.734568000032027,-16.88051218614862,1.0777078061497605,-15.732987954895066,3619.0,2.0,4.0,4.0,4.0,4.0,4.0,4.0,4.0,4.0,4.0,4.0,4.0,4.0,4.0,4.0,100.0,0.3768109977245331,0.6412353515625,-0.2806396484375,0.606689453125,1.0473792552947998,0.1176775768399238,-0.0800793468952179,-49.64675521850586,-100.04119873046876,3.887998819351196,,,,,,,,,,,,,,,,,,,,,,,,,,,,,
12042,1754692288.68766,93.92468404769896,1754692288.78359,9.0,0.0,45.22373484227404,30.821640826387863,19.950248219725324,6.494899401013697,66.3520384659459,-0.510692203149631,-4.034018137422265,-7.249897180590835,-8.144948022685696,-43.46332285959448,-15.16086574907473,-15.363825500883252,5.810151580143554,-12.315743657034147,3615.0,2.0,4.0,4.0,4.0,4.0,4.0,4.0,4.0,4.0,4.0,4.0,4.0,4.0,4.0,4.0,100.0,,,,,,,,,,,,,,,,,,,,,,,,,,,,,,,,,,,,,,,
12043,1754692288.695463,93.9324870109558,1754692288.791393,10.0,0.0,57.7850097537567,33.678937558429936,27.52367845212899,10.828375279191334,52.35795712058968,-4.74915970003525,-12.532984357760084,-11.76937380288149,-14.356356693866417,-38.62901962493919,-13.909464915089243,-19.512727193417906,13.108120583454877,-8.499191539009132,3633.0,2.0,4.0,4.0,4.0,4.0,4.0,4.0,4.0,4.0,4.0,4.0,4.0,4.0,4.0,4.0,100.0,,,,,,,,,,,,,,,,,,,,,,,,,,,,,,,,,,,,,,,
12044,1754692288.703266,93.94028997421265,1754692288.799196,11.0,0.0,61.78091474594456,29.31357518823577,37.25029875143108,25.55707946235796,57.17892203186082,-7.532989640951399,-18.05634562476027,-18.89734958951587,-12.88257364400326,-37.2088511340132,-12.401291159050489,-18.861821990187963,4.051927218809425,-8.049381800637747,3605.0,2.0,4.0,4.0,4.0,4.0,4.0,4.0,4.0,4.0,4.0,4.0,4.0,4.0,4.0,4.0,100.0,,,,,,,,,,,,,,,,,,,,,,,,,,,,,,,,,,,,,,,
12045,1754692288.711069,93.94809317588806,1754692288.806899,12.0,0.0,58.84797580892305,24.965305980019508,42.38870598536701,34.26813941482274,51.56014788721782,-6.823758075904465,-20.60637840115928,-20.67869753411955,-18.71869062987011,-31.37674009375345,-10.896507483047884,-14.757970697383684,-3.576888811658677,-4.45962969697743,3574.0,2.0,4.0,4.0,4.0,4.0,4.0,4.0,4.0,4.0,4.0,4.0,4.0,4.0,4.0,4.0,100.0,0.3801185488700866,0.6419677734375,-0.28082275390625,0.603759765625,1.0727702379226685,0.1000991836190223,-0.088380254805088,-48.7495231628418,-98.54581451416016,3.1403067111968994,,,,,,,,,,,,,,,,,,,,,,,,,,,,,
12046,1754692288.718872,93.9558961391449,1754692288.814603,13.0,0.0,53.63554637570962,20.587148162616927,40.51590153248492,24.148135877822483,37.14120579163193,-9.638713249142596,-20.91382869594179,-16.741212806500585,-17.35236542483824,-28.68246618645287,-9.211736790058126,-13.287372954608486,2.2105019432825657,1.9332498165878176,3349.0,2.0,4.0,4.0,4.0,4.0,4.0,4.0,4.0,4.0,4.0,4.0,4.0,4.0,4.0,4.0,100.0,,,,,,,,,,,,,,,,,,,,,,,,,,,,,,,,,,,,,,,
12047,1754692288.726675,93.96369910240172,1754692288.822406,14.0,0.0,41.06990923777897,7.480802331423035,40.0921366774873,7.148973862836954,34.763574133669806,-6.763810676005107,-15.40840418795193,-7.568322438026428,-15.12629430068597,-21.600736217883025,-0.1705843806121834,-7.078595368460412,7.945537107588223,-0.9940004387440808,3633.0,2.0,4.0,4.0,4.0,4.0,4.0,4.0,4.0,4.0,4.0,4.0,4.0,4.0,4.0,4.0,100.0,,,,,,,,,,,,,,,,,,,,,,,,,,,,,,,,,,,,,,,
12048,1754692288.734478,93.97150206565856,1754692288.830209,15.0,0.0,20.09920988412688,-5.751021222740008,44.10676895167836,-5.955535789346129,30.94348663940337,3.624795703394568,-8.359274020332748,-0.5407000183847117,-19.2506795696151,-18.843839595424186,8.681302814732419,1.7289560044549148,6.571476528221695,-9.502715414911734,3605.0,2.0,4.0,4.0,4.0,4.0,4.0,4.0,4.0,4.0,4.0,4.0,4.0,4.0,4.0,4.0,100.0,,,,,,,,,,,,,,,,,,,,,,,,,,,,,,,,,,,,,,,
12049,1754692288.742281,93.9793050289154,1754692288.8378122,16.0,0.0,-3.24571633330686,-12.519383617060498,38.69421940089308,-19.410031574033724,18.57679879164209,6.3971517562259805,-5.67976260793364,8.373010786899272,-6.322358057930046,-7.496368029170185,8.995953804902115,3.159068284593218,4.81497420062226,-8.961361464823653,0.0,2.0,4.0,4.0,4.0,4.0,4.0,4.0,4.0,4.0,4.0,4.0,4.0,4.0,4.0,4.0,100.0,0.3854865431785583,0.64422607421875,-0.2791748046875,0.59869384765625,1.0415197610855105,0.0937514305114746,-0.1420920193195343,-46.05783081054688,-99.59258270263672,3.1403067111968994,,,,,,,,,,,,,,,,,,,,,,,,,,,,,
12050,1754692288.750084,93.98710799217224,1754692288.845616,17.0,0.0,-28.077194262997068,-20.43011313072691,27.69224414020676,-30.006381161810964,0.5350685963627484,0.0619811903353593,-6.440416632923075,16.83474611373333,2.2983397545841626,4.811868662869188,8.503997107350301,-2.628066752671998,6.446894490276577,-5.085669308832962,0.0,2.0,4.0,4.0,4.0,4.0,4.0,4.0,4.0,4.0,4.0,4.0,4.0,4.0,4.0,4.0,100.0,,,,,,,,,,,,,,,,,,,,,,,,,,,,,,,,,,,,,,,
12051,1754692288.757887,93.99491095542908,1754692288.853419,18.0,0.0,-43.78102542756432,-24.01007860493217,24.68650520347893,-27.4237158741077,-16.067880104787207,4.04762419596301,-1.891473072190081,21.622886397135343,0.4542442097843491,11.699439314100175,12.280228664234812,-4.711203504886896,7.57552131843687,-1.10627235642022,0.0,2.0,4.0,4.0,4.0,4.0,4.0,4.0,4.0,4.0,4.0,4.0,4.0,4.0,4.0,4.0,100.0,,,,,,,,,,,,,,,,,,,,,,,,,,,,,,,,,,,,,,,
12052,1754692288.76569,94.00271415710448,1754692288.861222,19.0,0.0,-53.707142903071855,-27.07404884017368,19.20761062816493,-23.12442623505902,-30.609709121569978,6.114651394184165,0.8306681179794566,27.92035445368603,0.9371588646037878,23.23753201873908,9.680294334046463,0.1780307962160066,1.0674278278911231,4.316194900138015,0.0,2.0,4.0,4.0,4.0,4.0,4.0,4.0,4.0,4.0,4.0,4.0,4.0,4.0,4.0,4.0,100.0,,,,,,,,,,,,,,,,,,,,,,,,,,,,,,,,,,,,,,,
12053,1754692288.773493,94.01051712036131,1754692288.868925,20.0,0.0,-57.58573138301367,-25.231122910888047,6.754906697303028,-22.45523897559346,-37.576434806437504,0.1859330691796969,1.2889639229767056,27.566085490517395,4.503381753020364,31.161333671389144,9.811143196092104,3.987869892096711,-1.2488895092124892,6.983073150229444,0.0,2.0,4.0,4.0,4.0,4.0,4.0,4.0,4.0,4.0,4.0,4.0,4.0,4.0,4.0,4.0,100.0,0.3904536962509155,0.64703369140625,-0.2769775390625,0.59344482421875,0.9961089491844176,0.1049820706248283,-0.1894560158252716,-47.702754974365234,-98.9944305419922,3.5889220237731934,,,,,,,,,,,,,,,,,,,,,,,,,,,,,
12054,1754692288.781296,94.01832008361816,1754692288.876629,21.0,0.0,-49.22847790239072,-14.85358050092188,-10.71623419428667,-24.574443596165537,-43.33979611628908,-2.0028856029884707,3.600026078039292,28.576962190440582,1.4226723380207034,37.318208078176696,14.159946957291623,9.486040261521367,0.3843755147411514,12.679586105874506,0.0,2.0,4.0,4.0,4.0,4.0,4.0,4.0,4.0,4.0,4.0,4.0,4.0,4.0,4.0,4.0,100.0,,,,,,,,,,,,,,,,,,,,,,,,,,,,,,,,,,,,,,,
12055,1754692288.789099,94.026123046875,1754692288.884432,22.0,0.0,-28.22016663983817,0.9356589862982788,-22.925950386395414,-22.76880982103052,-50.44966646756205,0.358110935433217,0.7135322981808372,21.552441570936992,-6.245448923023048,41.060669406483214,16.533844170756367,6.45282163382177,4.244312340403724,16.309822549915737,0.0,2.0,4.0,4.0,4.0,4.0,4.0,4.0,4.0,4.0,4.0,4.0,4.0,4.0,4.0,4.0,100.0,,,,,,,,,,,,,,,,,,,,,,,,,,,,,,,,,,,,,,,
12056,1754692288.796902,94.03392601013184,1754692288.892235,23.0,0.0,-14.605687713777884,5.811609331735923,-28.24851757298288,-24.08737290717258,-61.12400633200454,-7.547165173751949,-7.698931654007396,17.225347860693688,2.68651646668755,51.16407367591378,11.325091853284135,5.58181576551047,4.4467511243191495,12.551511520174842,0.0,2.0,4.0,4.0,4.0,4.0,4.0,4.0,4.0,4.0,4.0,4.0,4.0,4.0,4.0,4.0,100.0,,,,,,,,,,,,,,,,,,,,,,,,,,,,,,,,,,,,,,,
12057,1754692288.804705,94.04172897338869,1754692288.899938,24.0,0.0,-7.863023048136171,9.352990790801044,-25.61275259269852,-17.86261557556773,-68.96591354606326,-12.544856763226475,-9.287057341401493,17.996979973350875,11.4257956641828,59.83745749005183,7.635933567877231,4.40753879120993,1.2783141547332375,7.020159848142697,0.0,2.0,4.0,4.0,4.0,4.0,4.0,4.0,4.0,4.0,4.0,4.0,4.0,4.0,4.0,4.0,100.0,0.3934274315834045,0.64984130859375,-0.27557373046875,0.58905029296875,0.8535286784172058,0.0620126649737358,-0.146486610174179,-46.506446838378906,-98.24673461914062,2.8412299156188965,,,,,,,,,,,,,,,,,,,,,,,,,,,,,
12058,1754692288.812508,94.04953217506409,1754692288.907642,25.0,0.0,3.3223769801658705,17.865574388890025,-20.24100654232581,1.6876284366105097,-69.28510147044864,-10.977263116635015,-5.531377085369343,13.22332245869319,5.469288835748273,64.77503289364648,2.8249725505976926,-9.894884488920807,-6.227019925632078,8.349014696799884,0.0,2.0,4.0,4.0,4.0,4.0,4.0,4.0,4.0,4.0,4.0,4.0,4.0,4.0,4.0,4.0,100.0,,,,,,,,,,,,,,,,,,,,,,,,,,,,,,,,,,,,,,,
12059,1754692288.820311,94.05733513832092,1754692288.915445,26.0,0.0,6.676736473401832,24.64147829894449,-16.796566071347172,18.17923435622509,-72.47040248007676,-14.362420060455008,-2.5381222435185578,7.567370361151404,5.17855712604927,62.78400733344228,-2.4285487229881824,-24.82301618002072,-10.436917821360623,10.343344887719866,0.0,2.0,4.0,4.0,4.0,4.0,4.0,4.0,4.0,4.0,4.0,4.0,4.0,4.0,4.0,4.0,100.0,,,,,,,,,,,,,,,,,,,,,,,,,,,,,,,,,,,,,,,
12060,1754692288.828114,94.06513810157776,1754692288.923248,27.0,0.0,-1.5924041090875676,33.061820675403794,-15.165438534556928,33.576159578397835,-69.97883480504339,-13.058608378178237,-1.7278322727352702,7.853924685971776,9.027596719197788,55.34655144135871,-0.0478646522743133,-18.95323064294149,-7.480905052932997,7.026093060038818,0.0,2.0,4.0,4.0,4.0,4.0,4.0,4.0,4.0,4.0,4.0,4.0,4.0,4.0,4.0,4.0,100.0,,,,,,,,,,,,,,,,,,,,,,,,,,,,,,,,,,,,,,,
12061,1754692288.835917,94.0729410648346,1754692288.9308522,28.0,0.0,-4.212713750661408,42.1353756588623,-16.232630835784278,40.85424478356248,-55.481541529515255,-6.821350875453902,-5.6480589752482615,2.368959605482757,-2.0265930780538497,42.51029562167872,3.151629845642617,-3.5051149853102856,-3.799300467800606,13.671191805949036,0.0,2.0,4.0,4.0,4.0,4.0,4.0,4.0,4.0,4.0,4.0,4.0,4.0,4.0,4.0,4.0,100.0,0.3955422043800354,0.64959716796875,-0.27520751953125,0.58807373046875,0.9248188138008118,0.0664072632789611,-0.0634775310754776,-46.506446838378906,-98.9944305419922,3.887998819351196,,,,,,,,,,,,,,,,,,,,,,,,,,,,,
12062,1754692288.84372,94.08074402809144,1754692288.938555,29.0,0.0,-3.666873215402802,36.88615154976401,-7.424582901309577,33.461425497369646,-44.28068506883369,-12.017696964649303,-10.359277058755424,-7.810411417599653,-7.149941281053316,27.99703256512544,1.6417568173476411,3.211839316585838,-4.919498793049343,26.11771147448121,0.0,2.0,4.0,4.0,4.0,4.0,4.0,4.0,4.0,4.0,4.0,4.0,4.0,4.0,4.0,4.0,100.0,,,,,,,,,,,,,,,,,,,,,,,,,,,,,,,,,,,,,,,
12063,1754692288.851523,94.08854699134828,1754692288.946358,30.0,0.0,-7.3887871719962845,23.383004171084792,6.296493986590974,23.171326201727368,-27.72534324437089,-13.491966508855567,-6.529703328033122,-8.97594895611752,-3.143250448706624,13.14341558603195,0.5984609895680819,5.999319342662545,-12.681046451699842,30.202327858854403,0.0,2.0,4.0,4.0,4.0,4.0,4.0,4.0,4.0,4.0,4.0,4.0,4.0,4.0,4.0,4.0,100.0,,,,,,,,,,,,,,,,,,,,,,,,,,,,,,,,,,,,,,,
12064,1754692288.859326,94.0963499546051,1754692288.9541612,31.0,0.0,-10.891784780604269,20.96314785789121,-16.94757759821465,23.210606079917795,-8.94371363314309,-4.011896716323975,-4.56934848800671,-5.580052291298728,2.156822386368674,2.5058485365288448,6.268621668402773,12.173718537472212,-11.622219724408351,18.19150994361729,0.0,2.0,4.0,4.0,4.0,4.0,4.0,4.0,4.0,4.0,4.0,4.0,4.0,4.0,4.0,4.0,100.0,,,,,,,,,,,,,,,,,,,,,,,,,,,,,,,,,,,,,,,
12065,1754692288.867129,94.10415315628052,1754692288.9618652,32.0,0.0,-21.628161917197247,20.936819424498083,-59.9471812782794,20.919996296799184,-4.297768405963268,-4.906967187983298,-10.805953985179656,-8.850918516167383,7.950813080493447,-6.170362155303735,8.724784457120279,14.239048995131329,-2.70899546941422,10.259414197218176,0.0,2.0,4.0,4.0,4.0,4.0,4.0,4.0,4.0,4.0,4.0,4.0,4.0,4.0,4.0,4.0,100.0,0.6317333579063416,0.400634765625,-0.575439453125,0.33056640625,0.9951323866844176,0.0087891966104507,0.0346684977412223,-45.31013870239258,-98.24673461914062,2.5421531200408936,,,,,,,,,,,,,,,,,,,,,,,,,,,,,
12066,1754692288.874932,94.11195611953735,1754692288.969668,33.0,0.0,-34.15005032468113,11.221141918596942,-71.37492577429882,16.89384355127052,13.144000473823809,-5.943041047668402,-10.162759130783767,-11.407056762572182,3.5458400749917303,-16.97880194028491,2.373033759018682,10.38641754045969,0.723779076743341,10.48378648981091,0.0,2.0,4.0,4.0,4.0,4.0,4.0,4.0,4.0,4.0,4.0,4.0,4.0,4.0,4.0,4.0,100.0,,,,,,,,,,,,,,,,,,,,,,,,,,,,,,,,,,,,,,,
12067,1754692288.882735,94.1197590827942,1754692288.977471,34.0,0.0,-26.30273551611916,1.8627345771239727,-35.64029755712343,31.97586868513119,51.16112111904633,10.352215767348952,-0.7110684575571042,-7.33777501066541,-3.258374331447868,-25.61556381727658,-1.867264852387308,8.774183568930965,-4.519619681044361,7.057184187047113,0.0,2.0,4.0,4.0,4.0,4.0,4.0,4.0,4.0,4.0,4.0,4.0,4.0,4.0,4.0,4.0,100.0,,,,,,,,,,,,,,,,,,,,,,,,,,,,,,,,,,,,,,,
12068,1754692288.890538,94.12756204605104,1754692288.9851742,35.0,0.0,-17.586094702797226,-0.4549236221705257,-13.59583594151215,36.748614130901416,63.552591155700185,18.55421274994481,0.7691896927704249,-6.568862967326794,-1.4481262760418474,-39.47149429087628,-2.7420642736751404,9.003259397625271,6.024827199743214,-4.583299150924603,0.0,2.0,4.0,4.0,4.0,4.0,4.0,4.0,4.0,4.0,4.0,4.0,4.0,4.0,4.0,4.0,100.0,,,,,,,,,,,,,,,,,,,,,,,,,,,,,,,,,,,,,,,
12069,1754692288.898341,94.13536500930786,1754692288.992878,36.0,0.0,-25.46262969040652,2.580544198312623,-11.669778359009229,11.829923301903932,53.12524068745927,9.20541406838231,-6.72946330434695,-6.576119084531342,21.228426342643274,-50.36576009842463,-5.255961743335661,5.167738913828657,21.38170202190861,-10.22207635021357,0.0,2.0,4.0,4.0,4.0,4.0,4.0,4.0,4.0,4.0,4.0,4.0,4.0,4.0,4.0,4.0,100.0,0.6320181488990784,0.4019775390625,-0.57135009765625,0.33544921875,0.9770656824111938,0.0273441672325134,0.0014648661017417,-46.80552291870117,-99.29351043701172,3.887998819351196,,,,,,,,,,,,,,,,,,,,,,,,,,,,,
12070,1754692288.906144,94.1431679725647,1754692289.0006812,37.0,0.0,-26.87940195277201,2.946660908390413,3.724034425433047,-1.3797024865332332,68.06616930851919,7.743399484843167,-11.94124479490688,-6.76723454996386,8.056629543029203,-52.85988439705238,-6.002502520875851,1.2486471154077208,15.785864392478516,-1.5133023767014038,0.0,2.0,4.0,4.0,4.0,4.0,4.0,4.0,4.0,4.0,4.0,4.0,4.0,4.0,4.0,4.0,100.0,,,,,,,,,,,,,,,,,,,,,,,,,,,,,,,,,,,,,,,
12071,1754692288.913947,94.15097117424013,1754692289.008484,38.0,0.0,-18.43074708478622,-1.616550113436972,17.49090736927741,4.30578831034012,86.64473305516134,5.863323675366644,-9.671419211726118,-6.624059366849963,5.204210485408964,-44.27096394108099,-7.682956409207293,0.2388509454758036,12.085281528692292,0.3113924729026962,0.0,2.0,4.0,4.0,4.0,4.0,4.0,4.0,4.0,4.0,4.0,4.0,4.0,4.0,4.0,4.0,100.0,,,,,,,,,,,,,,,,,,,,,,,,,,,,,,,,,,,,,,,
12072,1754692288.92175,94.15877413749696,1754692289.0161872,39.0,0.0,0.9880176842690388,-6.246564160698085,24.03508163998697,9.17483816178003,78.12612852996892,2.897801288620599,-8.725987574197347,-7.528037006244517,5.589977852550987,-37.03119209891736,-10.053804471273338,-1.8304099579680724,17.10610343773385,-3.0456238623099807,0.0,2.0,4.0,4.0,4.0,4.0,4.0,4.0,4.0,4.0,4.0,4.0,4.0,4.0,4.0,4.0,100.0,,,,,,,,,,,,,,,,,,,,,,,,,,,,,,,,,,,,,,,
12073,1754692288.929553,94.16657710075378,1754692289.023891,40.0,0.0,9.11193920614744,7.707052071868134,22.479460044928715,-0.7058276792512288,45.32347516836455,-2.195879001766912,-14.25554256193061,-11.110443381017715,19.067206239315624,-42.06166763620911,-15.588746915362094,-9.957804308887605,14.497307315576222,-7.346344222668335,0.0,2.0,4.0,4.0,4.0,4.0,4.0,4.0,4.0,4.0,4.0,4.0,4.0,4.0,4.0,4.0,100.0,0.6339177489280701,0.4033203125,-0.56622314453125,0.33892822265625,0.9829251766204834,0.0517586022615432,0.0776379033923149,-47.85229110717773,-98.39627838134766,2.24307632446289,,,,,,,,,,,,,,,,,,,,,,,,,,,,,
12074,1754692288.937356,94.17438006401062,1754692289.0316942,41.0,0.0,3.6336136080267054,23.99383953698677,26.259943334368444,-2.302292958543632,30.413221353975104,11.22834687308611,-13.398971603899582,-15.050982232716734,0.2294919072460004,-43.528462706685815,-8.605888127857298,-7.350030119702325,8.560577916475012,-5.393819098730575,0.0,2.0,4.0,4.0,4.0,4.0,4.0,4.0,4.0,4.0,4.0,4.0,4.0,4.0,4.0,4.0,100.0,,,,,,,,,,,,,,,,,,,,,,,,,,,,,,,,,,,,,,,
12075,1754692288.945159,94.18218302726746,1754692289.039397,42.0,0.0,5.565532928359687,19.539743893414823,27.03417717813108,-1.8305540586446227,25.38351804196253,15.25531234477438,-5.093928606904512,-18.90237757902316,-22.97066112572412,-47.95124983569377,-9.867568318517726,-5.024079408737009,6.83687907123948,-5.841593951569678,0.0,2.0,4.0,4.0,4.0,4.0,4.0,4.0,4.0,4.0,4.0,4.0,4.0,4.0,4.0,4.0,100.0,,,,,,,,,,,,,,,,,,,,,,,,,,,,,,,,,,,,,,,
12076,1754692288.952962,94.18998599052428,1754692289.0472,43.0,0.0,17.155236922917908,13.758474604744066,25.422070215070026,-8.025723146611739,9.244898835909597,11.328021308134709,3.406336039249624,-9.748105623019086,-10.92120464562285,-39.99792309902577,-15.387308425710302,-6.917777661288795,6.579085457705929,-5.866735210080236,0.0,2.0,4.0,4.0,4.0,4.0,4.0,4.0,4.0,4.0,4.0,4.0,4.0,4.0,4.0,4.0,100.0,,,,,,,,,,,,,,,,,,,,,,,,,,,,,,,,,,,,,,,
12077,1754692288.960765,94.19778895378111,1754692289.054904,44.0,0.0,19.46316014246992,8.377828077530523,21.142186263844053,-10.354295118705464,-0.4821495739988108,10.341409012009136,7.428432671611574,-3.94647930811874,-7.344128081521319,-22.663445278391865,-10.331166796263858,-2.5527276911311105,5.231272301960928,-6.712048396333046,0.0,2.0,4.0,4.0,4.0,4.0,4.0,4.0,4.0,4.0,4.0,4.0,4.0,4.0,4.0,4.0,100.0,0.6354794502258301,0.405029296875,-0.5609130859375,0.3427734375,1.0717936754226685,0.0693369954824447,0.1337911039590835,-48.45044708251953,-98.24673461914062,2.8412299156188965,,,,,,,,,,,,,,,,,,,,,,,,,,,,,
12078,1754692288.968568,94.20559215545654,1754692289.0627072,45.0,0.0,17.516570139045683,2.2051261311458745,16.91712190104417,-20.218110692107444,-8.4980779273059,9.171158939211722,10.474401397199102,0.9226903007021008,-4.195910305675085,-12.564328599597417,-5.8723914255610055,1.0917093284980126,3.904585360200002,-7.226968328521622,0.0,2.0,4.0,4.0,4.0,4.0,4.0,4.0,4.0,4.0,4.0,4.0,4.0,4.0,4.0,4.0,100.0,,,,,,,,,,,,,,,,,,,,,,,,,,,,,,,,,,,,,,,
12079,1754692288.976371,94.21339511871338,1754692289.07051,46.0,0.0,26.006182179968164,-12.019825693334496,20.346508801007985,-38.196572580395696,-13.46678336478908,9.271224981433534,16.48211459113645,2.124734423221525,-4.349131810591189,-20.6724247111606,3.466963724365087,-1.401706042501246,5.983199947268986,-3.0754595298622007,0.0,2.0,4.0,4.0,4.0,4.0,4.0,4.0,4.0,4.0,4.0,4.0,4.0,4.0,4.0,4.0,100.0,,,,,,,,,,,,,,,,,,,,,,,,,,,,,,,,,,,,,,,
12080,1754692288.984174,94.2211980819702,1754692289.078213,47.0,0.0,36.99372760345403,-21.513928683050665,25.28130654996648,-45.90566204032467,-14.157001444142054,9.342754916696492,12.516081636452952,-0.7994531338993625,3.793987112771162,-15.153793683935248,5.027372223160171,-4.052649929024767,-1.1126132052330036,1.9576034596713607,0.0,2.0,4.0,4.0,4.0,4.0,4.0,4.0,4.0,4.0,4.0,4.0,4.0,4.0,4.0,4.0,100.0,,,,,,,,,,,,,,,,,,,,,,,,,,,,,,,,,,,,,,,
12081,1754692288.991977,94.22900104522704,1754692289.085917,48.0,0.0,30.34820751747236,-27.77785131911844,17.119955379013277,-38.141038071749904,-9.688352046229852,5.946669605554575,9.003013284513031,-6.33844671470581,9.591214213879423,-1.3171075986698495,-1.9619199515774424,-2.345298221502276,-8.649963651064013,5.663053247451785,0.0,2.0,4.0,4.0,4.0,4.0,4.0,4.0,4.0,4.0,4.0,4.0,4.0,4.0,4.0,4.0,100.0,0.6371958255767822,0.405517578125,-0.55755615234375,0.344482421875,1.093278408050537,0.088380254805088,0.1347676813602447,-47.40367889404297,-98.39627838134766,2.9907681941986084,,,,,,,,,,,,,,,,,,,,,,,,,,,,,
12082,1754692288.99978,94.23680400848389,1754692289.09362,49.0,0.0,34.3842455427814,-15.495829606532196,17.950673970228536,-14.797053867351451,-8.24207061423499,5.274591213483973,12.57829379484997,-7.041730206039347,7.800431783231261,3.952657262075945,-5.649336986696426,0.1045905235712325,-7.125876292732528,2.684672703105889,0.0,2.0,4.0,4.0,4.0,4.0,4.0,4.0,4.0,4.0,4.0,4.0,4.0,4.0,4.0,4.0,100.0,,,,,,,,,,,,,,,,,,,,,,,,,,,,,,,,,,,,,,,
12083,1754692289.007583,94.24460697174072,1754692289.101423,50.0,0.0,31.940410420294143,-0.0784336410141577,15.658978412038891,3.2122415775239688,-13.526912608352063,6.27981417667354,9.31252192151362,-8.561667929236933,-3.5496415542496607,4.827545236441551,-10.494553413106928,5.908930288212218,-17.567572897885952,-8.038788154350527,0.0,2.0,4.0,4.0,4.0,4.0,4.0,4.0,4.0,4.0,4.0,4.0,4.0,4.0,4.0,4.0,100.0,,,,,,,,,,,,,,,,,,,,,,,,,,,,,,,,,,,,,,,
12084,1754692289.015386,94.25241017341614,1754692289.109226,51.0,0.0,9.15267139312084,-3.1325123944556026,7.032693284833499,6.743605047124333,-17.799865622248376,1.0790781962251683,4.633026060108136,-4.116275993993327,-4.047710086881921,19.898913060081327,-11.717557808153174,30.271469954052577,-30.418407526755686,-8.191904112960287,0.0,2.0,4.0,4.0,4.0,4.0,4.0,4.0,4.0,4.0,4.0,4.0,4.0,4.0,4.0,4.0,100.0,,,,,,,,,,,0.0,1.0,154.05889892578125,1.0,126.37189483642578,0.0,372.9845275878906,0.0,180.52377319335932,0.0,115.08977508544922,0.0,156.2691192626953,0.0,163.15878295898438,0.0,141.28582763671875,0.0,145.41383361816406,0.0,157.36746215820312,0.0,145.92337036132812,0.0,153.2355499267578,0.0,230.83677673339844,0.0,212.0559844970703
12085,1754692289.023189,94.26021313667296,1754692289.11693,52.0,0.0,-12.794721170972366,-5.258996793634992,3.820501136161624,8.189342217107992,-21.179357626841806,-6.24673934357304,3.0961347677431377,5.640813882646512,5.357972437472313,38.97520700161897,-7.415098545622982,46.86053001538869,-30.361858184366497,1.0054124588074274,0.0,2.0,4.0,4.0,4.0,4.0,4.0,4.0,4.0,4.0,4.0,4.0,4.0,4.0,4.0,4.0,100.0,0.6384751200675964,0.40582275390625,-0.55560302734375,0.34490966796875,1.064469337463379,0.1040054932236671,0.1176775768399238,-47.10459899902344,-98.09719848632812,4.486152648925781,,,,,,,,,,,,,,,,,,,,,,,,,,,,,
12086,1754692289.030992,94.2680160999298,1754692289.124633,53.0,0.0,-25.747668212432583,7.348022659357298,3.995366356822956,18.883882223702017,-19.208001554438056,-8.206019503066841,-0.588075109706665,6.210357881130108,-4.984190094354858,42.94974427226623,-7.305772932203695,30.57987098905903,-29.734152784106183,3.530310742021697,0.0,2.0,4.0,4.0,4.0,4.0,4.0,4.0,4.0,4.0,4.0,4.0,4.0,4.0,4.0,4.0,100.0,,,,,,,,,,,,,,,,,,,,,,,,,,,,,,,,,,,,,,,
12087,1754692289.038795,94.27581906318665,1754692289.132436,54.0,0.0,-29.10582987889165,12.709521692713224,1.404912611679265,26.140469549026875,-17.2045576981277,-8.446453728421147,-3.62363325821616,8.933531703843073,-6.133069653991242,45.8586227075316,-7.318503733612033,16.29115717526429,-35.85510687643,2.47369436600502,0.0,2.0,4.0,4.0,4.0,4.0,4.0,4.0,4.0,4.0,4.0,4.0,4.0,4.0,4.0,4.0,100.0,,,,,,,,,,,,,,,,,,,,,,,,,,,,,,,,,,,,,,,
12088,1754692289.046598,94.28362202644348,1754692289.140239,55.0,0.0,-37.80503945794709,5.9264641083006495,-3.0944427516822657,18.75003703632564,-23.419462243348164,-12.452798062013528,-2.6480706948125885,14.451925945315168,1.4283689807581936,48.70130947534898,-4.567008337764321,17.799916249086152,-35.901427385983936,0.9555608118986924,0.0,2.0,4.0,4.0,4.0,4.0,4.0,4.0,4.0,4.0,4.0,4.0,4.0,4.0,4.0,4.0,100.0,,,,,,,,,,,,,,,,,,,,,,,,,,,,,,,,,,,,,,,
12089,1754692289.054401,94.29142498970032,1754692289.147943,56.0,0.0,-46.04115597033643,8.605319876592773,1.133649138764838,17.543242856864424,-20.572401607602217,-10.2038548769886,-0.6354348040470654,12.53321517365083,-5.929777260846379,49.78645354128565,-4.338249961041868,15.573964672084628,-32.97389791057441,-1.1648672860845295,0.0,2.0,4.0,4.0,4.0,4.0,4.0,4.0,4.0,4.0,4.0,4.0,4.0,4.0,4.0,4.0,100.0,0.6390877366065979,0.40631103515625,-0.5535888671875,0.346435546875,0.9853665828704834,0.0815442129969596,0.1088883802294731,-46.05783081054688,-99.59258270263672,4.635690689086914,,,,,,,,,,,,,,,,,,,,,,,,,,,,,
12090,1754692289.062204,94.29922795295715,1754692289.155646,57.0,0.0,-46.50351918486399,16.41275412048958,3.952353202828135,22.503946639715423,-8.699126207093968,-4.212881904710457,-5.980370520458337,8.280555262852204,-10.249570085815094,51.97977102675054,-4.222396715102377,8.599501126193218,-33.67169183301576,2.2823657554915826,0.0,2.0,4.0,4.0,4.0,4.0,4.0,4.0,4.0,4.0,4.0,4.0,4.0,4.0,4.0,4.0,100.0,,,,,,,,,,,,,,,,,,,,,,,,,,,,,,,,,,,,,,,
12091,1754692289.070007,94.30703115463255,1754692289.163449,58.0,0.0,-47.05794865879562,17.14607309489537,-5.008205497551273,25.98117780133652,-5.054656167459427,-6.069758700062096,-12.667576105850742,7.094866272174556,-5.428887512041285,46.96336700214823,1.783550791165169,3.720667062124164,-26.181128044663467,8.962423751650192,0.0,2.0,4.0,4.0,4.0,4.0,4.0,4.0,4.0,4.0,4.0,4.0,4.0,4.0,4.0,4.0,100.0,,,,,,,,,,,,,,,,,,,,,,,,,,,,,,,,,,,,,,,
12092,1754692289.07781,94.3148341178894,1754692289.171252,59.0,0.0,-41.06044533245961,13.896362055793247,-9.952567607328206,27.09844072941894,-5.506435521378194,-7.5080808970980115,-12.293467857077417,7.234839446870296,-4.179526220362391,37.7259203432435,6.56492516322885,2.6858932242638502,-16.936415873957344,10.660952411803803,0.0,2.0,4.0,4.0,4.0,4.0,4.0,4.0,4.0,4.0,4.0,4.0,4.0,4.0,4.0,4.0,100.0,,,,,,,,,,,,,,,,,,,,,,,,,,,,,,,,,,,,,,,
12093,1754692289.085613,94.32263708114624,1754692289.178956,60.0,0.0,-29.253261206821776,7.978971268455893,-11.445026381935918,17.76309031099379,2.6501398830413336,-5.366389914480919,-12.325769834061362,12.580495303155544,-3.957051405612788,31.183268754992127,4.395181645315802,2.669149821310725,-10.578676679778823,2.208675381748776,0.0,2.0,4.0,4.0,4.0,4.0,4.0,4.0,4.0,4.0,4.0,4.0,4.0,4.0,4.0,4.0,100.0,0.640733540058136,0.40692138671875,-0.55096435546875,0.34686279296875,0.9096818566322328,0.0952162966132164,0.1147478446364402,-47.702754974365234,-96.75135803222656,2.8412299156188965,,,,,,,,,,,,,,,,,,,,,,,,,,,,,
12094,1754692289.093416,94.33044004440308,1754692289.186659,61.0,0.0,-16.821465397727593,3.50105896184175,-17.64947959627591,10.486704601230372,13.64502540636829,-5.159257460338836,-11.000021825953922,12.994505767990518,-3.3083830368083227,20.29207921250361,3.427851282566621,-1.2185604220577488,-4.074855790717379,-3.654558135716457,0.0,2.0,4.0,4.0,4.0,4.0,4.0,4.0,4.0,4.0,4.0,4.0,4.0,4.0,4.0,4.0,100.0,,,,,,,,,,,,,,,,,,,,,,,,,,,,,,,,,,,,,,,
12095,1754692289.101219,94.33824300765993,1754692289.194462,62.0,0.0,-8.030301101492455,-0.0031071069964809,-21.38306093281369,9.738074130001335,12.645256865509168,-6.180939656987334,-8.745465286173726,8.98461039401684,-3.4051868455024987,11.493983188529114,5.08909253051354,-6.868948684504517,2.1959002989489136,0.1885790705115368,0.0,2.0,4.0,4.0,4.0,4.0,4.0,4.0,4.0,4.0,4.0,4.0,4.0,4.0,4.0,4.0,100.0,,,,,,,,,,,,,,,,,,,,,,,,,,,,,,,,,,,,,,,
12096,1754692289.109022,94.34604597091676,1754692289.202265,63.0,0.0,-4.199383502394596,-10.886391587150284,-18.14615161764192,6.505707323828062,8.691837642147163,-3.878776795842498,-10.270666148470411,25.894897352909936,-5.591024161590724,3.012932606343327,10.272436565301575,-5.2551181460758585,8.867934558500508,0.713825033585124,0.0,2.0,4.0,4.0,4.0,4.0,4.0,4.0,4.0,4.0,4.0,4.0,4.0,4.0,4.0,4.0,100.0,,,,,,,,,,,,,,,,,,,,,,,,,,,,,,,,,,,,,,,
12097,1754692289.116825,94.35384917259216,1754692289.209969,64.0,0.0,-3.406329970635284,-19.104122190334124,-9.143957068950272,4.871378485045284,12.682578558482987,-1.878772951118549,-11.008317555003828,59.82052255113706,1.546326157954013,1.595330285536079,8.204902335242991,-1.918394452682037,11.249009732547734,-9.014439889342498,3368.0,2.0,4.0,4.0,4.0,4.0,4.0,4.0,4.0,4.0,4.0,4.0,4.0,4.0,4.0,4.0,100.0,0.4097805917263031,0.628173828125,-0.27813720703125,0.60009765625,0.9707179665565492,0.1684596091508865,0.125978484749794,-47.2541389465332,-97.4990463256836,2.0935378074646,,,,,,,,,,,,,,,,,,,,,,,,,,,,,
12098,1754692289.124628,94.361652135849,1754692289.217672,65.0,0.0,4.001204780455225,-8.707309534864237,-6.984337851356088,14.363306190950825,18.184317811709604,0.0705882640654067,-9.573682670416076,58.41102066809293,-0.9532771335380515,-6.194084023952257,4.73154140951641,-6.918197709745584,12.24656226455494,-12.671376783555443,3499.0,2.0,4.0,4.0,4.0,4.0,4.0,4.0,4.0,4.0,4.0,4.0,4.0,4.0,4.0,4.0,100.0,,,,,,,,,,,,,,,,,,,,,,,,,,,,,,,,,,,,,,,
12099,1754692289.132431,94.36945509910583,1754692289.225475,66.0,0.0,5.135910180608789,1.3753699141120703,-1.253881780671236,16.789687058920663,16.060618651713867,0.1399002340458537,-9.10293176236928,37.13773749432357,-5.543437348068437,-14.974342931199772,-0.84209883413223,-13.37566086304014,10.09116939647447,-10.412445226126238,3506.0,2.0,4.0,4.0,4.0,4.0,4.0,4.0,4.0,4.0,4.0,4.0,4.0,4.0,4.0,4.0,100.0,,,,,,,,,,,,,,,,,,,,,,,,,,,,,,,,,,,,,,,
12100,1754692289.140234,94.37725806236269,1754692289.233278,67.0,0.0,0.4375339127062148,-1.3184669676572298,6.906644008243632,25.49054677135001,15.147446533182858,1.0188959378477307,-7.2882444064836704,25.26616844391839,-3.878034318148536,-20.07398386764516,-1.6854071897652716,-14.85534637515292,5.807079023257131,-16.48398500883303,3622.0,2.0,4.0,4.0,4.0,4.0,4.0,4.0,4.0,4.0,4.0,4.0,4.0,4.0,4.0,4.0,100.0,,,,,,,,,,,,,,,,,,,,,,,,,,,,,,,,,,,,,,,
12101,1754692289.148037,94.3850610256195,1754692289.240982,68.0,0.0,-1.527178658080402,-4.887599863004425,7.364084242420404,43.26072722030608,15.313433979098818,6.719096122409837,-0.4485454692401163,16.710331298911342,3.761731366225149,-21.92895649494972,-11.872320824637654,-19.364191229510425,0.8907330839072074,-25.03368859600528,3635.0,2.0,4.0,4.0,4.0,4.0,4.0,4.0,4.0,4.0,4.0,4.0,4.0,4.0,4.0,4.0,100.0,0.413634330034256,0.62823486328125,-0.278076171875,0.597412109375,1.089860439300537,0.2402380406856537,0.1240253299474716,-46.05783081054688,-97.94766235351562,3.887998819351196,,,,,,,,,,,,,,,,,,,,,,,,,,,,,
12102,1754692289.15584,94.39286398887634,1754692289.2486851,69.0,0.0,-3.99400315710119,-7.129206044044452,9.494368827259391,42.40349814287282,15.406004047709018,17.314072707625826,13.894943235892413,5.966187305751362,3.349945556252976,-26.55340707195529,-19.12751438211609,-22.8426056264928,-2.4547213418944125,-26.80880079403215,3530.0,2.0,4.0,4.0,4.0,4.0,4.0,4.0,4.0,4.0,4.0,4.0,4.0,4.0,4.0,4.0,100.0,,,,,,,,,,,,,,,,,,,,,,,,,,,,,,,,,,,,,,,
12103,1754692289.163643,94.40066695213318,1754692289.256488,70.0,0.0,1.7735255118063833,-8.72132321379695,4.779407514643935,18.815552052332805,6.249584121106636,14.568176417111772,15.892463298840084,-1.5896995419816449,5.205959579017872,-21.95216380435432,-12.27890551105702,-18.96023152220096,4.581451540260787,-22.22901680440328,3509.0,2.0,4.0,4.0,4.0,4.0,4.0,4.0,4.0,4.0,4.0,4.0,4.0,4.0,4.0,4.0,100.0,,,,,,,,,,,,,,,,,,,,,,,,,,,,,,,,,,,,,,,
12104,1754692289.171446,94.4084701538086,1754692289.264291,71.0,0.0,10.214140073336978,-11.99641805437176,5.631187528167459,-6.2057889823328765,3.4038395357900413,16.730176859181313,21.91738787371997,-2.872017925076932,11.453061170316062,-12.58694532003136,-9.628003345828972,-12.548160213162362,12.816612840901882,-22.47320710818957,3506.0,2.0,4.0,4.0,4.0,4.0,4.0,4.0,4.0,4.0,4.0,4.0,4.0,4.0,4.0,4.0,100.0,,,,,,,,,,,,,,,,,,,,,,,,,,,,,,,,,,,,,,,
12105,1754692289.179249,94.41627311706544,1754692289.271995,72.0,0.0,15.450016872807623,-10.84871273354122,10.029579988417368,-9.802942002562872,-0.7399723335689714,28.9780857844097,35.83882216737072,-10.694578988703256,5.552118510432024,-1.7418111278390145,-11.419128858821864,-8.0524109189829,17.981958818940598,-16.639382502737703,3618.0,2.0,4.0,4.0,4.0,4.0,4.0,4.0,4.0,4.0,4.0,4.0,4.0,4.0,4.0,4.0,100.0,0.4129661619663238,0.6297607421875,-0.27679443359375,0.59686279296875,1.0522621870040894,0.2241245210170745,0.0922865644097328,-48.0018310546875,-97.94766235351562,2.5421531200408936,,,,,,,,,,,,,,,,,,,,,,,,,,,,,
12106,1754692289.187052,94.42407608032228,1754692289.279698,73.0,0.0,6.54256475299411,-3.0886872917959067,14.22882041094357,-16.49434116277058,-8.178822433695188,28.298608651721626,40.13990393561966,-17.129846419674834,2.969568276268035,0.5978518477936063,-8.533377668149626,-4.5379178943586,16.757530508598336,-9.380905421552654,3629.0,2.0,4.0,4.0,4.0,4.0,4.0,4.0,4.0,4.0,4.0,4.0,4.0,4.0,4.0,4.0,100.0,,,,,,,,,,,,,,,,,,,,,,,,,,,,,,,,,,,,,,,
12107,1754692289.194855,94.4318790435791,1754692289.287501,74.0,0.0,-3.740143258643741,-0.1824640742154883,10.66341812909758,-29.269869014337303,-16.57790877348026,16.246745867773086,34.80550188231899,-15.440375491858331,8.223684813738316,5.637654520144849,-6.364653727755297,-3.9379152703675686,11.621449119214674,-10.29958113199865,3652.0,2.0,4.0,4.0,4.0,4.0,4.0,4.0,4.0,4.0,4.0,4.0,4.0,4.0,4.0,4.0,100.0,,,,,,,,,,,,,,,,,,,,,,,,,,,,,,,,,,,,,,,
12108,1754692289.202658,94.43968200683594,1754692289.295304,75.0,0.0,-2.5079396062050705,5.485429591944524,3.644276942293402,-29.57784343650696,-19.16841639920807,10.120797573268248,27.63122934121526,-15.240284279377136,15.6641156116753,12.360377955586555,-3.1687454838765348,-6.650323721521033,8.3167889834736,-15.92165485523168,3581.0,2.0,4.0,4.0,4.0,4.0,4.0,4.0,4.0,4.0,4.0,4.0,4.0,4.0,4.0,4.0,100.0,,,,,,,,,,,,,,,,,,,,,,,,,,,,,,,,,,,,,,,
12109,1754692289.210461,94.44748497009276,1754692289.3029082,76.0,0.0,-4.331981881673016,9.42549764815618,0.0967333909730427,-23.849882432745687,-18.0333523829035,5.864837437372955,22.57763404107488,-21.949977981526388,9.801022083536338,16.33110431630081,5.209457965372224,-9.111416639890592,7.862241223903823,-15.015369144214617,3580.0,2.0,4.0,4.0,4.0,4.0,4.0,4.0,4.0,4.0,4.0,4.0,4.0,4.0,4.0,4.0,100.0,0.4074839651584625,0.63140869140625,-0.27655029296875,0.5989990234375,1.0288243293762207,0.1479514837265014,0.0888685435056686,-46.05783081054688,-97.4990463256836,1.3458456993103027,,,,,,,,,,,,,,,,,,,,,,,,,,,,,
12110,1754692289.218264,94.4552881717682,1754692289.3107111,77.0,0.0,-8.796049053884133,7.40291430463941,-2.625860705948241,-22.50233190375156,-20.24572104096177,-1.7524754161310625,18.62660247429386,-19.96577442504412,10.544401018375368,15.25020722514165,11.104956353554655,-9.199571941996226,12.26841329303744,-6.67831455860977,3336.0,2.0,4.0,4.0,4.0,4.0,4.0,4.0,4.0,4.0,4.0,4.0,4.0,4.0,4.0,4.0,100.0,,,,,,,,,,,,,,,,,,,,,,,,,,,,,,,,,,,,,,,
12111,1754692289.226067,94.46309113502502,1754692289.318514,78.0,0.0,-6.619334827214573,11.48056341143814,-5.203126929192933,-21.29229843063792,-21.013612718693423,-12.925677435348518,16.843497098750447,-17.085512565375268,15.0478093829974,19.8537404976068,13.32429964702618,-13.114396355435076,19.088124296562853,-1.99013689427062,3652.0,2.0,4.0,4.0,4.0,4.0,4.0,4.0,4.0,4.0,4.0,4.0,4.0,4.0,4.0,4.0,100.0,,,,,,,,,,,,,,,,,,,,,,,,,,,,,,,,,,,,,,,
12112,1754692289.23387,94.47089409828186,1754692289.3262172,79.0,0.0,-1.0994132686213334,14.886826859074176,-6.223587543090503,-14.439527181677818,-12.915658810119908,-28.82467112212805,12.579014184096309,-22.011683509453064,11.882184836465626,23.83986479381804,14.423163727908673,-15.703986146900093,13.960226159821673,-3.743238376874048,3581.0,2.0,4.0,4.0,4.0,4.0,4.0,4.0,4.0,4.0,4.0,4.0,4.0,4.0,4.0,4.0,100.0,,,,,,,,,,,,,,,,,,,,,,,,,,,,,,,,,,,,,,,
12113,1754692289.241673,94.4786970615387,1754692289.3339212,80.0,0.0,0.8744291445334511,13.987938239603636,-4.000305020348833,-10.728758495323518,-8.960472764229735,-43.07919320460519,4.311854028387415,-30.964431136327903,3.611213395249024,20.03698338196341,13.914672055484743,-10.751826477718396,8.011546681658501,6.880493030073694,3580.0,2.0,4.0,4.0,4.0,4.0,4.0,4.0,4.0,4.0,4.0,4.0,4.0,4.0,4.0,4.0,100.0,0.3990416824817657,0.632080078125,-0.27777099609375,0.6033935546875,0.935561180114746,0.0332036316394805,0.1010757610201835,-48.59998321533203,-99.89166259765624,-0.1495384126901626,,,,,,,,,,,,,,,,,,,,,,,,,,,,,
12114,1754692289.249476,94.48650002479552,1754692289.3417242,81.0,0.0,2.5446527531906327,18.34322977970197,-6.824387914422175,-6.734496740777274,-14.637601949770383,-46.86269727891085,-10.501819303362195,-33.04150743062945,0.3771653803594859,9.836418640735983,14.983346673535664,-3.680879489260121,15.919346749587303,15.678818078705092,3336.0,2.0,4.0,4.0,4.0,4.0,4.0,4.0,4.0,4.0,4.0,4.0,4.0,4.0,4.0,4.0,100.0,,,,,,,,,,,,,,,,,,,,,,,,,,,,,,,,,,,,,,,
12115,1754692289.257279,94.49430298805235,1754692289.3495271,82.0,0.0,8.671473043331332,20.803587738686417,-11.53376909515424,1.7123736954835636,-16.383730127594447,-39.52514799963007,-13.910426323556806,-29.179029685955413,-2.1089481203785567,3.068006930275658,17.635843464518928,-0.139440922354936,19.39940617330825,14.240730792353986,3652.0,2.0,4.0,4.0,4.0,4.0,4.0,4.0,4.0,4.0,4.0,4.0,4.0,4.0,4.0,4.0,100.0,,,,,,,,,,,,,,,,,,,,,,,,,,,,,,,,,,,,,,,
12116,1754692289.265082,94.5021059513092,1754692289.3572302,83.0,0.0,15.386636512317182,11.929083754511794,-13.09544472913194,0.863729648316621,-15.349310023008911,-30.69637652851634,-14.322989839224649,-23.12579043999949,-2.551961736629892,-0.6542066347587934,16.55923845119787,3.282573202109233,16.757983323648205,14.549216334807625,3581.0,2.0,4.0,4.0,4.0,4.0,4.0,4.0,4.0,4.0,4.0,4.0,4.0,4.0,4.0,4.0,100.0,,,,,,,,,,,,,,,,,,,,,,,,,,,,,,,,,,,,,,,
12117,1754692289.272885,94.50990915298462,1754692289.364934,84.0,0.0,21.685728079830422,5.505090723958404,-12.70412600511321,1.410675951918222,-12.74654436964687,-21.19494416923993,-12.943886253525704,-16.14907007303367,-1.5734187832271689,-2.438253841437416,16.407115753826986,7.256148218393321,15.290428105154716,18.07591259991574,3580.0,2.0,4.0,4.0,4.0,4.0,4.0,4.0,4.0,4.0,4.0,4.0,4.0,4.0,4.0,4.0,100.0,0.3928801715373993,0.63128662109375,-0.2791748046875,0.60760498046875,0.8999160528182983,-0.053223468363285,0.1098649576306343,-48.15137100219727,-101.2375030517578,-0.1495384126901626,,,,,,,,,,,,,,,,,,,,,,,,,,,,,
12118,1754692289.280688,94.51771211624146,1754692289.3727372,85.0,0.0,24.37733046979804,0.6111878014772856,-13.989746122757763,8.591669668815598,-9.21373316721008,-15.02321796190779,-13.715493758913794,-12.215401519614147,-3.037386578380733,-6.15189626036215,13.439427755219754,7.9761323000544735,16.31266522682529,23.448006210690096,3336.0,2.0,4.0,4.0,4.0,4.0,4.0,4.0,4.0,4.0,4.0,4.0,4.0,4.0,4.0,4.0,100.0,,,,,,,,,,,,,,,,,,,,,,,,,,,,,,,,,,,,,,,
12119,1754692289.288491,94.52551507949828,1754692289.38054,86.0,0.0,26.120210798961864,-5.511637381351363,-14.095908964204853,8.759456408335893,-4.471095225340093,-8.649835262546446,-13.094575830023755,-7.773051221488629,-3.3269147726547885,-8.197531490363588,11.387032426222332,9.133741256640237,12.37205980938444,20.091541247305315,3652.0,2.0,4.0,4.0,4.0,4.0,4.0,4.0,4.0,4.0,4.0,4.0,4.0,4.0,4.0,4.0,100.0,,,,,,,,,,,,,,,,,,,,,,,,,,,,,,,,,,,,,,,
12120,1754692289.296294,94.53331804275513,1754692289.388243,87.0,0.0,26.779962034389712,-10.323699746113276,-13.68190588087208,5.897805380140028,-4.189373938979941,-3.076483690605244,-12.11091384930586,-3.816707053452035,-3.4041972269785106,-9.568966394284132,9.38970136215886,9.851315715832982,8.768221562000974,16.74213318792073,3581.0,2.0,4.0,4.0,4.0,4.0,4.0,4.0,4.0,4.0,4.0,4.0,4.0,4.0,4.0,4.0,100.0,,,,,,,,,,,,,,,,,,,,,,,,,,,,,,,,,,,,,,,
12121,1754692289.304097,94.54112100601196,1754692289.395947,88.0,0.0,22.07183747220148,-20.63105938451093,-17.72176205097452,5.779404442420912,-1.3067238796715517,2.1608289630058266,-17.07084090508755,-3.3966300860378738,-5.179286637453004,-13.1460150531438,6.452133357871901,11.50930939414144,8.636288893007588,18.44356747875014,3580.0,2.0,4.0,4.0,4.0,4.0,4.0,4.0,4.0,4.0,4.0,4.0,4.0,4.0,4.0,4.0,100.0,0.3900321722030639,0.63018798828125,-0.28045654296875,0.6099853515625,0.9677882194519044,0.0112306401133537,0.1059586480259895,-48.15137100219727,-100.48981475830078,1.1963073015213013,,,,,,,,,,,,,,,,,,,,,,,,,,,,,
12122,1754692289.3119,94.5489239692688,1754692289.4037502,89.0,0.0,23.4943545568384,-28.554253134938,-8.912363908067732,4.486261539580823,3.28625390554214,2.2811059451991014,-24.10795145134909,-9.231376479748748,-12.762540602571448,-15.76890282607394,10.341697599811935,16.234038646412387,10.510962000253926,27.4181798389817,3336.0,2.0,4.0,4.0,4.0,4.0,4.0,4.0,4.0,4.0,4.0,4.0,4.0,4.0,4.0,4.0,100.0,,,,,,,,,,,,,,,,,,,,,,,,,,,,,,,,,,,,,,,
12123,1754692289.319703,94.5567271709442,1754692289.4115531,90.0,0.0,19.11455267323919,-30.612592110573303,2.0716834967391264,-1.3072279800332467,5.771672444537046,2.6638050949107424,-22.682473901693527,-7.705062483526206,-13.696893773377894,-15.214172769129334,4.484516949012061,13.253062420700472,7.717506251738371,17.560798903407715,3652.0,2.0,4.0,4.0,4.0,4.0,4.0,4.0,4.0,4.0,4.0,4.0,4.0,4.0,4.0,4.0,100.0,,,,,,,,,,,,,,,,,,,,,,,,,,,,,,,,,,,,,,,
12124,1754692289.327506,94.56453013420104,1754692289.419256,91.0,0.0,19.77344943794168,-27.2938234962092,-6.3867924147292,3.596126639509009,9.820260732072882,7.3496190479719985,-20.253602150501425,-5.362079292381907,-12.877027678552452,-11.163503428239268,-3.868242984042638,11.222799632617068,12.084840314539347,6.014611699839122,3581.0,2.0,4.0,4.0,4.0,4.0,4.0,4.0,4.0,4.0,4.0,4.0,4.0,4.0,4.0,4.0,100.0,,,,,,,,,,,,,,,,,,,,,,,,,,,,,,,,,,,,,,,
12125,1754692289.335309,94.57233309745789,1754692289.42696,92.0,0.0,19.63983103104738,-16.831186379848532,-31.775402403226053,11.71184572151651,13.82546820834159,17.116262324687796,-16.109300886708297,-3.829325152436013,-17.312664501087056,-10.831107656749737,-8.912943392063426,10.386377614460343,8.719126526974833,8.865327225005785,3580.0,2.0,4.0,4.0,4.0,4.0,4.0,4.0,4.0,4.0,4.0,4.0,4.0,4.0,4.0,4.0,100.0,0.3896602690219879,0.63043212890625,-0.28082275390625,0.60980224609375,0.9795071482658386,0.020508125424385,0.1054703593254089,-48.45044708251953,-100.04119873046876,0.2990768253803253,,,,,,,,,,,,,,,,,,,,,,,,,,,,,
12126,1754692289.343112,94.58013606071472,1754692289.434663,93.0,0.0,16.770826458485658,-22.215244588007977,-36.7597882255601,7.221382039388459,14.75406992311116,22.884702458497827,-8.437329244999205,3.365817854174452,-8.71413277574186,-9.255690017434633,-11.30453916482577,10.43285866228905,1.1396256315455275,4.247467850778207,3336.0,2.0,4.0,4.0,4.0,4.0,4.0,4.0,4.0,4.0,4.0,4.0,4.0,4.0,4.0,4.0,100.0,,,,,,,,,,,,,,,,,,,,,,,,,,,,,,,,,,,,,,,
12127,1754692289.350915,94.58793902397156,1754692289.442466,94.0,0.0,15.723198083587365,-41.3379970163868,-6.466429082316495,-4.241307378138004,10.08270040132686,22.037575225681508,0.9191412751866892,7.616304386032084,-2.4075500063780737,-8.09541947778041,-5.495040246549593,10.952760534678076,-0.0078193491634692,-11.059752055169952,3652.0,2.0,4.0,4.0,4.0,4.0,4.0,4.0,4.0,4.0,4.0,4.0,4.0,4.0,4.0,4.0,100.0,,,,,,,,,,,,,,,,,,,,,,,,,,,,,,,,,,,,,,,
12128,1754692289.358718,94.5957419872284,1754692289.4502702,95.0,0.0,12.302857520512816,-48.73810580609438,6.796780617542709,-12.077128678401325,4.996295361116836,20.12798548310343,7.872318553184186,8.81064642651313,-8.182642336355684,-12.353414314265365,-1.878607933662579,11.03759636402424,-6.337662009937276,-12.978793116714542,3581.0,2.0,4.0,4.0,4.0,4.0,4.0,4.0,4.0,4.0,4.0,4.0,4.0,4.0,4.0,4.0,100.0,,,,,,,,,,,,,,,,,,,,,,,,,,,,,,,,,,,,,,,
12129,1754692289.366521,94.60354495048524,1754692289.457973,96.0,0.0,7.350920645716485,-36.65394240381926,8.518075508692561,-15.644739584205183,-1.2996060012488329,19.98802139105732,9.532502289235651,13.029464429064715,-4.71782893766482,-10.195662762264476,-7.405770044990334,9.732244713234593,-7.953518205041803,-4.024775254698909,3580.0,2.0,4.0,4.0,4.0,4.0,4.0,4.0,4.0,4.0,4.0,4.0,4.0,4.0,4.0,4.0,100.0,0.3905681073665619,0.6312255859375,-0.280029296875,0.6087646484375,0.9599756002426147,0.0415045395493507,0.0771496146917343,-47.10459899902344,-100.19073486328124,0.1495384126901626,,,,,,,,,,,,,,,,,,,,,,,,,,,,,
12130,1754692289.374324,94.61134815216064,1754692289.465676,97.0,0.0,0.1237474175875377,-36.41884501354184,10.25194646110981,-22.539781845159496,-18.85418770272168,17.142369134441424,6.025289688812563,13.68180842155357,7.647958398870969,-2.76144860530826,-8.445573462821585,2.538848153292065,0.9310443361148372,-6.059865926548127,3336.0,2.0,4.0,4.0,4.0,4.0,4.0,4.0,4.0,4.0,4.0,4.0,4.0,4.0,4.0,4.0,100.0,,,,,,,,,,,,,,,,,,,,,,,,,,,,,,,,,,,,,,,
12131,1754692289.382127,94.61915111541748,1754692289.473479,98.0,0.0,-5.7820008634076885,-46.89983284961147,11.08477592188808,-27.6486371450452,-28.0080775855264,17.808841357130746,8.360962326855656,16.819779160293706,14.52650595970806,-3.9494492333616336,1.3328261121231435,-1.3517693405389082,6.064936277346874,-15.760281200905524,3652.0,2.0,4.0,4.0,4.0,4.0,4.0,4.0,4.0,4.0,4.0,4.0,4.0,4.0,4.0,4.0,100.0,,,,,,,,,,,,,,,,,,,,,,,,,,,,,,,,,,,,,,,
12132,1754692289.38993,94.62695407867432,1754692289.4812832,99.0,0.0,-2.0355409381071468,-33.33175779738656,26.650154459333976,-26.361059228602585,-24.574725492327502,16.816907486754758,12.451649969333287,19.64767602786162,8.531218237929465,-8.049765522581652,-0.1036723738019418,1.2271590784167756,-3.2878373124848395,-8.73321113870395,3581.0,2.0,4.0,4.0,4.0,4.0,4.0,4.0,4.0,4.0,4.0,4.0,4.0,4.0,4.0,4.0,100.0,,,,,,,,,,,,,,,,,,,,,,,,,,,,,,,,,,,,,,,
12133,1754692289.397733,94.63475704193117,1754692289.488986,100.0,0.0,0.3299140132934894,-10.43696611597312,40.612563568485655,-23.790316137666707,-31.763574148030383,9.417064595367664,9.788070416601784,19.53302254856812,6.982861968468512,-0.7025076728373847,-8.77720978604799,2.2175975180788896,-6.213792151529617,-3.253928484793562,3580.0,2.0,4.0,4.0,4.0,4.0,4.0,4.0,4.0,4.0,4.0,4.0,4.0,4.0,4.0,4.0,100.0,0.3928459584712982,0.6314697265625,-0.27880859375,0.60760498046875,1.0024566650390625,0.0708018615841865,0.0830090790987014,-48.7495231628418,-99.59258270263672,0.2990768253803253,,,,,,,,,,,,,,,,,,,,,,,,,,,,,
12134,1754692289.405536,94.642560005188,1754692289.496689,101.0,0.0,-7.821341289220356,-3.2175084556141087,32.04860366172733,-19.124009696576024,-38.49648801007999,7.805637579119036,6.902175802678983,19.464800293195083,15.322597858366578,3.0158665075502427,-3.6327127915568,-1.5507037932946446,-1.5014135596623532,-14.514780378467831,3336.0,2.0,4.0,4.0,4.0,4.0,4.0,4.0,4.0,4.0,4.0,4.0,4.0,4.0,4.0,4.0,100.0,,,,,,,,,,,,,,,,,,,,,,,,,,,,,,,,,,,,,,,
12135,1754692289.413339,94.65036296844482,1754692289.504492,102.0,0.0,-11.07158501219692,8.91795302567607,21.71699634070092,-8.77472563893889,-31.65458219217589,10.26364422256438,6.897289748453204,11.569245200617845,8.800653052620419,-12.392961069796456,2.5789613096553694,-6.659438376925209,-0.689108108344044,-18.154426461242565,3652.0,2.0,4.0,4.0,4.0,4.0,4.0,4.0,4.0,4.0,4.0,4.0,4.0,4.0,4.0,4.0,100.0,,,,,,,,,,,,,,,,,,,,,,,,,,,,,,,,,,,,,,,
12136,1754692289.421142,94.65816617012024,1754692289.512296,103.0,0.0,-2.3182417587552777,23.186162224311545,23.391955920280168,0.369314746884072,-28.188399377231065,9.923225377605547,9.388015537904437,2.2546000581348267,-7.346437048212749,-20.626878803812644,-0.4167255115683588,-4.531280157886897,1.3488923580845835,-6.094575272797385,3581.0,2.0,4.0,4.0,4.0,4.0,4.0,4.0,4.0,4.0,4.0,4.0,4.0,4.0,4.0,4.0,100.0,,,,,,,,,,,,,,,,,,,,,,,,,,,,,,,,,,,,,,,
12137,1754692289.428945,94.66596913337708,1754692289.519999,104.0,0.0,-1.8793155504190509,27.96553253157026,18.42511576915831,-7.823900439299905,-35.30256381533218,7.44346737666001,11.01203910023878,4.40285193677073,-2.3584847703505147,-11.49680894011999,-5.785452565656669,-1.5252029341322668,1.283259670377447,-1.5811231632496856,3580.0,2.0,4.0,4.0,4.0,4.0,4.0,4.0,4.0,4.0,4.0,4.0,4.0,4.0,4.0,4.0,100.0,0.6309306621551514,0.4027099609375,-0.5579833984375,0.35833740234375,1.0556801557540894,0.0776379033923149,0.0815442129969596,-48.0018310546875,-99.59258270263672,0.0,,,,,,,,,,,,,,,,,,,,,,,,,,,,,
12138,1754692289.436748,94.67377209663393,1754692289.527702,105.0,0.0,-7.844621578348608,29.778829435000887,11.905817174894937,-14.602545134818968,-34.031844482922054,4.869152080027277,10.154572412046209,4.184370634714185,-0.0242279542420078,-5.467860685829521,-2.368410469127241,-0.8477268916297476,-0.6794144412090759,0.3341177272961317,3336.0,2.0,4.0,4.0,4.0,4.0,4.0,4.0,4.0,4.0,4.0,4.0,4.0,4.0,4.0,4.0,100.0,,,,,,,,,,,,,,,,,,,,,,,,,,,,,,,,,,,,,,,
12139,1754692289.444551,94.68157505989076,1754692289.535505,106.0,0.0,-16.383006106729454,32.94264553748212,8.784569125391272,-10.165254666141893,-28.34999517922301,1.811728311298566,6.69237523460356,-0.113234464027073,4.520455784121396,-12.166660579753398,3.140062009523035,-2.6979844087493348,0.3275525028182073,3.1766749311570948,3652.0,2.0,4.0,4.0,4.0,4.0,4.0,4.0,4.0,4.0,4.0,4.0,4.0,4.0,4.0,4.0,100.0,,,,,,,,,,,,,,,,,,,,,,,,,,,,,,,,,,,,,,,
12140,1754692289.452354,94.68937802314758,1754692289.543309,107.0,0.0,-25.23666590019724,33.486057857761864,4.927508289885338,-6.878221865249941,-22.33486450073218,1.6365834388980716,7.682624528808958,1.0229389891401863,-0.1178916745170113,-6.018909926596223,5.737366587839063,-1.1161578265495675,0.1149441207049335,-0.4490154109657283,3581.0,2.0,4.0,4.0,4.0,4.0,4.0,4.0,4.0,4.0,4.0,4.0,4.0,4.0,4.0,4.0,100.0,,,,,,,,,,,,,,,,,,,,,,,,,,,,,,,,,,,,,,,
12141,1754692289.460157,94.69718098640442,1754692289.551012,108.0,0.0,-27.33908973072647,28.57142221344685,-0.2192419062659496,-2.868685055789399,-16.52704559948569,-0.3750891192268568,6.43975053271862,1.0384302984151077,1.4808656115531562,-0.4201371846026518,6.598329668494273,-0.5609150677730099,-1.901280631588804,0.9573679994890084,3580.0,2.0,4.0,4.0,4.0,4.0,4.0,4.0,4.0,4.0,4.0,4.0,4.0,4.0,4.0,4.0,100.0,0.6295545697212219,0.405029296875,-0.55584716796875,0.3614501953125,1.092790126800537,0.1123064011335372,0.0747081711888313,-47.10459899902344,-100.48981475830078,0.4486152529716491,,,,,,,,,,,,,,,,,,,,,,,,,,,,,
12142,1754692289.46796,94.70498394966124,1754692289.558715,109.0,0.0,-26.212581590229945,29.833913675122915,0.2216930346685899,4.7902533833194525,-14.706129566021389,-1.9940158791791305,3.690152147151423,2.4872638472566564,11.136222885622884,-10.5412802269729,5.262170948953155,-2.0220936253658124,-8.143038999258295,0.9697860914071156,3336.0,2.0,4.0,4.0,4.0,4.0,4.0,4.0,4.0,4.0,4.0,4.0,4.0,4.0,4.0,4.0,100.0,,,,,,,,,,,,,,,,,,,,,,,,,,,,,,,,,,,,,,,
12143,1754692289.475763,94.71278715133668,1754692289.566518,110.0,0.0,-30.98165075056602,30.821620550824377,3.129958485342854,8.549261741961459,-2.545377460463783,-0.5031280476817983,6.9628669877748735,-0.5567526851408502,6.002388985412949,-19.700503332525727,-1.4009946729282774,-1.0185160614190636,-3.3658878243066965,-3.107578543122031,3652.0,2.0,4.0,4.0,4.0,4.0,4.0,4.0,4.0,4.0,4.0,4.0,4.0,4.0,4.0,4.0,100.0,,,,,,,,,,,,,,,,,,,,,,,,,,,,,,,,,,,,,,,
12144,1754692289.483566,94.7205901145935,1754692289.574322,111.0,0.0,-40.04578635478737,24.9369468818075,2.289536941297058,4.636245977094234,10.604662906195074,1.7358256565024135,13.426481723018526,-2.151330184223013,-5.054579954474491,-6.932564764041388,-8.321311205905829,-2.879160706927621,8.356027034772808,-8.157796761101224,3581.0,2.0,4.0,4.0,4.0,4.0,4.0,4.0,4.0,4.0,4.0,4.0,4.0,4.0,4.0,4.0,100.0,,,,,,,,,,,,,,,,,,,,,,,,,,,,,,,,,,,,,,,
12145,1754692289.491369,94.72839307785034,1754692289.582025,112.0,0.0,-42.26873373829648,16.342094269655092,-2.7734457933030967,6.170158550160352,6.984969554302836,-2.0136143948481617,9.583214276945284,-1.1894185317898405,0.4991546060044243,-1.8497668898068584,-9.068529839241537,-5.828037100719655,8.150948557649883,-10.883476724385844,3580.0,2.0,4.0,4.0,4.0,4.0,4.0,4.0,4.0,4.0,4.0,4.0,4.0,4.0,4.0,4.0,100.0,0.628073513507843,0.40679931640625,-0.5538330078125,0.3651123046875,1.1137865781784058,0.0747081711888313,0.0849622339010238,-48.45044708251953,-99.29351043701172,-0.5981536507606506,,,,,,,,,,,,,,,,,,,,,,,,,,,,,
12146,1754692289.499172,94.73619604110718,1754692289.589728,113.0,0.0,-32.02118124706104,6.057868866720213,-4.379468166285193,17.669067253836232,4.710740693505699,-4.626686905934463,7.662028750113308,2.11202957784198,6.597298126859272,-6.701763026202031,-9.194573135245632,-0.9498677704158638,3.669727269499475,-6.594343564931847,3336.0,2.0,4.0,4.0,4.0,4.0,4.0,4.0,4.0,4.0,4.0,4.0,4.0,4.0,4.0,4.0,100.0,,,,,,,,,,,,,,,,,,,,,,,,,,,,,,,,,,,,,,,
12147,1754692289.506975,94.743999004364,1754692289.597531,114.0,0.0,-25.630859159613976,-4.939120858828176,-5.939635259149839,27.95813756233332,16.870432217664018,-2.4646987049437143,10.933807276074674,3.8676265692342326,1.325258337299999,0.8039217838299351,-15.164826792893166,1.5828216498852612,5.7638264826723,-7.4682376220458195,3652.0,2.0,4.0,4.0,4.0,4.0,4.0,4.0,4.0,4.0,4.0,4.0,4.0,4.0,4.0,4.0,100.0,,,,,,,,,,,,,,,,,,,,,,,,,,,,,,,,,,,,,,,
12148,1754692289.514778,94.75180196762084,1754692289.605335,115.0,0.0,-22.595747298180328,-12.744918112464262,-8.010073390870645,35.08812405507351,32.38657265859692,1.4116708756579044,12.821929886574791,3.491616812001297,3.610302342026074,10.517878410363297,-19.332391894635208,-2.10577596393469,3.829299027221026,-14.50252010200566,3581.0,2.0,4.0,4.0,4.0,4.0,4.0,4.0,4.0,4.0,4.0,4.0,4.0,4.0,4.0,4.0,100.0,,,,,,,,,,,0.0,0.0,166.6377716064453,1.0,114.1972198486328,0.0,311.0027770996094,0.0,120.06519317626952,0.0,109.67442321777344,0.0,149.86534118652344,0.0,162.7617645263672,0.0,134.24359130859375,0.0,145.05288696289062,0.0,146.5469207763672,0.0,144.47251892089844,0.0,150.7740936279297,0.0,190.6563415527344,0.0,190.01060485839844
12149,1754692289.522581,94.75960516929626,1754692289.6129382,116.0,0.0,-12.231036141411892,-26.07071773704854,-6.234846003555845,32.23662070973808,35.68584421527805,0.555263815575131,12.13666601747866,4.747075301062182,10.253340322393,12.933040755187562,-18.303348623600755,-2.157345171255088,-7.06911814028615,-16.400834708038815,3580.0,2.0,4.0,4.0,4.0,4.0,4.0,4.0,4.0,4.0,4.0,4.0,4.0,4.0,4.0,4.0,100.0,0.6246878504753113,0.40765380859375,-0.553466796875,0.3704833984375,1.0708171129226685,0.0488288700580596,0.0595712214708328,-47.702754974365234,-100.04119873046876,1.0467689037322998,,,,,,,,,,,,,,,,,,,,,,,,,,,,,
12150,1754692289.530384,94.7674081325531,1754692289.6207411,117.0,0.0,-4.11236517199734,-21.11270027302692,0.1982417212233258,21.98671824104701,32.95825791531058,-6.954440147273203,3.2662507944982053,2.9710277577540865,8.813186304100668,15.667103502916577,-13.95912892067065,1.509089080429817,-5.69099033873556,-12.97986162854761,3336.0,2.0,4.0,4.0,4.0,4.0,4.0,4.0,4.0,4.0,4.0,4.0,4.0,4.0,4.0,4.0,100.0,,,,,,,,,,,,,,,,,,,,,,,,,,,,,,,,,,,,,,,
12151,1754692289.538187,94.77521109580994,1754692289.628544,118.0,0.0,-2.398474169083812,15.699293828619346,-0.4401202434419531,17.47023967629727,32.10593643851186,-17.494981409607618,-16.355803658926135,-9.25850853283194,2.8696743638783744,15.723202336348976,-10.188689020929845,-0.8258162931624895,4.542640066952316,-11.550500005699206,3652.0,2.0,4.0,4.0,4.0,4.0,4.0,4.0,4.0,4.0,4.0,4.0,4.0,4.0,4.0,4.0,100.0,,,,,,,,,,,,,,,,,,,,,,,,,,,,,,,,,,,,,,,
12152,1754692289.54599,94.78301405906676,1754692289.636248,119.0,0.0,6.953956394141216,56.96403028145872,-2.481421737583304,27.165384600049062,39.28277986468859,-12.585295116447895,-18.33321755322092,-10.439743523336771,-0.3371166666360921,14.356088611266417,-6.227997283016492,-2.597158949495196,-1.5332673530840282,-8.133083015592518,3581.0,2.0,4.0,4.0,4.0,4.0,4.0,4.0,4.0,4.0,4.0,4.0,4.0,4.0,4.0,4.0,100.0,,,,,,,,,,,,,,,,,,,,,,,,,,,,,,,,,,,,,,,
12153,1754692289.553793,94.7908170223236,1754692289.644051,120.0,0.0,14.728673966870218,46.56058083326658,-8.016152652910506,26.331715899569616,38.66610117473098,-8.155566926038347,-19.07603469826612,-10.780984420649958,-2.6650265398871227,13.070450712940756,-2.472926373277488,-3.671677156807647,-6.2067127089365215,-4.766629247991688,3580.0,2.0,4.0,4.0,4.0,4.0,4.0,4.0,4.0,4.0,4.0,4.0,4.0,4.0,4.0,4.0,100.0,0.621810793876648,0.40655517578125,-0.5555419921875,0.3734130859375,0.9589990377426147,-0.0146486610174179,0.0283207446336746,-47.85229110717773,-100.19073486328124,1.943999409675598,,,,,,,,,,,,,,,,,,,,,,,,,,,,,
12154,1754692289.561596,94.79861998558044,1754692289.651754,121.0,0.0,10.357160154258878,22.911282946219583,-18.488287768930235,10.182644037974484,22.913432809483226,-19.50833536194668,-29.38023303755344,-14.001202800071129,3.888614218497338,14.81536357981068,-2.3810176552188693,-2.6613282664726228,-8.616480151863783,3.231610462895702,3336.0,2.0,4.0,4.0,4.0,4.0,4.0,4.0,4.0,4.0,4.0,4.0,4.0,4.0,4.0,4.0,100.0,,,,,,,,,,,,,,,,,,,,,,,,,,,,,,,,,,,,,,,
12155,1754692289.569399,94.80642318725586,1754692289.659557,122.0,0.0,14.010437668282634,12.363077609894049,-22.139929434042983,-0.6908592050161815,3.3837447462843784,-32.31619121364827,-41.009302477851065,-26.69334412178648,-13.61371631227064,18.50305111413684,9.167237620097351,2.840431998137433,8.690012976916591,23.685752666066605,3652.0,2.0,4.0,4.0,4.0,4.0,4.0,4.0,4.0,4.0,4.0,4.0,4.0,4.0,4.0,4.0,100.0,,,,,,,,,,,,,,,,,,,,,,,,,,,,,,,,,,,,,,,
12156,1754692289.577202,94.8142261505127,1754692289.667361,123.0,0.0,25.342197737355946,5.449838055748842,-17.942489943481633,0.6110831727696677,-2.885841935249573,-34.19319202087718,-42.77332755561565,-30.40924135057503,-21.082714105099512,17.12122948020442,14.655494978250772,4.073400296857017,24.278772034558187,36.03806971573522,3581.0,2.0,4.0,4.0,4.0,4.0,4.0,4.0,4.0,4.0,4.0,4.0,4.0,4.0,4.0,4.0,100.0,,,,,,,,,,,,,,,,,,,,,,,,,,,,,,,,,,,,,,,
12157,1754692289.585005,94.82202911376952,1754692289.675064,124.0,0.0,18.03248947016101,-4.68230298160114,-14.05673724211846,-3.315515888954621,0.6863103217700086,-26.219949720663124,-41.65867505221985,-27.8894653932336,-18.33311549585977,13.853174667024916,25.380218977892863,7.815697149578057,32.97402749542772,47.08328126696625,3580.0,2.0,4.0,4.0,4.0,4.0,4.0,4.0,4.0,4.0,4.0,4.0,4.0,4.0,4.0,4.0,100.0,0.6201996207237244,0.40570068359375,-0.55816650390625,0.37310791015625,0.9404440522193908,-0.0024414435029029,0.0063477531075477,-47.2541389465332,-98.9944305419922,1.794461011886597,,,,,,,,,,,,,,,,,,,,,,,,,,,,,
12158,1754692289.592808,94.82983207702635,1754692289.6827672,125.0,0.0,6.582029669882843,-9.892217664722182,-12.592922123642609,-13.254174141005649,-5.696677782221002,-27.921964626046417,-45.00110944359011,-19.16069648982892,2.2569788368153354,16.696269566920193,38.13354933856709,15.90071363797307,30.58141401147288,65.18941131805906,3336.0,2.0,4.0,4.0,4.0,4.0,4.0,4.0,4.0,4.0,4.0,4.0,4.0,4.0,4.0,4.0,100.0,,,,,,,,,,,,,,,,,,,,,,,,,,,,,,,,,,,,,,,
12159,1754692289.600611,94.8376350402832,1754692289.69057,126.0,0.0,11.270501401776016,-5.124416186086876,-11.123162733777974,-13.184380722200387,-14.100094683354255,-29.498221098117085,-42.01389225655072,-22.34347829165569,-7.433692581211801,20.637915851208103,36.43997036289687,20.15969958297813,19.535545921877144,77.05166806091523,3652.0,2.0,4.0,4.0,4.0,4.0,4.0,4.0,4.0,4.0,4.0,4.0,4.0,4.0,4.0,4.0,100.0,,,,,,,,,,,,,,,,,,,,,,,,,,,,,,,,,,,,,,,
12160,1754692289.608414,94.84543800354004,1754692289.698374,127.0,0.0,32.951275770280006,-2.2693015251803104,-11.304116815576492,-9.071658514484682,-18.178213304854182,-27.471465782139205,-35.728994402767114,-21.86649427722847,-12.7842707093601,18.17493311257425,33.48591767852662,19.423071131351605,16.00955662552991,69.71218915443427,52.0,2.0,4.0,4.0,4.0,4.0,4.0,4.0,4.0,4.0,4.0,4.0,4.0,4.0,4.0,4.0,100.0,,,,,,,,,,,,,,,,,,,,,,,,,,,,,,,,,,,,,,,
12161,1754692289.616217,94.85324096679688,1754692289.706077,0.0,0.0,24.9057265588084,-13.1280109884716,-22.7190887509438,-10.40512240327064,-25.24905343421881,-22.309198618276355,-25.663131934894068,-9.899481317916184,-4.661059157799286,21.07881392665547,37.66912064306314,19.479825360850896,19.8442331982277,51.37730892761999,3351.0,2.0,4.0,4.0,4.0,4.0,4.0,4.0,4.0,4.0,4.0,4.0,4.0,4.0,4.0,4.0,100.0,0.621882438659668,0.40594482421875,-0.56011962890625,0.3670654296875,0.9536278247833252,0.0693369954824447,-0.0380865186452865,-47.2541389465332,-98.9944305419922,2.5421531200408936,,,,,,,,,,,,,,,,,,,,,,,,,,,,,
12162,1754692289.62402,94.86104416847228,1754692289.7137802,1.0,0.0,20.333266990603192,-27.998485684211005,-40.42340535543133,-11.728336454985651,-30.93376222761288,-15.546560075794671,-16.30509590219833,-7.739719642862724,-1.4933957997299103,22.949025694345096,29.95010292074824,11.423832917989898,21.0560079669782,36.35749350365279,3510.0,2.0,4.0,4.0,4.0,4.0,4.0,4.0,4.0,4.0,4.0,4.0,4.0,4.0,4.0,4.0,100.0,,,,,,,,,,,,,,,,,,,,,,,,,,,,,,,,,,,,,,,
12163,1754692289.631823,94.86884713172913,1754692289.7215831,2.0,0.0,34.05013879321399,-34.12719129657995,-64.07417259516257,-3.0831670403932208,-35.08338281870698,-9.016388224124114,-12.77491437261466,-11.232888594905091,-7.141660739644578,23.40067755075546,18.781523437337853,4.388742999723888,20.078752534619923,28.98967994829804,3534.0,2.0,4.0,4.0,4.0,4.0,4.0,4.0,4.0,4.0,4.0,4.0,4.0,4.0,4.0,4.0,100.0,,,,,,,,,,,,,,,,,,,,,,,,,,,,,,,,,,,,,,,
12164,1754692289.639626,94.87665009498596,1754692289.7292871,3.0,0.0,34.22508648576917,-47.91240326315352,-48.686813577132455,-5.476766809380536,-36.05458750755457,-4.3023139409920645,-6.278471244006653,-1.0694852785268836,-4.558193818713846,18.053384125730588,14.448585542264423,2.884553493738565,4.352092055616993,14.553432160177124,3634.0,2.0,4.0,4.0,4.0,4.0,4.0,4.0,4.0,4.0,4.0,4.0,4.0,4.0,4.0,4.0,100.0,,,,,,,,,,,,,,,,,,,,,,,,,,,,,,,,,,,,,,,
12165,1754692289.647429,94.8844530582428,1754692289.73699,4.0,0.0,30.95440741765475,-56.9658170663983,-33.399471658165055,-17.536833171134674,-27.916421332821244,5.231386649665694,5.612543158232313,6.754085062021261,0.0313074037131286,12.503730072091514,9.850582443879432,0.9840556858130752,-4.055629575667297,2.9790847873564985,3637.0,2.0,4.0,4.0,4.0,4.0,4.0,4.0,4.0,4.0,4.0,4.0,4.0,4.0,4.0,4.0,100.0,0.6247663497924805,0.40704345703125,-0.5616455078125,0.3585205078125,0.9272602200508118,0.1025406271219253,-0.0654306858777999,-45.908294677734375,-99.14396667480467,0.8972305059432983,,,,,,,,,,,,,,,,,,,,,,,,,,,,,
12166,1754692289.655232,94.89225602149963,1754692289.744693,5.0,0.0,23.32207016405968,-50.565257956275815,-18.24684648696453,-20.52638544650941,-25.32106669264354,8.950856776889253,13.429541018785445,14.798608232745522,7.281786587135997,11.010899832708986,5.820925930628931,-3.2258304592047864,-7.3918989158059105,-4.199893265387942,3533.0,2.0,4.0,4.0,4.0,4.0,4.0,4.0,4.0,4.0,4.0,4.0,4.0,4.0,4.0,4.0,100.0,,,,,,,,,,,,,,,,,,,,,,,,,,,,,,,,,,,,,,,
12167,1754692289.663035,94.90005898475648,1754692289.752497,6.0,0.0,19.185050419977955,-37.61125033343606,1.8133981836222968,-9.424778264577895,-17.224265295795618,16.055392569266218,20.358654114909854,17.63650944082073,3.512498837947163,18.506652791401933,-12.553249886721376,-7.418882139250769,-9.62088874110637,-20.616161712150102,3531.0,2.0,4.0,4.0,4.0,4.0,4.0,4.0,4.0,4.0,4.0,4.0,4.0,4.0,4.0,4.0,100.0,,,,,,,,,,,,,,,,,,,,,,,,,,,,,,,,,,,,,,,
12168,1754692289.670838,94.90786218643188,1754692289.7603002,7.0,0.0,9.96895400941645,-28.589277061862447,19.45788884859036,-2.6011115245982523,-5.098730473899593,31.05280327346924,33.321843989087085,16.78779536903454,-4.490078658214713,11.550023052111612,-22.87631251942633,-3.240539254423709,-24.11606885672649,-33.92539730668608,3528.0,2.0,4.0,4.0,4.0,4.0,4.0,4.0,4.0,4.0,4.0,4.0,4.0,4.0,4.0,4.0,100.0,,,,,,,,,,,,,,,,,,,,,,,,,,,,,,,,,,,,,,,
12169,1754692289.678641,94.91566514968872,1754692289.768003,8.0,0.0,-3.6429162841770335,-21.018163422663008,26.40497943022393,-4.876085782997222,-7.587292466880342,33.59548826022575,36.08215177582707,17.791181697819695,0.0793837126250878,7.58843333482838,-8.58734154716575,-0.7653626640528159,-19.9514042706125,-29.073706887179185,3637.0,2.0,4.0,4.0,4.0,4.0,4.0,4.0,4.0,4.0,4.0,4.0,4.0,4.0,4.0,4.0,100.0,0.4022751152515411,0.63525390625,-0.271484375,0.60076904296875,0.9990386962890624,0.1416037231683731,-0.0747081711888313,-47.702754974365234,-97.19996643066406,1.0467689037322998,,,,,,,,,,,,,,,,,,,,,,,,,,,,,
12170,1754692289.686444,94.92346811294556,1754692289.7758062,9.0,0.0,-15.345009607941565,-24.75658740249781,26.1198915245198,-16.59460116898407,-19.81781209918444,24.2968383031228,28.53705563581872,22.386797940493864,12.6128259962814,15.85328514363556,-3.267334565047065,-6.238647436978852,-9.407316301459277,-36.65036584363151,3636.0,2.0,4.0,4.0,4.0,4.0,4.0,4.0,4.0,4.0,4.0,4.0,4.0,4.0,4.0,4.0,100.0,,,,,,,,,,,,,,,,,,,,,,,,,,,,,,,,,,,,,,,
12171,1754692289.694247,94.9312710762024,1754692289.7836092,10.0,0.0,-15.060670984359431,-21.13532064692964,28.490573119907538,-14.312198112238375,-13.734610145229738,27.15525284802351,32.29273069858726,28.27292842655396,21.93588679457679,13.402009400961276,-12.796458276825716,-6.589211524908308,-17.353873497819507,-56.247863816658366,3635.0,2.0,4.0,4.0,4.0,4.0,4.0,4.0,4.0,4.0,4.0,4.0,4.0,4.0,4.0,4.0,100.0,,,,,,,,,,,,,,,,,,,,,,,,,,,,,,,,,,,,,,,
12172,1754692289.70205,94.93907403945924,1754692289.7913132,11.0,0.0,-11.32076209969324,-14.977400262841511,28.741165038836183,-9.766975493423216,-7.329321921130543,28.882515299197564,32.94526812106818,26.261747393982603,22.02649195065254,-1.7095039771275538,-12.97251697253165,-5.18915888072894,-29.11085023507217,-62.60615417309242,3572.0,2.0,4.0,4.0,4.0,4.0,4.0,4.0,4.0,4.0,4.0,4.0,4.0,4.0,4.0,4.0,100.0,,,,,,,,,,,,,,,,,,,,,,,,,,,,,,,,,,,,,,,
12173,1754692289.709853,94.94687700271606,1754692289.799016,12.0,0.0,-11.68357683936091,-25.93739659651164,24.644485013432416,-18.797445272027005,-5.728890980548556,23.10623040134652,30.080590488300288,29.054484437284657,24.61993692799598,-0.4472631242567217,-5.977571067775159,-5.09142004537415,-25.68085169807585,-55.715136446028,3586.0,2.0,4.0,4.0,4.0,4.0,4.0,4.0,4.0,4.0,4.0,4.0,4.0,4.0,4.0,4.0,100.0,0.4083474576473236,0.63800048828125,-0.27008056640625,0.5943603515625,0.9497215151786804,0.123537041246891,-0.0732433050870895,-47.2541389465332,-98.9944305419922,0.2990768253803253,,,,,,,,,,,,,,,,,,,,,,,,,,,,,
12174,1754692289.717656,94.9546799659729,1754692289.806819,13.0,0.0,-12.243695274478796,-31.46538986331825,22.33274441477988,-16.858233873426798,2.157718156325245,22.76582417735426,29.335055942878626,30.620068894409087,29.77715528753424,2.446185227079696,-12.22860527681587,-8.37193755081762,-21.56188744518704,-50.25259969406761,3338.0,2.0,4.0,4.0,4.0,4.0,4.0,4.0,4.0,4.0,4.0,4.0,4.0,4.0,4.0,4.0,100.0,,,,,,,,,,,,,,,,,,,,,,,,,,,,,,,,,,,,,,,
12175,1754692289.725459,94.96248316764832,1754692289.814523,14.0,0.0,-8.160805510403122,-20.2310706036007,25.7315174958506,-3.542167908555882,6.436266401515979,23.643865250368265,29.57011162623104,22.183636314460102,21.536819882778047,-7.307791361497664,-18.61166183563472,-12.53429598266274,-19.13586455597232,-48.26784093203168,3635.0,2.0,4.0,4.0,4.0,4.0,4.0,4.0,4.0,4.0,4.0,4.0,4.0,4.0,4.0,4.0,100.0,,,,,,,,,,,,,,,,,,,,,,,,,,,,,,,,,,,,,,,
12176,1754692289.733262,94.97028613090517,1754692289.8223262,15.0,0.0,-2.6990881983897737,-17.074730939577904,30.89283609497349,-4.658648756395024,12.318091174340651,23.7014712989662,33.66039682838206,17.719749204314184,8.791295612195398,-10.681933924205651,-12.86301168694493,-11.033491007397998,-9.755974104461783,-43.57101380328825,3572.0,2.0,4.0,4.0,4.0,4.0,4.0,4.0,4.0,4.0,4.0,4.0,4.0,4.0,4.0,4.0,100.0,,,,,,,,,,,,,,,,,,,,,,,,,,,,,,,,,,,,,,,
12177,1754692289.741065,94.978089094162,1754692289.830029,16.0,0.0,1.1759725455058856,-20.425892137225617,25.192380266038583,-7.879000042536461,20.087985266654925,18.676139001040667,27.096761623614896,13.190096492615396,5.268469119730582,-14.549872434492444,-10.288703071589625,-9.326280011945926,-10.81669403282052,-32.00985125996698,0.0,2.0,4.0,4.0,4.0,4.0,4.0,4.0,4.0,4.0,4.0,4.0,4.0,4.0,4.0,4.0,100.0,0.4138776361942291,0.6405029296875,-0.2684326171875,0.58856201171875,1.006851315498352,0.1640650033950805,-0.0712901502847671,-46.80552291870117,-97.94766235351562,2.0935378074646,,,,,,,,,,,,,,,,,,,,,,,,,,,,,
12178,1754692289.748868,94.98589205741882,1754692289.837832,17.0,0.0,4.6427815735912645,-13.654867067649548,21.253768404204266,-0.0414623068306809,10.054553756626092,15.500837876162905,22.39003862768709,10.596700040690166,3.7567539970011694,-15.719311320635596,-8.458611084896575,-6.895848908531889,-23.02720668631173,-28.39378335996957,0.0,2.0,4.0,4.0,4.0,4.0,4.0,4.0,4.0,4.0,4.0,4.0,4.0,4.0,4.0,4.0,100.0,,,,,,,,,,,,,,,,,,,,,,,,,,,,,,,,,,,,,,,
12179,1754692289.756671,94.99369502067566,1754692289.8456352,18.0,0.0,8.203063350303069,2.1816603770874963,17.98420507117578,6.655107052151266,3.883461896674248,-1.6160853941033793,18.455010735660267,8.773091266131246,3.04202684481686,-16.982340163602316,-13.6761029871883,-8.673131139741258,-18.398772663542218,-28.82577234965595,0.0,2.0,4.0,4.0,4.0,4.0,4.0,4.0,4.0,4.0,4.0,4.0,4.0,4.0,4.0,4.0,100.0,,,,,,,,,,,,,,,,,,,,,,,,,,,,,,,,,,,,,,,
12180,1754692289.764474,95.0014979839325,1754692289.8533392,19.0,0.0,9.627309103549637,10.073772163888007,12.443705189203284,4.009595230471916,11.994053287759527,-11.835961316813552,12.35466483431179,4.715462098703085,0.0804032645201573,-18.31703755763096,-10.00591172987282,-6.664668814446429,-16.30449843832406,-17.12530278824073,0.0,2.0,4.0,4.0,4.0,4.0,4.0,4.0,4.0,4.0,4.0,4.0,4.0,4.0,4.0,4.0,100.0,,,,,,,,,,,,,,,,,,,,,,,,,,,,,,,,,,,,,,,
12181,1754692289.772277,95.00930118560792,1754692289.861042,20.0,0.0,9.473249647035516,-6.043699371364767,12.351802337257084,-4.465843821267811,14.892514872857134,-6.024470448152044,12.220647205173409,6.502682780267548,2.9181871591753747,-13.559522035867817,-1.3924265450455664,-0.967679400648251,-23.054071489638147,-12.519339229530544,0.0,2.0,4.0,4.0,4.0,4.0,4.0,4.0,4.0,4.0,4.0,4.0,4.0,4.0,4.0,4.0,100.0,0.4178094863891601,0.64239501953125,-0.26715087890625,0.58428955078125,1.0131990909576416,0.1723659187555313,-0.0761730372905731,-46.506446838378906,-97.94766235351562,1.3458456993103027,,,,,,,,,,,,,,,,,,,,,,,,,,,,,
12182,1754692289.78008,95.01710414886476,1754692289.868845,21.0,0.0,3.868179945635916,-16.760201667270735,7.633708665285781,-7.68977491216117,13.58859221902651,10.287715456652336,18.93331214017428,10.12382247816879,6.383423628684,-6.962199635945922,-12.757051630644924,-0.6001085390224716,-42.571739080813245,-29.61715818350501,0.0,2.0,4.0,4.0,4.0,4.0,4.0,4.0,4.0,4.0,4.0,4.0,4.0,4.0,4.0,4.0,100.0,,,,,,,,,,,,,,,,,,,,,,,,,,,,,,,,,,,,,,,
12183,1754692289.787883,95.02490711212158,1754692289.876549,22.0,0.0,4.698298517915106,1.2642556180739175,6.59468466771196,-1.2191175867270374,23.73996729868068,17.694325218422733,19.614152202111114,4.202241675362899,-3.158986376612205,-18.772157695128584,-27.70112005096016,-0.5972214607237163,-11.784155055000925,-19.63301916735972,0.0,2.0,4.0,4.0,4.0,4.0,4.0,4.0,4.0,4.0,4.0,4.0,4.0,4.0,4.0,4.0,100.0,,,,,,,,,,,,,,,,,,,,,,,,,,,,,,,,,,,,,,,
12184,1754692289.795686,95.03271007537842,1754692289.884352,23.0,0.0,5.057047373440071,14.42950466982387,2.463110453281331,-1.078812334140423,14.646401722297412,6.120196321405672,5.646612221037174,-7.999769439114573,-10.465992958519166,-34.26529143162594,-11.007937945335073,-4.157129298224902,0.925090073431818,-0.8561490497104955,0.0,2.0,4.0,4.0,4.0,4.0,4.0,4.0,4.0,4.0,4.0,4.0,4.0,4.0,4.0,4.0,100.0,,,,,,,,,,,,,,,,,,,,,,,,,,,,,,,,,,,,,,,
12185,1754692289.803489,95.04051303863524,1754692289.892055,24.0,0.0,5.67117027828175,17.2253050032827,1.011811629028614,0.0770615850451008,5.423348974094495,-0.1257928342820946,-1.002450896438006,-8.635661796893658,-1.419821872446903,-27.69285837812692,5.310277071398048,-2.138272293696048,-1.712812388608711,-3.0720320198980176,0.0,2.0,4.0,4.0,4.0,4.0,4.0,4.0,4.0,4.0,4.0,4.0,4.0,4.0,4.0,4.0,100.0,0.4203833341598511,0.6436767578125,-0.26641845703125,0.58135986328125,1.0214999914169312,0.1552758067846298,-0.081055924296379,-45.16060256958008,-95.55504608154295,2.9907681941986084,,,,,,,,,,,,,,,,,,,,,,,,,,,,,
12186,1754692289.811292,95.04831600189208,1754692289.899758,25.0,0.0,3.699221975771792,18.430727708243552,2.028988107007166,5.759347564173453,14.46344304703561,4.106600425277151,-1.8210045280356155,-8.085894503585592,1.3975714534109045,-23.085543177714413,-4.686599794258115,-0.8473041449414325,-3.8774734942318494,-8.750415879385315,0.0,2.0,4.0,4.0,4.0,4.0,4.0,4.0,4.0,4.0,4.0,4.0,4.0,4.0,4.0,4.0,100.0,,,,,,,,,,,,,,,,,,,,,,,,,,,,,,,,,,,,,,,
12187,1754692289.819095,95.05611896514893,1754692289.907562,26.0,0.0,-3.458557770110985,2.161102710298508,1.5116892488721874,1.643710899004816,19.225176063890046,11.536742689490836,4.431473778486122,-2.265569494997692,-5.669313420441597,-24.80779270535509,-8.891796120474794,-0.3231508958579638,20.92376378668058,-3.700698475694992,0.0,2.0,4.0,4.0,4.0,4.0,4.0,4.0,4.0,4.0,4.0,4.0,4.0,4.0,4.0,4.0,100.0,,,,,,,,,,,,,,,,,,,,,,,,,,,,,,,,,,,,,,,
12188,1754692289.826898,95.06392216682434,1754692289.915365,27.0,0.0,-9.374226401536362,-6.893979198528086,-4.880812089827032,-12.656388792101552,7.324171112076783,9.095077260569724,10.8492753782607,6.484024211311862,-4.832869447097892,-18.76312657335029,9.265192535742244,-3.01094700449994,34.20997695078404,-3.28466484400542,0.0,2.0,4.0,4.0,4.0,4.0,4.0,4.0,4.0,4.0,4.0,4.0,4.0,4.0,4.0,4.0,100.0,,,,,,,,,,,,,,,,,,,,,,,,,,,,,,,,,,,,,,,
12189,1754692289.834701,95.07172513008118,1754692289.923068,28.0,0.0,-2.306850596817128,13.50656810371271,-5.57647345940444,-12.683254125823112,-3.2452467664128903,-3.5562444665656017,6.2601726249009175,5.705339060778499,3.413272445970108,-11.47040199630186,18.71849247012875,-3.916101926647059,28.9317948044623,-2.3543403752068457,0.0,2.0,4.0,4.0,4.0,4.0,4.0,4.0,4.0,4.0,4.0,4.0,4.0,4.0,4.0,4.0,100.0,0.4218155443668365,0.64404296875,-0.26593017578125,0.58013916015625,0.9956206679344176,0.1362325549125671,-0.0766613259911537,-45.45967864990234,-96.60181427001952,3.4393835067749023,,,,,,,,,,,,,,,,,,,,,,,,,,,,,
12190,1754692289.842504,95.079528093338,1754692289.930771,29.0,0.0,-1.2047595119518348,0.8116917338390692,-0.5395113951842916,-5.619518332338231,7.428236156438032,-10.27825053623863,-1.4678325296265768,-0.8337852329453028,3.1357254747919967,-21.044437034215008,24.520435557621767,1.0013224857568446,2.653161398808578,-0.4202869486964857,0.0,2.0,4.0,4.0,4.0,4.0,4.0,4.0,4.0,4.0,4.0,4.0,4.0,4.0,4.0,4.0,100.0,,,,,,,,,,,,,,,,,,,,,,,,,,,,,,,,,,,,,,,
12191,1754692289.850307,95.08733105659483,1754692289.938575,30.0,0.0,-3.3423749699623784,7.175506651518305,0.2282881223817696,-3.2171417436462377,21.15080209200633,-7.623675472511053,-1.1574102428072308,0.2257618497741589,-1.5137003843447872,-19.158428697205267,21.816577701120792,3.6879289212137394,-3.2676453662655547,5.013918843694142,0.0,2.0,4.0,4.0,4.0,4.0,4.0,4.0,4.0,4.0,4.0,4.0,4.0,4.0,4.0,4.0,100.0,,,,,,,,,,,,,,,,,,,,,,,,,,,,,,,,,,,,,,,
12192,1754692289.85811,95.09513401985168,1754692289.946378,31.0,0.0,-4.059436153129923,13.11350022697104,-6.781502627262057,-0.1922934102345834,17.943158499945525,-12.314557771170826,-9.942009101194005,-6.13084206212136,-6.833352865268466,-16.065902561707958,15.599576188390415,0.6267390292281334,14.556369268459209,10.257187861817217,0.0,2.0,4.0,4.0,4.0,4.0,4.0,4.0,4.0,4.0,4.0,4.0,4.0,4.0,4.0,4.0,100.0,,,,,,,,,,,,,,,,,,,,,,,,,,,,,,,,,,,,,,,
12193,1754692289.865913,95.10293698310852,1754692289.954081,32.0,0.0,-2.7219652054389485,19.375186634928184,-10.536768418713391,4.111431589027859,16.5321679499545,-13.985308858017843,-15.054371206815915,-9.369117436766658,-9.194716613785488,-11.216084920636888,11.784699274416823,-0.1130702608755314,17.528922137284724,16.039507072135336,0.0,2.0,4.0,4.0,4.0,4.0,4.0,4.0,4.0,4.0,4.0,4.0,4.0,4.0,4.0,4.0,100.0,0.4225692451000213,0.6436767578125,-0.26641845703125,0.57977294921875,0.9521629810333252,0.1328145265579223,-0.058106355369091,-47.702754974365234,-96.1531982421875,2.5421531200408936,,,,,,,,,,,,,,,,,,,,,,,,,,,,,
12194,1754692289.873716,95.11074018478394,1754692289.961784,33.0,0.0,-0.8870604296728573,24.55356585313549,-12.645294016467034,8.18005055135265,15.493810093744486,-14.26846185155526,-18.133141052100456,-11.089155991091758,-10.197409558190683,-6.225085570939228,8.917083073790053,-0.0698291418623568,11.371407066614182,20.930961689909708,0.0,2.0,4.0,4.0,4.0,4.0,4.0,4.0,4.0,4.0,4.0,4.0,4.0,4.0,4.0,4.0,100.0,,,,,,,,,,,,,,,,,,,,,,,,,,,,,,,,,,,,,,,
12195,1754692289.881519,95.11854314804076,1754692289.969588,34.0,0.0,0.7365614193585941,28.11368539386828,-13.8940445537651,11.363614461830792,14.232835882231,-13.963105941309578,-20.00297589496543,-12.06750705469861,-10.612517756770131,-1.8388502031098424,6.357829368456322,0.0541072436594447,6.00676252127343,24.371625685134376,0.0,2.0,4.0,4.0,4.0,4.0,4.0,4.0,4.0,4.0,4.0,4.0,4.0,4.0,4.0,4.0,100.0,,,,,,,,,,,,,,,,,,,,,,,,,,,,,,,,,,,,,,,
12196,1754692289.889322,95.1263461112976,1754692289.977391,35.0,0.0,2.162506952310082,30.25686419592546,-14.367852464292469,13.745508085787035,12.856576139502865,-13.155424565385715,-20.79082372146661,-12.37667808280105,-10.503153636701995,1.938105753127616,4.161470874357178,0.268296495336358,1.4928755048689482,26.53694448023896,0.0,2.0,4.0,4.0,4.0,4.0,4.0,4.0,4.0,4.0,4.0,4.0,4.0,4.0,4.0,4.0,100.0,,,,,,,,,,,,,,,,,,,,,,,,,,,,,,,,,,,,,,,
12197,1754692289.897125,95.13414907455444,1754692289.985094,36.0,0.0,3.5450220609008056,31.33056892445518,-14.0243943646434,15.556596487178808,11.59377559005486,-11.795538071955548,-20.49877732894732,-11.960841674761582,-9.801158344932103,5.258203939789723,2.49810497236274,0.7144981301142934,-2.0129082763347697,27.74859335699955,0.0,2.0,4.0,4.0,4.0,4.0,4.0,4.0,4.0,4.0,4.0,4.0,4.0,4.0,4.0,4.0,100.0,0.4245828092098236,0.6431884765625,-0.26678466796875,0.57867431640625,0.95851069688797,0.1484397649765014,-0.0410162508487701,-44.86152267456055,-95.70458221435548,4.635690689086914,,,,,,,,,,,,,,,,,,,,,,,,,,,,,
12198,1754692289.904928,95.14195203781128,1754692289.9927971,37.0,0.0,4.493263471769978,31.135566070918458,-13.373971949945144,16.485848394278264,10.109902000992632,-10.379103029390308,-19.6820353842088,-11.316254730373885,-8.988433251113065,7.742245037055682,0.9716039007364544,0.9828370471511788,-4.932315177202554,27.78243504560328,0.0,2.0,4.0,4.0,4.0,4.0,4.0,4.0,4.0,4.0,4.0,4.0,4.0,4.0,4.0,4.0,100.0,,,,,,,,,,,,,,,,,,,,,,,,,,,,,,,,,,,,,,,
12199,1754692289.912731,95.14975500106812,1754692290.000601,38.0,0.0,14.92776727201749,23.05288595220486,-10.050599083375118,9.810003698109767,6.699878852591382,-15.811129634032795,-22.41909363940136,-8.99194946148532,-14.960393156017972,9.009843350822166,7.621873001290851,0.0273195148758986,-14.126369872829628,37.75208474425767,0.0,2.0,4.0,4.0,4.0,4.0,4.0,4.0,4.0,4.0,4.0,4.0,4.0,4.0,4.0,4.0,100.0,,,,,,,,,,,,,,,,,,,,,,,,,,,,,,,,,,,,,,,
12200,1754692289.920534,95.15755796432497,1754692290.008404,39.0,0.0,25.533157055361755,17.744970099893692,-3.47146367084082,33.14368180736943,17.324589895127303,-11.916598827027826,-26.00479330592356,-16.069153191606745,-25.369260711056484,-2.505577766417844,-10.56731901586994,-5.1814813477939765,-1.4271193670705884,20.817693747703345,0.0,2.0,4.0,4.0,4.0,4.0,4.0,4.0,4.0,4.0,4.0,4.0,4.0,4.0,4.0,4.0,100.0,,,,,,,,,,,,,,,,,,,,,,,,,,,,,,,,,,,,,,,
12201,1754692289.928337,95.16536116600037,1754692290.016107,40.0,0.0,3.291119414193986,32.305746096809,-10.865795825657528,14.949045412844612,16.935631506056893,0.014908925775785,-18.332945623093,-12.414291805116022,-8.880570013540705,-2.420589687159349,-0.3334967516619826,-10.140891307758352,20.388033000475048,3.5204740073060066,0.0,2.0,4.0,4.0,4.0,4.0,4.0,4.0,4.0,4.0,4.0,4.0,4.0,4.0,4.0,4.0,100.0,0.427912563085556,0.64276123046875,-0.2667236328125,0.57672119140625,0.9609521627426147,0.1435568779706955,-0.0307621881365776,-45.45967864990234,-95.55504608154295,4.187075614929199,,,,,,,,,,,,,,,,,,,,,,,,,,,,,
12202,1754692289.93614,95.1731641292572,1754692290.02381,41.0,0.0,-17.032216963846565,50.00776029305376,-18.62687045784554,-13.243902790772552,6.314234778270986,1.5131610443045815,-12.837620162118526,-0.4015041322626871,13.684770621110658,-1.6144556595449444,20.114803771683967,6.585316301012483,-13.49151253182771,21.01143132800968,0.0,2.0,4.0,4.0,4.0,4.0,4.0,4.0,4.0,4.0,4.0,4.0,4.0,4.0,4.0,4.0,100.0,,,,,,,,,,,,,,,,,,,,,,,,,,,,,,,,,,,,,,,
12203,1754692289.943943,95.18096709251404,1754692290.031614,42.0,0.0,-4.616393624702823,60.39858411751652,-8.832332832031398,-1.632412084978796,10.176806660517968,-1.740592967153816,-13.3760794909565,-0.3108519250588415,7.868488217271761,-13.290150724161094,-0.0373396786364992,9.301434895290411,-43.54076369716995,24.718997423666902,0.0,2.0,4.0,4.0,4.0,4.0,4.0,4.0,4.0,4.0,4.0,4.0,4.0,4.0,4.0,4.0,100.0,,,,,,,,,,,,,,,,,,,,,,,,,,,,,,,,,,,,,,,
12204,1754692289.951746,95.18877005577087,1754692290.039417,43.0,0.0,7.819531621779674,81.17362276493839,4.15989816776198,22.13504487354737,23.363609659198005,9.065236747356153,-5.848472908240751,-5.690764855287057,-7.79163799377568,-8.637254764669365,-17.024193898229555,-7.332489194491359,-21.26685112884377,5.61869841489704,0.0,2.0,4.0,4.0,4.0,4.0,4.0,4.0,4.0,4.0,4.0,4.0,4.0,4.0,4.0,4.0,100.0,,,,,,,,,,,,,,,,,,,,,,,,,,,,,,,,,,,,,,,
12205,1754692289.959549,95.19657301902772,1754692290.04702,44.0,0.0,2.636368133566748,88.05044548993942,5.9497965292246136,4.255422194228913,15.0011651371658,13.133168009093197,-0.904380704768073,-8.277831473273409,-12.36935332803273,-9.072504713258011,-17.033569006332755,-10.45430496937638,6.910500382198052,-1.4973703479188316,0.0,2.0,4.0,4.0,4.0,4.0,4.0,4.0,4.0,4.0,4.0,4.0,4.0,4.0,4.0,4.0,100.0,0.6477411389350891,0.41461181640625,-0.559326171875,0.309326171875,0.9775539636611938,0.1630884259939193,-0.0068360418081283,-45.908294677734375,-96.30274200439452,4.187075614929199,,,,,,,,,,,,,,,,,,,,,,,,,,,,,
12206,1754692289.967352,95.20437598228456,1754692290.0548232,45.0,0.0,10.358592298731423,73.34710612048923,12.592793347259544,-3.5690689241613427,-1.6544072997002104,4.802249966330351,-0.7363992021367949,-4.267941473050428,-1.7102806426704549,-20.09619565524269,-6.805020857387603,0.1033689996735347,-6.388431628587455,7.032478575715345,0.0,2.0,4.0,4.0,4.0,4.0,4.0,4.0,4.0,4.0,4.0,4.0,4.0,4.0,4.0,4.0,100.0,,,,,,,,,,,,,,,,,,,,,,,,,,,,,,,,,,,,,,,
12207,1754692289.975155,95.21217918395996,1754692290.062627,46.0,0.0,7.818911312245518,56.43772157535818,13.325109308897254,-6.369554890719201,-10.55302345204086,-0.0342937681937201,-1.4985663076561195,-5.268801641269647,-0.7270408828110249,-25.53445241122722,-0.131531491884516,6.21087767028871,-46.670484446303135,9.59464630246316,0.0,2.0,4.0,4.0,4.0,4.0,4.0,4.0,4.0,4.0,4.0,4.0,4.0,4.0,4.0,4.0,100.0,,,,,,,,,,,,,,,,,,,,,,,,,,,,,,,,,,,,,,,
12208,1754692289.982958,95.2199821472168,1754692290.07033,47.0,0.0,0.7974420977605519,51.93944664219981,14.703813816428749,-7.879591868176874,-5.189075906822552,12.56867713924413,12.338097143715288,0.9524879910343884,-0.8617661990394367,-13.857674217734427,-6.1346663749365575,1.504010869661499,-20.684588479905813,-3.4065296213731813,0.0,2.0,4.0,4.0,4.0,4.0,4.0,4.0,4.0,4.0,4.0,4.0,4.0,4.0,4.0,4.0,100.0,,,,,,,,,,,,,,,,,,,,,,,,,,,,,,,,,,,,,,,
12209,1754692289.990761,95.22778511047365,1754692290.078133,48.0,0.0,-5.3331470916176045,37.582173396311816,10.49925519636662,-16.828496737175385,-9.196377519114606,12.816571483671568,19.08139316780324,8.499530514889727,12.766746014726492,-1.4572712088645972,-27.0033921290522,-15.544693039792776,-0.2340428665932563,-18.45729259790079,0.0,2.0,4.0,4.0,4.0,4.0,4.0,4.0,4.0,4.0,4.0,4.0,4.0,4.0,4.0,4.0,100.0,0.650671660900116,0.41583251953125,-0.5574951171875,0.3048095703125,0.992690920829773,0.1894560158252716,-0.0039063096046447,-44.11383056640625,-94.95689392089844,4.33661413192749,,,,,,,,,,,,,,,,,,,,,,,,,,,,,
12210,1754692289.998564,95.23558807373048,1754692290.0858362,49.0,0.0,-4.898059040081165,13.567648970573742,9.433608845725216,-32.1698594084929,-12.05261199863898,9.147142858698686,17.566148988190804,10.044022628760018,18.8710626826136,4.394215430370338,-22.93606768478375,-15.716036978939512,-1.6488019423494222,-14.419516782484692,0.0,2.0,4.0,4.0,4.0,4.0,4.0,4.0,4.0,4.0,4.0,4.0,4.0,4.0,4.0,4.0,100.0,,,,,,,,,,,,,,,,,,,,,,,,,,,,,,,,,,,,,,,
12211,1754692290.006367,95.2433910369873,1754692290.09364,50.0,0.0,5.460189069875298,-9.584922047683165,18.203206048945788,-32.05735207373135,-8.303651538760903,13.51295051387416,19.10312199144965,0.8117056839030852,-1.4441757735336864,-11.234289035716928,1.3057838432571884,7.494864669185347,-29.791945569295137,4.260206093756835,0.0,2.0,4.0,4.0,4.0,4.0,4.0,4.0,4.0,4.0,4.0,4.0,4.0,4.0,4.0,4.0,100.0,,,,,,,,,,,,,,,,,,,,,,,,,,,,,,,,,,,,,,,
12212,1754692290.01417,95.25119400024414,1754692290.1013432,51.0,0.0,7.380773862541503,-26.71234236904951,17.068029602105128,-24.97671943298468,-10.557601476366417,17.265598453118912,26.340199690360866,2.037449558723494,-6.683891853458533,-9.110399812634055,-1.530505493877115,17.655336235429388,-40.49028672349681,1.396145612965995,0.0,2.0,4.0,4.0,4.0,4.0,4.0,4.0,4.0,4.0,4.0,4.0,4.0,4.0,4.0,4.0,100.0,,,,,,,,,,,0.0,0.0,188.10743713378903,1.0,137.26979064941406,0.0,296.3739318847656,0.0,116.15934753417967,0.0,134.88063049316406,0.0,156.96600341796875,0.0,172.0171356201172,0.0,145.17694091796875,0.0,157.07725524902344,0.0,165.84071350097656,0.0,155.15110778808594,0.0,159.4361114501953,0.0,200.2366943359375,0.0,164.4683074951172
12213,1754692290.021973,95.25899696350098,1754692290.109046,52.0,0.0,0.2597253596790096,-44.0920920849195,6.400652627029444,-29.909794704237925,-15.794050807398548,15.053344987651483,24.437563415866748,15.160031373374636,10.688170407247412,14.909360022481335,-14.968136615245951,3.5681803811202144,-14.066223863812525,-6.79172831849894,0.0,2.0,4.0,4.0,4.0,4.0,4.0,4.0,4.0,4.0,4.0,4.0,4.0,4.0,4.0,4.0,100.0,0.6526413559913635,0.4169921875,-0.55657958984375,0.3006591796875,0.9941558241844176,0.186038002371788,-0.0019531548023223,-44.263370513916016,-95.25597381591795,4.187075614929199,,,,,,,,,,,,,,,,,,,,,,,,,,,,,
12214,1754692290.029776,95.2668001651764,1754692290.116949,53.0,0.0,0.9070935491597538,-58.017193500512576,2.2817408300541047,-14.724759117005078,-13.601355078862753,6.054764728953387,11.577950714842927,8.45222086428862,10.09799049581784,18.927764352684108,-2.105827024852488,-4.718252796524439,-10.05679075273315,-0.8149493983457887,0.0,2.0,4.0,4.0,4.0,4.0,4.0,4.0,4.0,4.0,4.0,4.0,4.0,4.0,4.0,4.0,100.0,,,,,,,,,,,,,,,,,,,,,,,,,,,,,,,,,,,,,,,
12215,1754692290.037579,95.27460312843324,1754692290.124753,54.0,0.0,1.679811402065468,-60.55319168190118,2.081420773931029,11.7307128550853,-5.623820748968512,-0.1382316161892163,4.925009138777284,-5.636558888322554,-12.841164602692343,0.9409680599584932,6.3339786597500165,2.7159225864544965,-35.199523010555424,3.980488431070796,0.0,2.0,4.0,4.0,4.0,4.0,4.0,4.0,4.0,4.0,4.0,4.0,4.0,4.0,4.0,4.0,100.0,,,,,,,,,,,,,,,,,,,,,,,,,,,,,,,,,,,,,,,
12216,1754692290.045382,95.28240609169006,1754692290.132556,55.0,0.0,-2.141257353914796,-71.93660480043144,-2.3479521238770644,10.357235204619258,3.8389403246622464,-1.1689073895251454,3.563726950404828,-1.427354189551977,-8.147988492398497,9.266026505009734,-8.361595347366517,8.989063347934746,-19.346675033478903,7.830792274200405,0.0,2.0,4.0,4.0,4.0,4.0,4.0,4.0,4.0,4.0,4.0,4.0,4.0,4.0,4.0,4.0,100.0,,,,,,,,,,,,,,,,,,,,,,,,,,,,,,,,,,,,,,,
12217,1754692290.053185,95.2902090549469,1754692290.140259,56.0,0.0,-1.13566487817576,-85.05655211602976,-7.102363145349102,2.4594774461369866,6.810353073954445,-2.6475435722218776,-1.328984827459465,1.3096690673555145,0.4673753834767353,19.279404960132467,-17.1403992948986,-1.5636877912871228,17.9859866663773,2.4393591721749885,0.0,2.0,4.0,4.0,4.0,4.0,4.0,4.0,4.0,4.0,4.0,4.0,4.0,4.0,4.0,4.0,100.0,0.6536690592765808,0.41790771484375,-0.55645751953125,0.29736328125,1.0332188606262207,0.1806668192148208,-0.0312504768371582,-44.86152267456055,-94.3587417602539,4.33661413192749,,,,,,,,,,,,,,,,,,,,,,,,,,,,,
12218,1754692290.060988,95.29801201820374,1754692290.148062,57.0,0.0,-1.7393461844339413,-73.66384611668803,-4.72121239089887,10.633013971640196,8.088483055932613,3.6299514870975713,0.8609391170598997,-0.3225027960665443,-0.7391577146512986,15.21419761875319,-6.189750461666733,-5.05715457403943,33.532309847709314,-17.585489320047998,0.0,2.0,4.0,4.0,4.0,4.0,4.0,4.0,4.0,4.0,4.0,4.0,4.0,4.0,4.0,4.0,100.0,,,,,,,,,,,,,,,,,,,,,,,,,,,,,,,,,,,,,,,
12219,1754692290.068791,95.30581498146056,1754692290.155766,58.0,0.0,-13.73875495768425,-53.58742488239386,-7.770695217245247,11.872700953600088,1.24797597157567,7.340734415699899,-0.0434695221265428,1.754114270023365,2.941119714730121,17.57890847671206,-4.3101452664359385,-1.1596343662213258,21.909005500720696,-23.49026685808667,0.0,2.0,4.0,4.0,4.0,4.0,4.0,4.0,4.0,4.0,4.0,4.0,4.0,4.0,4.0,4.0,100.0,,,,,,,,,,,,,,,,,,,,,,,,,,,,,,,,,,,,,,,
12220,1754692290.076594,95.313618183136,1754692290.163569,59.0,0.0,-10.67725882910338,-39.59506026954807,-7.446247389538371,17.280998357992644,-7.819270882982551,2.011871412497271,-3.4614951789059205,4.445152669951199,6.089402522812975,21.3427861371855,2.849977348480365,3.330609497685032,24.847137555244785,-13.869460105192616,0.0,2.0,4.0,4.0,4.0,4.0,4.0,4.0,4.0,4.0,4.0,4.0,4.0,4.0,4.0,4.0,100.0,,,,,,,,,,,,,,,,,,,,,,,,,,,,,,,,,,,,,,,
12221,1754692290.084397,95.32142114639282,1754692290.171272,60.0,0.0,-7.102528532254382,-29.209065506520343,-7.569684228168626,19.843064660461096,-5.539935907627296,-3.4762365467358904,-4.930157170485472,4.1360643714688194,6.105577116491077,21.376045800691827,6.268160407380492,4.539056261762653,24.07161750164392,-7.897494974307847,0.0,2.0,4.0,4.0,4.0,4.0,4.0,4.0,4.0,4.0,4.0,4.0,4.0,4.0,4.0,4.0,100.0,0.6529456973075867,0.4189453125,-0.556884765625,0.29669189453125,1.0678874254226685,0.1787136644124984,-0.0463874265551567,-44.263370513916016,-94.5082778930664,4.785229206085205,,,,,,,,,,,,,,,,,,,,,,,,,,,,,
12222,1754692290.0922,95.32922410964966,1754692290.178975,61.0,0.0,-5.034236363463265,-20.838777143014,-8.530719280866492,18.786084446891323,-4.586697550964459,-6.090663347034138,-7.079257192480441,2.650152504690027,4.82598889756207,19.62053167060401,7.780629849842057,4.290664235115742,21.54699886258448,-3.8358382257480335,0.0,2.0,4.0,4.0,4.0,4.0,4.0,4.0,4.0,4.0,4.0,4.0,4.0,4.0,4.0,4.0,100.0,,,,,,,,,,,,,,,,,,,,,,,,,,,,,,,,,,,,,,,
12223,1754692290.100003,95.3370270729065,1754692290.186779,62.0,0.0,-3.4766533310396426,-13.598608662359538,-9.355808501161164,18.4700431064814,-3.960325831260207,-8.353239416939914,-8.9253216147697,1.0377525075411995,3.3154864805012494,17.243574590145954,8.471529477449394,3.646033904211663,18.45803675738057,-0.6805837904637428,0.0,2.0,4.0,4.0,4.0,4.0,4.0,4.0,4.0,4.0,4.0,4.0,4.0,4.0,4.0,4.0,100.0,,,,,,,,,,,,,,,,,,,,,,,,,,,,,,,,,,,,,,,
12224,1754692290.107806,95.34483003616332,1754692290.194582,63.0,0.0,-6.306293441996388,-7.926175823952747,-9.831009014201356,25.28272056251529,-20.960579722968816,-9.93936286894774,-8.70304846734058,4.539463128510704,9.823726315433248,22.59157269310748,9.708519347955132,-5.041260595736787,23.163650931891368,3.905069537127417,0.0,2.0,4.0,4.0,4.0,4.0,4.0,4.0,4.0,4.0,4.0,4.0,4.0,4.0,4.0,4.0,100.0,,,,,,,,,,,,,,,,,,,,,,,,,,,,,,,,,,,,,,,
12225,1754692290.115609,95.35263299942017,1754692290.2023852,64.0,0.0,-4.811264943654351,1.3333698992369136,-8.558802320289487,8.115659298269293,-11.76742970384521,-6.067427805374791,-6.580635001694191,3.568610700202953,0.6301360935017328,32.78265812965674,5.780060189020787,-3.450465740718755,22.15736046127404,3.0169816077855103,3335.0,2.0,4.0,4.0,4.0,4.0,4.0,4.0,4.0,4.0,4.0,4.0,4.0,4.0,4.0,4.0,100.0,0.6509333252906799,0.419189453125,-0.55804443359375,0.298583984375,1.0317540168762207,0.1479514837265014,-0.0874036774039268,-44.11383056640625,-93.91012573242188,3.1403067111968994,,,,,,,,,,,,,,,,,,,,,,,,,,,,,
12226,1754692290.123412,95.360435962677,1754692290.2101882,65.0,0.0,-1.4166249116253766,6.16743313259235,-7.810734087410083,-0.7364919683157041,3.8608281622816776,-9.865535437692644,-9.322016335240503,-7.308291188104022,-9.381810655203251,21.79636010495437,-0.2720093622290278,7.515890222810185,8.058260483824824,7.604263523017153,3500.0,2.0,4.0,4.0,4.0,4.0,4.0,4.0,4.0,4.0,4.0,4.0,4.0,4.0,4.0,4.0,100.0,,,,,,,,,,,,,,,,,,,,,,,,,,,,,,,,,,,,,,,
12227,1754692290.131215,95.36823916435242,1754692290.217991,66.0,0.0,-0.5619441905293172,8.476278210701224,-8.208790579576686,0.2496409223611806,3.465207768334352,-10.944812125306411,-10.26952336676564,-7.790342642611137,-9.084936220888864,15.44392615318506,2.785050495532545,5.645890404469668,4.415287822019394,7.70377326559796,3546.0,2.0,4.0,4.0,4.0,4.0,4.0,4.0,4.0,4.0,4.0,4.0,4.0,4.0,4.0,4.0,100.0,,,,,,,,,,,,,,,,,,,,,,,,,,,,,,,,,,,,,,,
12228,1754692290.139018,95.37604212760924,1754692290.225795,67.0,0.0,-0.636434315857116,9.30561374146049,-7.7300641366474,10.07450436041512,2.234419972055491,-12.281157131775274,-11.51671706088888,-8.736071512636101,-9.34729214221676,9.132720879641454,2.143260030491035,3.1326093002666653,0.4595597826859716,14.17359707294412,3592.0,2.0,4.0,4.0,4.0,4.0,4.0,4.0,4.0,4.0,4.0,4.0,4.0,4.0,4.0,4.0,100.0,,,,,,,,,,,,,,,,,,,,,,,,,,,,,,,,,,,,,,,
12229,1754692290.146821,95.38384509086607,1754692290.233598,68.0,0.0,3.1566379893270664,5.468814048389561,-0.6766956224695946,18.1725971440315,10.146847933596804,-10.18906602139117,-12.8832083540687,-13.558854082413689,-18.129350023337736,14.189077770332972,-7.318371922059157,12.025943516744576,-11.695633518938791,11.107467113545283,3680.0,2.0,4.0,4.0,4.0,4.0,4.0,4.0,4.0,4.0,4.0,4.0,4.0,4.0,4.0,4.0,100.0,0.6495442390441895,0.41802978515625,-0.55987548828125,0.2998046875,1.0424963235855105,0.150881215929985,-0.1015640497207641,-45.45967864990234,-94.80735778808594,4.486152648925781,,,,,,,,,,,,,,,,,,,,,,,,,,,,,
12230,1754692290.154624,95.39164805412292,1754692290.241401,69.0,0.0,8.211035114999504,0.4498617293465941,0.7804125684624523,12.262125041676882,3.503657245370505,-14.57578012274962,-16.621253964729476,-16.818628044474735,-8.49906603235786,24.67666080387061,5.433047835178968,12.736957470880952,-9.610034499072754,-0.2689139619274101,3533.0,2.0,4.0,4.0,4.0,4.0,4.0,4.0,4.0,4.0,4.0,4.0,4.0,4.0,4.0,4.0,100.0,,,,,,,,,,,,,,,,,,,,,,,,,,,,,,,,,,,,,,,
12231,1754692290.162427,95.39945101737976,1754692290.2492042,70.0,0.0,12.054281059233745,-4.786380496938364,-4.604658304883742,4.590045305165404,-6.360445824561339,-20.15146156562605,-21.49276768949585,-16.23451578251843,-4.798387347579137,29.46917076699356,18.483163674377465,-0.867091180180978,13.70396690522216,4.772636789744411,3518.0,2.0,4.0,4.0,4.0,4.0,4.0,4.0,4.0,4.0,4.0,4.0,4.0,4.0,4.0,4.0,100.0,,,,,,,,,,,,,,,,,,,,,,,,,,,,,,,,,,,,,,,
12232,1754692290.17023,95.4072539806366,1754692290.2570071,71.0,0.0,16.997825914773955,-7.402892973551218,-3.1127240916824235,12.693991744973289,-3.851133664490419,-18.940813252765395,-19.24505307397095,-11.732203452091484,-10.068954554183447,25.654765391492845,10.975526297465592,-0.0608259926441974,1.2498565416678389,12.271148437418276,3537.0,2.0,4.0,4.0,4.0,4.0,4.0,4.0,4.0,4.0,4.0,4.0,4.0,4.0,4.0,4.0,100.0,,,,,,,,,,,,,,,,,,,,,,,,,,,,,,,,,,,,,,,
12233,1754692290.178033,95.415057182312,1754692290.264811,72.0,0.0,18.280448959445152,-8.267319961574117,-0.3157696511742642,18.78820210803599,-6.79871862376865,-13.910447763784193,-13.968748834712528,-7.11346766875738,-3.529492363314489,25.851990030385537,14.796794015671937,3.315127767193758,-6.452544857091084,6.098071381240175,3651.0,2.0,4.0,4.0,4.0,4.0,4.0,4.0,4.0,4.0,4.0,4.0,4.0,4.0,4.0,4.0,100.0,0.64925217628479,0.41656494140625,-0.5618896484375,0.2987060546875,1.0488440990447998,0.1416037231683731,-0.1284199357032776,-43.96429443359375,-93.76058959960938,5.23384428024292,,,,,,,,,,,,,,,,,,,,,,,,,,,,,
12234,1754692290.185836,95.42286014556883,1754692290.272614,73.0,0.0,18.329351170766927,-9.249525116592965,-2.353701899126122,14.841291514708589,-7.987249061044281,-5.315825661967324,-5.99357761793965,-6.094207603203017,1.125489543425715,29.40865954160688,19.00510076372109,-1.97274195301236,-6.6320240226285705,5.763273677114171,3660.0,2.0,4.0,4.0,4.0,4.0,4.0,4.0,4.0,4.0,4.0,4.0,4.0,4.0,4.0,4.0,100.0,,,,,,,,,,,,,,,,,,,,,,,,,,,,,,,,,,,,,,,
12235,1754692290.193639,95.43066310882568,1754692290.280417,74.0,0.0,14.562102001980575,5.484513402136429,-7.80116192892973,21.326941562282457,-2.4385503805403346,2.2093700462549464,0.9422464949068968,-5.810238494638895,-4.3957617426614775,20.94488145527504,-2.422882153649141,-10.621333122967089,-5.1705474590918925,5.791611792644574,3623.0,2.0,4.0,4.0,4.0,4.0,4.0,4.0,4.0,4.0,4.0,4.0,4.0,4.0,4.0,4.0,100.0,,,,,,,,,,,,,,,,,,,,,,,,,,,,,,,,,,,,,,,
12236,1754692290.201442,95.43846607208252,1754692290.28812,75.0,0.0,13.094534831365197,21.897859085521645,-10.973594791692108,35.730297162506645,-4.783830104301728,2.992769792301601,-3.2589374758277927,-5.259298521046389,-2.677361133275668,5.495856253275974,-1.160173783367668,-15.820108923734663,-26.09350774545908,8.65097497224167,3615.0,2.0,4.0,4.0,4.0,4.0,4.0,4.0,4.0,4.0,4.0,4.0,4.0,4.0,4.0,4.0,100.0,,,,,,,,,,,,,,,,,,,,,,,,,,,,,,,,,,,,,,,
12237,1754692290.209245,95.44626903533936,1754692290.2960231,76.0,0.0,19.08951540906997,6.291894628689136,-8.198679738805765,30.537258056864687,-14.014639946457407,-0.8148950692552148,-9.418603526922595,-3.215246966318716,0.1431310482635694,-4.421801335620728,12.487499361461744,-2.2719019284140245,-56.04607860861273,13.69716453426605,3642.0,2.0,4.0,4.0,4.0,4.0,4.0,4.0,4.0,4.0,4.0,4.0,4.0,4.0,4.0,4.0,100.0,0.6492350101470947,0.41522216796875,-0.5645751953125,0.2955322265625,1.0566567182540894,0.146486610174179,-0.1630884259939193,-45.16060256958008,-94.5082778930664,3.738460302352905,,,,,,,,,,,,,,,,,,,,,,,,,,,,,
12238,1754692290.217048,95.4540719985962,1754692290.303827,77.0,0.0,21.182192096595884,-3.206916202492664,-3.9662492378237744,15.534332933438748,-8.944537260881077,2.7221251293463524,-3.308691048401613,5.418689338414026,-2.974116477606401,-2.084361327997101,-2.5552396049819777,8.367206850158311,-43.07261513772204,5.988510193719378,3342.0,2.0,4.0,4.0,4.0,4.0,4.0,4.0,4.0,4.0,4.0,4.0,4.0,4.0,4.0,4.0,100.0,,,,,,,,,,,,,,,,,,,,,,,,,,,,,,,,,,,,,,,
12239,1754692290.224851,95.46187496185304,1754692290.31163,78.0,0.0,9.620646965136244,17.13723077286994,-12.040102544686135,4.444835254469751,-3.67798550615845,2.5357119636320817,0.15790787747909,5.830032423885484,-1.1244672387873038,6.698818650090914,-19.72102604650655,-13.510271814074995,-15.168737479642743,3.8740677701654818,3623.0,2.0,4.0,4.0,4.0,4.0,4.0,4.0,4.0,4.0,4.0,4.0,4.0,4.0,4.0,4.0,100.0,,,,,,,,,,,,,,,,,,,,,,,,,,,,,,,,,,,,,,,
12240,1754692290.232654,95.46967816352844,1754692290.319333,79.0,0.0,5.354172302872655,30.7235689934202,-19.14977056468416,2.290024864908162,-6.991697700006,0.1108561499228812,-0.7319190182723219,-2.0924415583902487,4.643548093623565,9.557491050069244,-2.5825431346586925,-25.94219660182472,-13.243457099671843,10.44966892391284,3615.0,2.0,4.0,4.0,4.0,4.0,4.0,4.0,4.0,4.0,4.0,4.0,4.0,4.0,4.0,4.0,100.0,,,,,,,,,,,,,,,,,,,,,,,,,,,,,,,,,,,,,,,
12241,1754692290.240457,95.47748112678528,1754692290.3272362,80.0,0.0,14.72066198487886,42.09581106897389,-8.144884992877962,0.3910017550492171,-5.739296974898991,1.7642898030321137,0.355389222251631,-7.5770568679755,-5.789900199053648,-1.984861132097251,16.801211437831114,-3.717284459161931,-36.09956426934247,20.10580789037334,3642.0,2.0,4.0,4.0,4.0,4.0,4.0,4.0,4.0,4.0,4.0,4.0,4.0,4.0,4.0,4.0,100.0,0.4334165155887604,0.650146484375,-0.26318359375,0.56585693359375,1.010757565498352,0.1269550621509552,-0.1792019605636596,-44.56244659423828,-95.40550994873048,3.5889220237731934,,,,,,,,,,,,,,,,,,,,,,,,,,,,,
12242,1754692290.24826,95.48528409004211,1754692290.3350391,81.0,0.0,11.157813422916036,45.39819359247287,-2.2014282599545254,-9.704851699060953,-2.1142455864757608,1.5569865351079102,-1.200060802896303,-3.657653280607235,-8.991606774115724,-3.333437772397417,6.650239518044884,4.299599649178447,-12.96659528095546,19.90898800378756,3342.0,2.0,4.0,4.0,4.0,4.0,4.0,4.0,4.0,4.0,4.0,4.0,4.0,4.0,4.0,4.0,100.0,,,,,,,,,,,,,,,,,,,,,,,,,,,,,,,,,,,,,,,
12243,1754692290.256063,95.49308705329896,1754692290.342843,82.0,0.0,2.3909393480810763,44.69601939547448,-5.200411102351325,-12.850507015227038,-1.550814755109684,2.668891156465918,-0.6946315522547479,5.763923831237946,2.99979743515388,-2.6983723141353835,-1.8216918890058764,-4.321500869625822,-1.2941174291951825,11.461282108603257,3623.0,2.0,4.0,4.0,4.0,4.0,4.0,4.0,4.0,4.0,4.0,4.0,4.0,4.0,4.0,4.0,100.0,,,,,,,,,,,,,,,,,,,,,,,,,,,,,,,,,,,,,,,
12244,1754692290.263866,95.5008900165558,1754692290.350546,83.0,0.0,2.0002685886031486,39.989767590607016,-3.9088957670894615,-7.502132688190386,-7.7655102593842,1.5189518695458446,0.965676097102687,3.093666579136197,1.1911611860730318,-22.34526407932549,4.665794202998541,2.641304134818938,-37.11133122097817,10.007686720348602,3615.0,2.0,4.0,4.0,4.0,4.0,4.0,4.0,4.0,4.0,4.0,4.0,4.0,4.0,4.0,4.0,100.0,,,,,,,,,,,,,,,,,,,,,,,,,,,,,,,,,,,,,,,
12245,1754692290.271669,95.50869297981262,1754692290.3582492,84.0,0.0,-0.2941333672420683,25.291943888032563,-1.7424300324283308,-8.581897120764154,-7.624999698836802,0.2656612293002922,4.108968940310604,3.635785981422885,-4.205998298038196,-22.990614659809182,8.666707666251966,9.267771265482622,-29.138876915481944,5.857145245511617,3642.0,2.0,4.0,4.0,4.0,4.0,4.0,4.0,4.0,4.0,4.0,4.0,4.0,4.0,4.0,4.0,100.0,0.4323620796203613,0.65252685546875,-0.2626953125,0.56414794921875,0.9795071482658386,0.118654154241085,-0.1796902418136596,-43.51567840576172,-94.5082778930664,3.4393835067749023,,,,,,,,,,,,,,,,,,,,,,,,,,,,,
12246,1754692290.279472,95.51649618148804,1754692290.3660522,85.0,0.0,-6.634334141530843,5.036315743338975,4.407333130676335,-24.59194071201634,-4.089244896540521,2.918866935785473,6.749884326071452,15.194471028924028,10.665445396723072,-11.461716109303753,-3.000618855437068,3.357273270762136,-2.393450037160364,-6.236475291424966,3342.0,2.0,4.0,4.0,4.0,4.0,4.0,4.0,4.0,4.0,4.0,4.0,4.0,4.0,4.0,4.0,100.0,,,,,,,,,,,,,,,,,,,,,,,,,,,,,,,,,,,,,,,
12247,1754692290.287275,95.52429914474487,1754692290.373856,86.0,0.0,-10.378786817852443,-7.747302235094168,13.477690638256234,-20.12389524083349,-2.7821796827725223,5.23722383293304,6.04805488955796,15.881458191322936,15.875053762240867,-7.8894571000905955,-4.226132917304341,-2.9320132479279266,9.469329436450806,-3.0669800758428494,3623.0,2.0,4.0,4.0,4.0,4.0,4.0,4.0,4.0,4.0,4.0,4.0,4.0,4.0,4.0,4.0,100.0,,,,,,,,,,,,,,,,,,,,,,,,,,,,,,,,,,,,,,,
12248,1754692290.295078,95.53210210800172,1754692290.3815591,87.0,0.0,-8.549423624383905,-14.683688417486737,12.496920013092732,-6.881472239095217,1.929945664190712,5.673553758237233,1.4980736513744546,2.558294575350885,1.0099706262186032,-35.11873521575802,12.795018955047963,2.761057588107235,-14.19304256915865,13.505369466692684,3615.0,2.0,4.0,4.0,4.0,4.0,4.0,4.0,4.0,4.0,4.0,4.0,4.0,4.0,4.0,4.0,100.0,,,,,,,,,,,,,,,,,,,,,,,,,,,,,,,,,,,,,,,
12249,1754692290.302881,95.53990507125854,1754692290.389262,88.0,0.0,-8.033928655119837,-37.29567084110346,5.590380948951804,-5.277090445059059,4.896929887351632,5.208884638578581,-1.0766738061257115,-1.3872294185926537,0.0787268500152436,-35.168169700592046,18.11010829867422,16.00636412787611,-17.050062836678592,12.025584255407864,3642.0,2.0,4.0,4.0,4.0,4.0,4.0,4.0,4.0,4.0,4.0,4.0,4.0,4.0,4.0,4.0,100.0,0.4314823746681213,0.654052734375,-0.2625732421875,0.5631103515625,0.9741359353065492,0.1699244678020477,-0.190920889377594,-43.51567840576172,-95.8541259765625,2.691691398620605,,,,,,,,,,,,,,,,,,,,,,,,,,,,,
12250,1754692290.310684,95.54770803451538,1754692290.3970652,89.0,0.0,-8.688179891560537,-52.2354083848258,5.517620133904131,-1.2932654013119986,1.6164346320529717,2.087612015880552,-4.493366717893821,0.7854132764242081,12.94483109826166,-13.852784343260224,4.467731952504494,17.113674271812727,15.502942348288627,-10.320136279795804,3342.0,2.0,4.0,4.0,4.0,4.0,4.0,4.0,4.0,4.0,4.0,4.0,4.0,4.0,4.0,4.0,100.0,,,,,,,,,,,,,,,,,,,,,,,,,,,,,,,,,,,,,,,
12251,1754692290.318487,95.55551099777222,1754692290.404869,90.0,0.0,-8.483966968585435,-42.58630260454783,2.134010558927286,-9.266298484768583,10.894239462244345,5.183041350233282,-1.9457496313609115,-0.3937585555924556,12.849746235611576,-5.734519511276801,2.8556610733615457,6.3852816842934885,35.21894290193478,-8.921935969679168,3623.0,2.0,4.0,4.0,4.0,4.0,4.0,4.0,4.0,4.0,4.0,4.0,4.0,4.0,4.0,4.0,100.0,,,,,,,,,,,,,,,,,,,,,,,,,,,,,,,,,,,,,,,
12252,1754692290.32629,95.56331396102904,1754692290.412572,91.0,0.0,-8.82695497152622,-41.9248156770916,-5.216954112460144,-18.16125948069908,26.07247604200733,16.17769961721274,3.3553071627222835,0.5499287984919192,1.5682932804772918,-16.277333772662814,8.191277461983418,4.006652980373247,25.98137681119283,-3.627550600061795,3615.0,2.0,4.0,4.0,4.0,4.0,4.0,4.0,4.0,4.0,4.0,4.0,4.0,4.0,4.0,4.0,100.0,,,,,,,,,,,,,,,,,,,,,,,,,,,,,,,,,,,,,,,
12253,1754692290.334093,95.57111716270448,1754692290.420275,92.0,0.0,-4.972134812148738,-58.90823384639805,-3.5284273292412536,0.1260340881505044,12.374242210323814,10.189826499174274,-3.39746868301188,3.3055933356855576,3.31817352210976,-20.47928725983945,4.200459611364863,7.223979844343944,0.9477702670911868,-9.03405630598661,3642.0,2.0,4.0,4.0,4.0,4.0,4.0,4.0,4.0,4.0,4.0,4.0,4.0,4.0,4.0,4.0,100.0,0.4309192299842834,0.6553955078125,-0.26263427734375,0.56195068359375,0.9731593728065492,0.1884794384241104,-0.1870145797729492,-44.11383056640625,-94.95689392089844,2.8412299156188965,,,,,,,,,,,,,,,,,,,,,,,,,,,,,
12254,1754692290.341896,95.5789201259613,1754692290.4280782,93.0,0.0,-5.171166555938385,-73.51200878852171,-4.31860988006531,6.798261798648923,0.380839608419933,3.9897192817701352,-0.5021449944280221,12.15741814888304,19.80829885886112,-6.997919481155918,-6.051072373710781,4.874173115303506,17.544316031766698,-8.676747630679188,3342.0,2.0,4.0,4.0,4.0,4.0,4.0,4.0,4.0,4.0,4.0,4.0,4.0,4.0,4.0,4.0,100.0,,,,,,,,,,,,,,,,,,,,,,,,,,,,,,,,,,,,,,,
12255,1754692290.349699,95.58672308921814,1754692290.4357822,94.0,0.0,-13.261054372756746,-53.40130425047283,-13.543125262159094,-16.13876255822362,6.978917244474985,8.219492380235522,6.0914387307240645,13.233386221038645,10.616662541187624,-4.086807677245645,-6.798484260740963,3.160562249334532,26.658477817448045,-0.3040642940257498,3623.0,2.0,4.0,4.0,4.0,4.0,4.0,4.0,4.0,4.0,4.0,4.0,4.0,4.0,4.0,4.0,100.0,,,,,,,,,,,,,,,,,,,,,,,,,,,,,,,,,,,,,,,
12256,1754692290.357502,95.59452605247498,1754692290.4435852,95.0,0.0,-10.20024436390213,-18.639866750330384,-7.795592735068112,-0.7269524457497027,11.88116799886302,5.867711920375768,-5.394619125434474,6.165230415982023,-4.608977758593028,-5.380445787721328,3.128609321064232,4.235805040103514,8.619390964987588,2.878868835955018,3615.0,2.0,4.0,4.0,4.0,4.0,4.0,4.0,4.0,4.0,4.0,4.0,4.0,4.0,4.0,4.0,100.0,,,,,,,,,,,,,,,,,,,,,,,,,,,,,,,,,,,,,,,
12257,1754692290.365305,95.6023290157318,1754692290.451288,96.0,0.0,0.90251641617661,10.137721816936306,1.207238677439733,16.633964766177,12.751311639607051,-2.6539300716268315,-19.52381640505345,0.2561930273740529,-2.949808218141328,-3.385809599657563,-6.662436227419761,-3.271037475193765,9.894637243629091,-5.849045392700731,3642.0,2.0,4.0,4.0,4.0,4.0,4.0,4.0,4.0,4.0,4.0,4.0,4.0,4.0,4.0,4.0,100.0,0.430279791355133,0.65704345703125,-0.2626953125,0.56048583984375,1.007827877998352,0.2407263368368148,-0.1982452124357223,-44.11383056640625,-93.16242980957033,3.1403067111968994,,,,,,,,,,,,,,,,,,,,,,,,,,,,,
12258,1754692290.373108,95.61013197898863,1754692290.4590912,97.0,0.0,5.077304157188507,30.517730800992183,0.4427399758530441,19.583670188888107,16.388249966077353,-1.5070453267351809,-12.749032422882294,-3.663226699953896,-3.945499529820893,-5.024760524080932,-17.37639939582897,-8.081969880488316,21.675223633104167,-7.767762018528003,3342.0,2.0,4.0,4.0,4.0,4.0,4.0,4.0,4.0,4.0,4.0,4.0,4.0,4.0,4.0,4.0,100.0,,,,,,,,,,,,,,,,,,,,,,,,,,,,,,,,,,,,,,,
12259,1754692290.380911,95.61793518066406,1754692290.466895,98.0,0.0,0.303986523171261,37.127994337834025,1.970548674609745,14.176686920231989,11.844986288267137,-1.3375931614896217,-4.49207809723157,-6.2524445396575175,-7.52532744783548,-9.309279547288952,-4.7838733888938805,-2.280848078690269,5.8856803021108135,4.734177226413522,3623.0,2.0,4.0,4.0,4.0,4.0,4.0,4.0,4.0,4.0,4.0,4.0,4.0,4.0,4.0,4.0,100.0,,,,,,,,,,,,,,,,,,,,,,,,,,,,,,,,,,,,,,,
12260,1754692290.388714,95.6257381439209,1754692290.4745982,99.0,0.0,-0.9300030402037294,47.49061172839399,5.557116951909819,12.816209491728811,7.026692309196704,-8.46664525631698,-9.819664734653117,-6.721007135503015,-5.567177375100556,-9.013612972407856,2.7530378837186333,-0.0995382785108915,2.40679796528795,2.6007730284017896,3615.0,2.0,4.0,4.0,4.0,4.0,4.0,4.0,4.0,4.0,4.0,4.0,4.0,4.0,4.0,4.0,100.0,,,,,,,,,,,,,,,,,,,,,,,,,,,,,,,,,,,,,,,
12261,1754692290.396517,95.63354110717772,1754692290.482301,100.0,0.0,4.1977556721504925,46.67884196309899,9.901246353748888,17.51618155065546,9.984644695116115,-4.853895896026074,-8.602572168587244,-4.394233221877471,-2.311072276334812,-6.193703450858607,-8.042205104074014,-6.330741875918534,24.449660932207166,-13.2585625406781,3642.0,2.0,4.0,4.0,4.0,4.0,4.0,4.0,4.0,4.0,4.0,4.0,4.0,4.0,4.0,4.0,100.0,0.4298303723335266,0.65936279296875,-0.2628173828125,0.55804443359375,1.0571449995040894,0.2915083467960357,-0.1923857480287552,-43.814754486083984,-94.6578140258789,3.1403067111968994,,,,,,,,,,,,,,,,,,,,,,,,,,,,,
12262,1754692290.40432,95.64134407043456,1754692290.490104,101.0,0.0,-1.2306303413388378,33.04501969553121,9.115747642038968,15.244567833524345,-6.0849157034945165,0.1132207347122857,0.0889632286471169,-0.2940963346300123,-0.6081581331845882,-8.653006742234084,-1.1001310927504164,-8.073220003062033,22.568427543292728,-8.358340694307572,3342.0,2.0,4.0,4.0,4.0,4.0,4.0,4.0,4.0,4.0,4.0,4.0,4.0,4.0,4.0,4.0,100.0,,,,,,,,,,,,,,,,,,,,,,,,,,,,,,,,,,,,,,,
12263,1754692290.412123,95.6491470336914,1754692290.497808,102.0,0.0,-2.658869727043367,14.788308292304208,6.73857767588899,11.04861743670628,-17.972830676352515,-1.1668662347013026,6.315134832198254,2.6800621102986213,2.1597436193453348,-4.928335669900008,0.4179944968084044,-4.495798845536939,-3.251400251369006,-6.330580932987942,3623.0,2.0,4.0,4.0,4.0,4.0,4.0,4.0,4.0,4.0,4.0,4.0,4.0,4.0,4.0,4.0,100.0,,,,,,,,,,,,,,,,,,,,,,,,,,,,,,,,,,,,,,,
12264,1754692290.419926,95.65694999694824,1754692290.5056112,103.0,0.0,4.364050106227978,-8.803744577577845,8.137658093133496,11.548511661677594,-6.371971737585,-0.4709345540911727,10.680221018418024,3.5531199955405555,6.907029126119824,4.131465456073101,-14.081443357022865,-3.3090138147074413,-9.489475292768248,-23.088888459235704,3615.0,2.0,4.0,4.0,4.0,4.0,4.0,4.0,4.0,4.0,4.0,4.0,4.0,4.0,4.0,4.0,100.0,,,,,,,,,,,,,,,,,,,,,,,,,,,,,,,,,,,,,,,
12265,1754692290.427729,95.66475296020508,1754692290.513314,104.0,0.0,3.5683029518301908,-10.94362831522929,3.3155692673628607,4.340965719993818,3.340749736453944,4.416493614988866,15.033628246491588,0.1989597308340478,-5.029784320754317,8.112046875743289,-22.81419374095438,-11.346961482234091,1.2088652295087456,-39.07426593807193,3642.0,2.0,4.0,4.0,4.0,4.0,4.0,4.0,4.0,4.0,4.0,4.0,4.0,4.0,4.0,4.0,100.0,0.4288890361785888,0.66259765625,-0.262939453125,0.55487060546875,1.007339596748352,0.247074082493782,-0.1821316927671432,-43.814754486083984,-94.3587417602539,3.1403067111968994,,,,,,,,,,,,,,,,,,,,,,,,,,,,,
12266,1754692290.435532,95.6725561618805,1754692290.521217,105.0,0.0,-5.61286924828903,-0.4387026450145868,-1.8430507103813625,6.490104256985319,-2.9676700512460457,9.587197045612244,22.01018289152387,6.774231448310161,-4.833112748129793,5.912639455786461,-11.881420541621196,-6.605202833792305,3.2926616902890373,-25.026203615008967,3342.0,2.0,4.0,4.0,4.0,4.0,4.0,4.0,4.0,4.0,4.0,4.0,4.0,4.0,4.0,4.0,100.0,,,,,,,,,,,,,,,,,,,,,,,,,,,,,,,,,,,,,,,
12267,1754692290.443335,95.68035912513731,1754692290.529021,106.0,0.0,-3.5802307159336806,4.201312728570997,-0.1318561896940764,4.050510102355133,-16.41144717074883,4.8786298246697015,22.31743775652251,8.47186888350518,-0.8903244907322687,7.022342343824789,-6.521713014939337,-2.065983422846216,-6.46205783638959,-16.687657243679382,3623.0,2.0,4.0,4.0,4.0,4.0,4.0,4.0,4.0,4.0,4.0,4.0,4.0,4.0,4.0,4.0,100.0,,,,,,,,,,,,,,,,,,,,,,,,,,,,,,,,,,,,,,,
12268,1754692290.451138,95.68816208839417,1754692290.536924,107.0,0.0,-2.324705443371556,7.348824668017471,1.5733883458881903,-3.3551331421064674,-17.159404686571804,-3.2954699655498985,22.05337101640481,6.073274723983843,1.851005115074088,7.177318658057004,-21.844930245330204,1.2039779692329944,-1.726337603151194,-20.15462507698857,3615.0,2.0,4.0,4.0,4.0,4.0,4.0,4.0,4.0,4.0,4.0,4.0,4.0,4.0,4.0,4.0,100.0,,,,,,,,,,,,,,,,,,,,,,,,,,,,,,,,,,,,,,,
12269,1754692290.458941,95.695965051651,1754692290.544727,108.0,0.0,-2.2279033129451022,8.688817785417712,3.3597726815661986,-20.66525810934656,-11.42620411260924,-2.669217219677023,20.12557984624817,5.88827939747415,3.0372089420827137,6.062419597868654,-15.363437534764046,2.846218755237885,1.1918448688704188,-13.058074067347036,3642.0,2.0,4.0,4.0,4.0,4.0,4.0,4.0,4.0,4.0,4.0,4.0,4.0,4.0,4.0,4.0,100.0,0.4278061091899872,0.66552734375,-0.2625732421875,0.5523681640625,0.9165179133415222,0.1748073548078537,-0.1655298769474029,-43.21660232543945,-94.5082778930664,2.24307632446289,,,,,,,,,,,,,,,,,,,,,,,,,,,,,
12270,1754692290.466744,95.70376801490784,1754692290.5526302,109.0,0.0,-2.126307068351707,9.460233397202046,4.672124407850788,-19.21853254154212,-6.3945934783705525,-2.118988746836294,17.85142826226911,5.498263780301841,3.8673998801677953,4.899382245172546,-9.592981692477224,4.058214173254328,-21.08618833802234,-6.857231412886904,3342.0,2.0,4.0,4.0,4.0,4.0,4.0,4.0,4.0,4.0,4.0,4.0,4.0,4.0,4.0,4.0,100.0,,,,,,,,,,,,,,,,,,,,,,,,,,,,,,,,,,,,,,,
12271,1754692290.474547,95.71157097816469,1754692290.5604331,110.0,0.0,-8.099708468868187,0.2569463025899381,8.561390239533182,-14.44734017313823,-3.117627080623436,-3.905068072103688,18.37327587989529,7.960638898288096,6.973722627213817,6.7424001314190605,-8.808841642113578,7.886343701389876,-16.91867314850566,-6.737009141017381,3623.0,2.0,4.0,4.0,4.0,4.0,4.0,4.0,4.0,4.0,4.0,4.0,4.0,4.0,4.0,4.0,100.0,,,,,,,,,,,,,,,,,,,,,,,,,,,,,,,,,,,,,,,
12272,1754692290.48235,95.71937417984007,1754692290.5681372,111.0,0.0,-16.279658739982835,13.820071008821913,-4.525671256542239,-43.51195379400389,-1.057371290178537,-10.631916813089733,19.962098546791538,13.53922748922622,15.179776317331914,17.009303217189142,-11.098219200095002,-1.7178073563330258,1.6716874181904018,-20.58406017091676,3615.0,2.0,4.0,4.0,4.0,4.0,4.0,4.0,4.0,4.0,4.0,4.0,4.0,4.0,4.0,4.0,100.0,,,,,,,,,,,,,,,,,,,,,,,,,,,,,,,,,,,,,,,
12273,1754692290.490153,95.72717714309692,1754692290.57594,112.0,0.0,-15.467964908376471,17.519985200381086,-13.392311869702157,-64.37704670023237,-9.234257436388418,-10.043852196818136,11.658969265821668,6.759506759454723,17.944025684463156,15.007052220577805,2.032490793240811,-8.528618228786456,12.148099412142926,-4.792338368667117,3642.0,2.0,4.0,4.0,4.0,4.0,4.0,4.0,4.0,4.0,4.0,4.0,4.0,4.0,4.0,4.0,100.0,0.6442123055458069,0.41119384765625,-0.58306884765625,0.27557373046875,0.8842908143997192,0.1440451741218567,-0.1450217515230178,-44.263370513916016,-95.25597381591795,1.943999409675598,,,,,,,,,,,,,,,,,,,,,,,,,,,,,
12274,1754692290.497956,95.73498010635376,1754692290.583643,113.0,0.0,-1.0160676317239563,9.343442206079716,2.731849370158841,-37.49796164108585,-15.693642545739124,-6.169707601341827,2.3680121322419723,-2.879833330933081,3.828232258684409,-8.205927403166072,18.73284189865052,10.992946550261593,-12.184055570460773,24.11895122869253,3342.0,2.0,4.0,4.0,4.0,4.0,4.0,4.0,4.0,4.0,4.0,4.0,4.0,4.0,4.0,4.0,100.0,,,,,,,,,,,,,,,,,,,,,,,,,,,,,,,,,,,,,,,
12275,1754692290.505759,95.7427830696106,1754692290.5914462,114.0,0.0,1.644115806346235,6.985967888889263,14.906159215502155,-18.59033753770564,-5.823380197985898,-5.1338832748588175,-1.9170550151038697,-5.1193128028839965,-4.474471277887915,-18.7629321928448,13.838018873484998,19.301205714506068,-17.25772033858948,28.065837910843584,3623.0,2.0,4.0,4.0,4.0,4.0,4.0,4.0,4.0,4.0,4.0,4.0,4.0,4.0,4.0,4.0,100.0,,,,,,,,,,,,,,,,,,,,,,,,,,,,,,,,,,,,,,,
12276,1754692290.513562,95.75058603286745,1754692290.5991502,115.0,0.0,-16.592359380067762,22.53752265959457,2.629186714142918,-35.2960709963624,5.543857549874531,-4.361958192240479,-5.107788656483251,-5.392147201531941,-3.767867668205497,-18.325121631513127,9.022297664852715,1.4344197895910042,14.052505088787086,9.527378805163435,3615.0,2.0,4.0,4.0,4.0,4.0,4.0,4.0,4.0,4.0,4.0,4.0,4.0,4.0,4.0,4.0,100.0,,,,,,,,,,,0.0,0.0,183.45999145507807,1.0,136.03286743164062,0.0,117.89341735839844,0.0,130.77296447753906,0.0,123.482421875,0.0,118.30960845947266,0.0,129.43020629882812,0.0,119.7363510131836,0.0,128.50347900390625,0.0,168.42034912109375,0.0,133.76341247558594,1.0,117.85394287109376,1.0,140.7230682373047,1.0,139.02598571777344
12277,1754692290.521365,95.75838899612428,1754692290.607053,116.0,0.0,-12.906439794036883,33.160744782443146,-6.014866627163826,-42.75357482493786,1.914371299393736,0.121905213548473,-1.4844937523970998,-2.148624021091962,-2.6589648219523383,-13.88122487501954,24.89586889089429,-2.5815290395989337,30.049083050681983,12.852201749261951,3642.0,2.0,4.0,4.0,4.0,4.0,4.0,4.0,4.0,4.0,4.0,4.0,4.0,4.0,4.0,4.0,100.0,0.6417438983917236,0.4114990234375,-0.5831298828125,0.28070068359375,0.8916151523590088,0.1699244678020477,-0.150881215929985,-45.75875473022461,-96.1531982421875,2.5421531200408936,,,,,,,,,,,,,,,,,,,,,,,,,,,,,
12278,1754692290.529168,95.7661919593811,1754692290.614856,117.0,0.0,-2.757298133763385,37.32768826883475,-3.9608690410031215,-17.484235176028875,-5.989162644112099,-0.4297364924977103,-2.1749887397253644,-4.26890512558694,-1.3569804262596392,-16.191848104228853,28.48784614249334,2.141305386318976,12.807472572517185,23.01632121548536,3342.0,2.0,4.0,4.0,4.0,4.0,4.0,4.0,4.0,4.0,4.0,4.0,4.0,4.0,4.0,4.0,100.0,,,,,,,,,,,,,,,,,,,,,,,,,,,,,,,,,,,,,,,
12279,1754692290.536971,95.77399516105652,1754692290.622659,118.0,0.0,-4.9042265635424656,36.101263795135424,1.5143140704777809,-0.3114884237219257,2.1978821345156803,-3.198388339898316,-7.994060199040064,-10.993610871913347,-2.260029078623916,-20.0126885208,6.013274819489766,0.9486613813033956,7.425631406469279,30.380760554656376,3623.0,2.0,4.0,4.0,4.0,4.0,4.0,4.0,4.0,4.0,4.0,4.0,4.0,4.0,4.0,4.0,100.0,,,,,,,,,,,,,,,,,,,,,,,,,,,,,,,,,,,,,,,
12280,1754692290.544774,95.78179812431335,1754692290.630362,119.0,0.0,3.363943648381792,40.20412093919458,3.5632745117318336,-5.807203910513636,10.690709011036232,-5.923522205892823,-10.907187569390771,-11.049277423991498,-2.5501603142047315,-17.497623882648895,6.806935816129226,3.82813912065194,-3.281406666283601,37.50299394487138,3615.0,2.0,4.0,4.0,4.0,4.0,4.0,4.0,4.0,4.0,4.0,4.0,4.0,4.0,4.0,4.0,100.0,,,,,,,,,,,,,,,,,,,,,,,,,,,,,,,,,,,,,,,
12281,1754692290.552577,95.7896010875702,1754692290.6382651,120.0,0.0,22.66850787984936,31.98684459455376,0.1928398829538764,2.267033016763208,10.53925463132532,-13.022823320785164,-18.207193532480915,-13.621784167326268,-11.572061488978534,-24.359070793623005,19.643243874597147,5.574297571450416,-28.822978389251148,30.51532070434473,3642.0,2.0,4.0,4.0,4.0,4.0,4.0,4.0,4.0,4.0,4.0,4.0,4.0,4.0,4.0,4.0,100.0,0.640399158000946,0.41156005859375,-0.5802001953125,0.28961181640625,0.887220561504364,0.1328145265579223,-0.1191424429416656,-44.263370513916016,-96.30274200439452,2.691691398620605,,,,,,,,,,,,,,,,,,,,,,,,,,,,,
12282,1754692290.56038,95.79740405082704,1754692290.646069,121.0,0.0,40.75612201712721,24.649078123151696,7.252322375593678,38.09633818905951,26.93965329092753,-12.946896907907728,-24.322852286201112,-18.163826282147227,-20.143156054831422,-33.74327580946391,-3.112709549321324,-5.727342761743046,-5.968217423116755,14.017592425490704,3342.0,2.0,4.0,4.0,4.0,4.0,4.0,4.0,4.0,4.0,4.0,4.0,4.0,4.0,4.0,4.0,100.0,,,,,,,,,,,,,,,,,,,,,,,,,,,,,,,,,,,,,,,
12283,1754692290.568183,95.80520701408386,1754692290.653972,122.0,0.0,49.84500020575791,10.743313443960176,8.433714110194558,25.33414288835496,37.557161523524826,-9.125718485488562,-23.065479697055764,-16.42964694395465,-13.916823658913527,-31.26717210113844,-16.740580579133223,-18.30983800022756,32.352692152537145,11.70159922498027,3623.0,2.0,4.0,4.0,4.0,4.0,4.0,4.0,4.0,4.0,4.0,4.0,4.0,4.0,4.0,4.0,100.0,,,,,,,,,,,,,,,,,,,,,,,,,,,,,,,,,,,,,,,
12284,1754692290.575986,95.8130099773407,1754692290.661775,123.0,0.0,45.472713607564174,-2.228320218896215,-5.362841971797707,11.719526154536425,33.49072073503953,-2.6424501145954764,-13.807361362253005,-7.405550990795064,-6.952809217972344,-21.4731239681812,-4.552918498963891,-19.971769961751534,32.84810499851892,17.425364858484272,3615.0,2.0,4.0,4.0,4.0,4.0,4.0,4.0,4.0,4.0,4.0,4.0,4.0,4.0,4.0,4.0,100.0,,,,,,,,,,,,,,,,,,,,,,,,,,,,,,,,,,,,,,,
12285,1754692290.583789,95.82081317901611,1754692290.669678,124.0,0.0,44.62023242252425,-11.432978631197244,-3.684609120973079,25.507325044152,42.04506952315669,3.043095321079903,-8.991930060451438,-7.4272568540554,-16.32235100482913,-24.752771213592865,4.440674745352311,-17.649346417437215,15.319511237748287,8.73349336249666,3642.0,2.0,4.0,4.0,4.0,4.0,4.0,4.0,4.0,4.0,4.0,4.0,4.0,4.0,4.0,4.0,100.0,0.6409859657287598,0.41094970703125,-0.5751953125,0.29901123046875,0.9306782484054564,0.1411154419183731,-0.0737315937876701,-45.45967864990234,-96.30274200439452,1.943999409675598,,,,,,,,,,,,,,,,,,,,,,,,,,,,,
12286,1754692290.591592,95.82861614227296,1754692290.6774812,125.0,0.0,54.27540650268836,-33.92049336106086,17.122921168765487,54.94952479921355,52.91508458090081,0.4040323262815661,-10.517093552334728,-8.959153430787893,-20.616041382671057,-32.13327143097425,6.954998820273403,-4.0213975284805485,-5.491225760383514,4.5069179566662285,3342.0,2.0,4.0,4.0,4.0,4.0,4.0,4.0,4.0,4.0,4.0,4.0,4.0,4.0,4.0,4.0,100.0,,,,,,,,,,,,,,,,,,,,,,,,,,,,,,,,,,,,,,,
12287,1754692290.599395,95.8364191055298,1754692290.685384,126.0,0.0,31.454899907479813,-55.51124064006919,10.232728241369642,31.36541840670569,42.389986813643446,-6.871512155849104,-16.42355711967204,-3.051458819266572,-1.1238827216236302,-26.69005425319776,8.253517469150921,4.501568218693393,-13.926275104034602,1.9853148715599505,3623.0,2.0,4.0,4.0,4.0,4.0,4.0,4.0,4.0,4.0,4.0,4.0,4.0,4.0,4.0,4.0,100.0,,,,,,,,,,,,,,,,,,,,,,,,,,,,,,,,,,,,,,,
12288,1754692290.607198,95.84422206878662,1754692290.6931882,127.0,0.0,7.642002297792032,-45.51315804090268,-2.2774604210792404,16.123769160627717,53.84390130529869,2.6281118581207465,-9.105056190127245,1.2757322888680849,6.062027332957541,-16.009246655221204,-1.069491950733891,-5.155865215798031,15.364192224772296,-11.419473485249227,52.0,2.0,4.0,4.0,4.0,4.0,4.0,4.0,4.0,4.0,4.0,4.0,4.0,4.0,4.0,4.0,100.0,,,,,,,,,,,,,,,,,,,,,,,,,,,,,,,,,,,,,,,
12289,1754692290.615001,95.85202503204346,1754692290.701091,0.0,0.0,2.000499632960782,-23.61176834594925,4.482011125811368,43.39222937384329,79.57120187201508,7.521595715117201,-2.018083404679601,-3.102937132221541,0.6847267089742672,-11.825465905793408,-0.3980718349839662,-9.16974081097851,9.274462185481523,-19.457654809322776,3330.0,2.0,4.0,4.0,4.0,4.0,4.0,4.0,4.0,4.0,4.0,4.0,4.0,4.0,4.0,4.0,100.0,0.641964316368103,0.41070556640625,-0.56915283203125,0.30865478515625,0.9741359353065492,0.1547875255346298,-0.0039063096046447,-45.16060256958008,-96.60181427001952,2.24307632446289,,,,,,,,,,,,,,,,,,,,,,,,,,,,,
12290,1754692290.622804,95.8598279953003,1754692290.708894,1.0,0.0,7.96122303767936,-9.664846999459655,19.42965998825514,50.65976899207783,67.06753034922042,-6.105664781984501,-3.5216483111292973,-2.2399713477751675,-2.490093784901888,-18.30135613514437,5.04965723029602,4.576102150575593,-24.72001520496576,-3.229604192760121,3537.0,2.0,4.0,4.0,4.0,4.0,4.0,4.0,4.0,4.0,4.0,4.0,4.0,4.0,4.0,4.0,100.0,,,,,,,,,,,,,,,,,,,,,,,,,,,,,,,,,,,,,,,
12291,1754692290.630607,95.86763095855711,1754692290.716797,2.0,0.0,-13.553174586324984,-9.497713332993044,7.214116093492521,8.63892585810072,29.61591931103385,-8.089681476139049,-4.488439185781772,12.633517156998096,12.270700444583326,-3.074254585681956,-14.112629315642607,8.775678123368834,-8.206697313221412,-0.7696475141378869,3533.0,2.0,4.0,4.0,4.0,4.0,4.0,4.0,4.0,4.0,4.0,4.0,4.0,4.0,4.0,4.0,100.0,,,,,,,,,,,,,,,,,,,,,,,,,,,,,,,,,,,,,,,
12292,1754692290.63841,95.87543416023254,1754692290.7246,3.0,0.0,-28.922367224836705,-19.343012283121823,-5.088816660348982,-0.9687836407715054,43.42842817067736,13.59873351880202,2.955989322761127,11.60847120896966,8.688034393601413,-3.311610566538945,-12.872254178361745,-1.0110298793110246,22.902198294175435,-13.134097909033642,3635.0,2.0,4.0,4.0,4.0,4.0,4.0,4.0,4.0,4.0,4.0,4.0,4.0,4.0,4.0,4.0,100.0,,,,,,,,,,,,,,,,,,,,,,,,,,,,,,,,,,,,,,,
12293,1754692290.646213,95.88323712348938,1754692290.7325032,4.0,0.0,-30.958230195494963,-19.93186780697832,2.0709180337305213,25.21960234910168,55.2575165883529,15.306090244221394,3.915805525902414,0.9863381760639812,-6.525160603296882,-8.994314422103145,5.885085401129999,-0.4766591617915594,3.1379870503646714,-10.52058594217968,3623.0,2.0,4.0,4.0,4.0,4.0,4.0,4.0,4.0,4.0,4.0,4.0,4.0,4.0,4.0,4.0,100.0,0.6426994800567627,0.41094970703125,-0.5631103515625,0.3177490234375,0.992202639579773,0.1328145265579223,0.0380865186452865,-46.20737075805664,-97.6485824584961,3.738460302352905,,,,,,,,,,,,,,,,,,,,,,,,,,,,,
12294,1754692290.654016,95.89104008674622,1754692290.740306,5.0,0.0,-35.00270123877846,-24.174794112506618,-1.240216088778027,5.458543736577383,12.084271176320442,-1.067070986191368,-3.2110377870206435,4.860375554729387,2.172929761759121,-5.9029603199431335,8.484842545865092,10.767034804119874,-10.200980070036678,-1.0705638711327197,3504.0,2.0,4.0,4.0,4.0,4.0,4.0,4.0,4.0,4.0,4.0,4.0,4.0,4.0,4.0,4.0,100.0,,,,,,,,,,,,,,,,,,,,,,,,,,,,,,,,,,,,,,,
12295,1754692290.661819,95.89884305000304,1754692290.7480102,6.0,0.0,-47.87764528280559,-40.35014926797703,-14.277476065101382,-20.076510105692705,-4.856369259309304,4.564759235980546,-1.8758903005114007,12.716474743287108,15.943651545887406,-1.035619514249447,12.492645568594526,7.571194989851847,19.151736446392988,-2.5832446552553847,3518.0,2.0,4.0,4.0,4.0,4.0,4.0,4.0,4.0,4.0,4.0,4.0,4.0,4.0,4.0,4.0,100.0,,,,,,,,,,,,,,,,,,,,,,,,,,,,,,,,,,,,,,,
12296,1754692290.669622,95.90664601325987,1754692290.7558131,7.0,0.0,-48.55736263815589,-37.48750532892319,-10.896178725316815,-11.195013623140142,16.075236429385484,14.243256188273053,-2.75266574294011,6.416215546599403,8.731035992597924,3.0273161508914086,3.652293697233006,1.53016051313233,9.253972513124552,-9.708177432197148,3517.0,2.0,4.0,4.0,4.0,4.0,4.0,4.0,4.0,4.0,4.0,4.0,4.0,4.0,4.0,4.0,100.0,,,,,,,,,,,,,,,,,,,,,,,,,,,,,,,,,,,,,,,
12297,1754692290.677425,95.91444897651672,1754692290.7635162,8.0,0.0,-29.029098013990502,-42.13950839341601,17.483767586460317,17.809547742364202,-2.452763922260374,9.842828397571566,-0.6366991147021963,4.498312250232402,5.1641084832901925,-2.75021949431698,-6.049727589288295,5.660101655132394,-8.846355637268061,-3.433112268087143,3607.0,2.0,4.0,4.0,4.0,4.0,4.0,4.0,4.0,4.0,4.0,4.0,4.0,4.0,4.0,4.0,100.0,0.643839418888092,0.41131591796875,-0.55828857421875,0.32342529296875,1.0390783548355105,0.1245136186480522,0.0756847485899925,-44.71198654174805,-95.55504608154295,4.187075614929199,,,,,,,,,,,,,,,,,,,,,,,,,,,,,
12298,1754692290.685228,95.92225217819214,1754692290.7713192,9.0,0.0,-26.246559488445257,-60.49429598713601,20.90787493624879,-1.272357252514723,-41.11928978693328,-0.5585271705531909,-1.8314075730268653,1.2636523137998097,5.508273089116699,-5.319280570963713,-2.449337901841829,9.947809041420385,10.002616338889482,4.6589850659838135,3629.0,2.0,4.0,4.0,4.0,4.0,4.0,4.0,4.0,4.0,4.0,4.0,4.0,4.0,4.0,4.0,100.0,,,,,,,,,,,,,,,,,,,,,,,,,,,,,,,,,,,,,,,
12299,1754692290.693031,95.93005514144896,1754692290.7790232,10.0,0.0,-30.112432238693827,-52.280968424902994,7.293516713679082,-12.867440553048937,-28.653206924894903,8.788455361486513,2.8482820804840685,5.6096859646643225,9.980865745843175,-3.006785327301486,-1.1371517246095664,4.827563749455976,18.59303692247636,-3.56767090332346,3582.0,2.0,4.0,4.0,4.0,4.0,4.0,4.0,4.0,4.0,4.0,4.0,4.0,4.0,4.0,4.0,100.0,,,,,,,,,,,,,,,,,,,,,,,,,,,,,,,,,,,,,,,
12300,1754692290.700834,95.9378581047058,1754692290.786826,11.0,0.0,-33.53420463706303,-31.025416046110564,4.053420455493182,-18.23267240181272,-23.224813312092607,15.619765595186747,13.463144829992729,18.233374794316973,23.81032953677036,8.834078926720252,-8.757640121055516,2.669219906057464,7.435157524651544,-9.464709120046932,3564.0,2.0,4.0,4.0,4.0,4.0,4.0,4.0,4.0,4.0,4.0,4.0,4.0,4.0,4.0,4.0,100.0,,,,,,,,,,,,,,,,,,,,,,,,,,,,,,,,,,,,,,,
12301,1754692290.708637,95.94566106796265,1754692290.794529,12.0,0.0,-23.77756795344765,-14.779611314185049,7.291187117311267,-14.990462101243509,-53.27747529170455,1.898354109800323,14.073997022134163,15.595157348611169,16.51653736959571,8.324924610940627,-3.9685866073434113,3.64246094486981,2.5837289398153302,-4.9924578012089,3621.0,2.0,4.0,4.0,4.0,4.0,4.0,4.0,4.0,4.0,4.0,4.0,4.0,4.0,4.0,4.0,100.0,0.6433326005935669,0.4122314453125,-0.5556640625,0.3277587890625,1.081071138381958,0.1079118028283119,0.0942397192120552,-44.11383056640625,-96.1531982421875,3.1403067111968994,,,,,,,,,,,,,,,,,,,,,,,,,,,,,
12302,1754692290.71644,95.95346403121948,1754692290.8023322,13.0,0.0,-16.31161538314467,-0.8214519950992667,2.519359696548748,-25.542809074093785,-58.84119445525306,-4.887088451455327,10.437213074823887,7.272690425417807,1.1353914116489818,5.2860078253907545,-1.222259836917999,3.7323297130301967,2.3298549424612816,-2.7861354802166147,3328.0,2.0,4.0,4.0,4.0,4.0,4.0,4.0,4.0,4.0,4.0,4.0,4.0,4.0,4.0,4.0,100.0,,,,,,,,,,,,,,,,,,,,,,,,,,,,,,,,,,,,,,,
12303,1754692290.724243,95.96126699447632,1754692290.8100362,14.0,0.0,-12.484449125287483,15.178391642947645,-1.743247035885361,-25.708455466673968,-50.85908864165185,0.2687955846167824,11.505239895302566,7.473654367561721,3.673884591981732,20.32096414291709,-6.715752106555101,3.020412713830865,-2.8756204112451087,-3.10212770430553,3582.0,2.0,4.0,4.0,4.0,4.0,4.0,4.0,4.0,4.0,4.0,4.0,4.0,4.0,4.0,4.0,100.0,,,,,,,,,,,,,,,,,,,,,,,,,,,,,,,,,,,,,,,
12304,1754692290.732046,95.96906995773315,1754692290.8178391,15.0,0.0,-10.243641044098808,22.93638323034964,-4.437167065819381,-21.264571916941463,-51.72150938112748,-0.003727827098487,13.397458696716852,7.229934015340746,3.926979712244588,27.122735336758865,-3.658405219580004,1.0334653678600034,-2.614957729396906,-1.4761212535505592,3564.0,2.0,4.0,4.0,4.0,4.0,4.0,4.0,4.0,4.0,4.0,4.0,4.0,4.0,4.0,4.0,100.0,,,,,,,,,,,,,,,,,,,,,,,,,,,,,,,,,,,,,,,
12305,1754692290.739849,95.97687315940856,1754692290.825542,16.0,0.0,-7.900562213825907,29.067416470248844,-10.88328545172115,-23.355104062154425,-46.792625607586416,-0.5717984199193609,18.935011446714924,6.04216367510773,-1.80379214918392,27.380153295326835,3.377303687198236,-1.4932746745064662,0.723522257203939,1.6264378379257494,0.0,2.0,4.0,4.0,4.0,4.0,4.0,4.0,4.0,4.0,4.0,4.0,4.0,4.0,4.0,4.0,100.0,0.6420508027076721,0.412353515625,-0.55499267578125,0.33123779296875,1.0229648351669312,0.1059586480259895,0.088380254805088,-46.05783081054688,-97.19996643066406,5.831998348236084,,,,,,,,,,,,,,,,,,,,,,,,,,,,,
12306,1754692290.747652,95.9846761226654,1754692290.8333452,17.0,0.0,-0.9588693657972271,24.4212785728148,-12.83570532698809,-10.889465535762838,-38.4482175801179,5.804360093510013,14.025985368632746,0.8582445534832459,0.0544660961993486,27.86577454326676,0.9150768325491754,-0.1042893396127055,-8.434122905164031,1.865134034832181,0.0,2.0,4.0,4.0,4.0,4.0,4.0,4.0,4.0,4.0,4.0,4.0,4.0,4.0,4.0,4.0,100.0,,,,,,,,,,,,,,,,,,,,,,,,,,,,,,,,,,,,,,,
12307,1754692290.755455,95.99247908592224,1754692290.8410492,18.0,0.0,4.0799570614125855,29.33229190724245,-11.64242770421248,2.323835155556424,-40.044007015629234,6.755500446018175,5.327611829974501,-5.274906140005953,2.1170221168194416,32.1425055173176,-8.658610380324319,0.1319573287709659,-21.48559456221716,-0.0468669722036452,0.0,2.0,4.0,4.0,4.0,4.0,4.0,4.0,4.0,4.0,4.0,4.0,4.0,4.0,4.0,4.0,100.0,,,,,,,,,,,,,,,,,,,,,,,,,,,,,,,,,,,,,,,
12308,1754692290.763258,96.00028204917908,1754692290.8488522,19.0,0.0,9.121682576797753,22.310251594834767,-11.640872981347115,3.524368989109348,-22.540603993636186,6.076095977837554,6.563158389273553,-3.349031488308924,-1.5257408869612163,43.81529388172692,-6.772769269539936,-0.4076752380161679,-10.306167670158288,-4.108406473394211,0.0,2.0,4.0,4.0,4.0,4.0,4.0,4.0,4.0,4.0,4.0,4.0,4.0,4.0,4.0,4.0,100.0,,,,,,,,,,,,,,,,,,,,,,,,,,,,,,,,,,,,,,,
12309,1754692290.771061,96.00808501243591,1754692290.856555,20.0,0.0,14.620842479099224,14.257512921989814,-11.798976887332287,8.011726072284432,-5.057903961736997,2.2146252604428582,3.1277625792689605,-6.4198742564841496,-5.621589466327464,44.78447026748324,0.3485180145929689,-1.2626437802056216,-6.595285729605052,-1.760494718319137,0.0,2.0,4.0,4.0,4.0,4.0,4.0,4.0,4.0,4.0,4.0,4.0,4.0,4.0,4.0,4.0,100.0,0.4194170832633972,0.63519287109375,-0.27056884765625,0.58941650390625,0.9834134578704834,0.1181658655405044,0.0512703135609626,-46.506446838378906,-95.70458221435548,5.831998348236084,,,,,,,,,,,,,,,,,,,,,,,,,,,,,
12310,1754692290.778864,96.01588797569276,1754692290.864458,21.0,0.0,17.766007501662216,3.366375544709399,-4.108895445707503,19.215782308475585,-9.38881928152091,-3.3942909816585143,-10.106564908424616,-16.988525602740765,-12.102948884246189,33.94729386344693,8.170634325436595,5.211023056449676,-17.17438421814063,10.250537690715872,0.0,2.0,4.0,4.0,4.0,4.0,4.0,4.0,4.0,4.0,4.0,4.0,4.0,4.0,4.0,4.0,100.0,,,,,,,,,,,,,,,,,,,,,,,,,,,,,,,,,,,,,,,
12311,1754692290.786667,96.02369117736816,1754692290.872262,22.0,0.0,14.498875679201548,-2.223454991515837,0.8772794687126861,19.96258267758072,-11.85300244469022,-4.005408529191982,-15.5380201799137,-19.184515222696746,-13.360359805201597,30.63113068412872,12.46138555060611,9.5210252652721,-12.683851941420244,7.906027622227384,0.0,2.0,4.0,4.0,4.0,4.0,4.0,4.0,4.0,4.0,4.0,4.0,4.0,4.0,4.0,4.0,100.0,,,,,,,,,,,,,,,,,,,,,,,,,,,,,,,,,,,,,,,
12312,1754692290.79447,96.031494140625,1754692290.880065,23.0,0.0,15.79736972282069,-3.033423693834834,-2.783597427825612,19.34136510654196,-0.7969724413998165,0.9946088033533442,-5.361522149513917,-13.354908964947867,-8.07815372589232,36.4293827620462,10.543745307797394,2.346585421966552,-5.503953594805921,-1.909423820543111,0.0,2.0,4.0,4.0,4.0,4.0,4.0,4.0,4.0,4.0,4.0,4.0,4.0,4.0,4.0,4.0,100.0,,,,,,,,,,,,,,,,,,,,,,,,,,,,,,,,,,,,,,,
12313,1754692290.802273,96.03929710388184,1754692290.887768,24.0,0.0,20.61411654923881,-3.90149888243036,-5.897945121902239,23.3016842665927,10.305646131083222,1.4806941311660466,-1.754194973830863,-10.491776478408385,-6.0382563042924176,38.81660289766546,6.684916759529415,-5.677843581170464,-12.639698472811688,-1.2397744624447569,0.0,2.0,4.0,4.0,4.0,4.0,4.0,4.0,4.0,4.0,4.0,4.0,4.0,4.0,4.0,4.0,100.0,0.4191658794879913,0.63555908203125,-0.2706298828125,0.58917236328125,1.004898190498352,0.125490203499794,0.0336919203400611,-46.20737075805664,-97.3495101928711,4.486152648925781,,,,,,,,,,,,,,,,,,,,,,,,,,,,,
12314,1754692290.810076,96.04710006713869,1754692290.8956711,25.0,0.0,18.60370570848789,-11.674760434048778,-4.1986252205736605,25.46585822510696,10.182615745778264,-4.105496224140381,-6.628723835767062,-5.483162665774046,0.7335214897609035,37.94015423736317,9.125529315890788,-6.0627257123867935,-11.785847040750298,-0.1916567285550741,0.0,2.0,4.0,4.0,4.0,4.0,4.0,4.0,4.0,4.0,4.0,4.0,4.0,4.0,4.0,4.0,100.0,,,,,,,,,,,,,,,,,,,,,,,,,,,,,,,,,,,,,,,
12315,1754692290.817879,96.05490303039552,1754692290.903474,26.0,0.0,16.724903688906863,-11.867759635872687,-3.7476033112995424,22.168727920174945,6.92464379890481,-7.069962572867723,-4.280772582176894,-0.6166843839925491,2.519006221168468,35.548722442827795,9.969693880225634,-6.8523565575862335,-9.642417918488434,-3.915927065243693,0.0,2.0,4.0,4.0,4.0,4.0,4.0,4.0,4.0,4.0,4.0,4.0,4.0,4.0,4.0,4.0,100.0,,,,,,,,,,,,,,,,,,,,,,,,,,,,,,,,,,,,,,,
12316,1754692290.825682,96.06270599365234,1754692290.9113772,27.0,0.0,19.697712419165214,-5.262928481134281,-5.022034994143382,9.977551267743252,14.442696646172294,-3.616409981416041,3.457781470958139,-0.6285212560543414,-7.353127790982057,32.43789565989971,3.3173106035714,-9.150532216284889,-22.366013465311084,-2.2227486295247445,0.0,2.0,4.0,4.0,4.0,4.0,4.0,4.0,4.0,4.0,4.0,4.0,4.0,4.0,4.0,4.0,100.0,,,,,,,,,,,,,,,,,,,,,,,,,,,,,,,,,,,,,,,
12317,1754692290.833485,96.07050895690918,1754692290.919181,28.0,0.0,20.822925924156664,-5.214202397607039,-3.4071588205474086,-0.6424487803409988,25.66984345933412,-4.142516371219642,2.6206495037391164,-0.798660408334797,-12.736824003874004,28.97353970296268,7.880484569158909,-5.251373917602393,-20.35085907788305,3.70385270515186,0.0,2.0,4.0,4.0,4.0,4.0,4.0,4.0,4.0,4.0,4.0,4.0,4.0,4.0,4.0,4.0,100.0,0.4194441735744476,0.63653564453125,-0.27069091796875,0.587890625,1.009292721748352,0.1328145265579223,0.0224612802267074,-45.16060256958008,-97.3495101928711,5.981536388397217,,,,,,,,,,,,,,,,,,,,,,,,,,,,,
12318,1754692290.841288,96.0783121585846,1754692290.927084,29.0,0.0,15.99579778320475,-8.970314869812967,-3.036921890294081,-6.596248175996891,19.09062567408745,-8.400922597339843,-3.965107448449828,1.83909593995412,-2.6524560812761706,21.75739645840821,12.48497659991034,-2.528719275373817,-3.5460739921653044,1.4052061476947415,0.0,2.0,4.0,4.0,4.0,4.0,4.0,4.0,4.0,4.0,4.0,4.0,4.0,4.0,4.0,4.0,100.0,,,,,,,,,,,,,,,,,,,,,,,,,,,,,,,,,,,,,,,
12319,1754692290.849091,96.08611512184144,1754692290.9348872,30.0,0.0,11.110070543226584,-10.63888160696638,-1.494692239836013,-10.441700752911627,6.781210438335847,-5.230376289385049,-4.913809554013596,0.1376806900941574,4.394504853999251,17.815379007395904,9.791749758089964,-3.296923149408713,-2.5257718786417627,0.9178008394708286,0.0,2.0,4.0,4.0,4.0,4.0,4.0,4.0,4.0,4.0,4.0,4.0,4.0,4.0,4.0,4.0,100.0,,,,,,,,,,,,,,,,,,,,,,,,,,,,,,,,,,,,,,,
12320,1754692290.856894,96.09391808509828,1754692290.94279,31.0,0.0,6.481288336306022,-6.051439507959515,1.732695356176862,-8.048191748239844,7.847978244512376,0.1780624068478005,-0.6314106701816513,-3.1762661840157875,-5.17132711514256,15.603695056308824,8.555326789250955,-2.7375769538480768,-16.647283903297478,3.324534823857391,0.0,2.0,4.0,4.0,4.0,4.0,4.0,4.0,4.0,4.0,4.0,4.0,4.0,4.0,4.0,4.0,100.0,,,,,,,,,,,,,,,,,,,,,,,,,,,,,,,,,,,,,,,
12321,1754692290.864697,96.1017210483551,1754692290.950593,32.0,0.0,3.699917704311076,-1.167464032581563,0.7120402659728029,-6.335253446911054,5.993114893856102,-0.5462435998921933,2.287084803740356,-4.467759152078713,-13.297334723385744,7.392576472509347,9.115892498613732,-1.1643430394757956,-17.856345271964017,0.6467670500040299,0.0,2.0,4.0,4.0,4.0,4.0,4.0,4.0,4.0,4.0,4.0,4.0,4.0,4.0,4.0,4.0,100.0,0.4202956855297088,0.63775634765625,-0.27020263671875,0.586181640625,1.0141756534576416,0.1215838864445686,0.0058594644069671,-44.71198654174805,-95.8541259765625,4.486152648925781,,,,,,,,,,,,,,,,,,,,,,,,,,,,,
12322,1754692290.8725,96.10952401161194,1754692290.958396,33.0,0.0,1.0159160649488967,2.70766470458716,-0.119998508053186,-7.985618530492729,-1.0590114057179107,-0.8870182752964411,3.2032051783987754,-3.087087864691739,-8.070584266479955,1.1516207561032843,12.620875580532584,2.057495381052604,-9.190056917697577,0.9280838516544918,0.0,2.0,4.0,4.0,4.0,4.0,4.0,4.0,4.0,4.0,4.0,4.0,4.0,4.0,4.0,4.0,100.0,,,,,,,,,,,,,,,,,,,,,,,,,,,,,,,,,,,,,,,
12323,1754692290.880303,96.11732697486876,1754692290.9663,34.0,0.0,-11.397066170201017,5.231276847839126,-0.3425341220058726,-10.580776448710369,-5.953531679508615,-0.680727337686676,2.0451877793288986,-0.2584331287262102,4.379524656435478,2.7328271683818457,12.464620763160385,2.316355585873225,-15.576513179579706,0.140855734343404,0.0,2.0,4.0,4.0,4.0,4.0,4.0,4.0,4.0,4.0,4.0,4.0,4.0,4.0,4.0,4.0,100.0,,,,,,,,,,,,,,,,,,,,,,,,,,,,,,,,,,,,,,,
12324,1754692290.888106,96.1251301765442,1754692290.974103,35.0,0.0,-17.1054481157708,7.148268005820171,-4.425922550281086,-13.285924556113116,-12.66887343568584,-2.334972560023345,0.9373180438905706,2.5007245578566994,12.948217717497698,8.60117879968442,16.286913054267586,6.184845060998612,-10.126672079211914,0.1164115209502938,0.0,2.0,4.0,4.0,4.0,4.0,4.0,4.0,4.0,4.0,4.0,4.0,4.0,4.0,4.0,4.0,100.0,,,,,,,,,,,,,,,,,,,,,,,,,,,,,,,,,,,,,,,
12325,1754692290.895909,96.13293313980104,1754692290.9819062,36.0,0.0,-12.525482949689945,10.308532652314511,-17.9084528954819,-16.56576800702726,-17.728110737239263,-4.077759576320318,-1.3865178852366853,-1.442021590367517,1.8925628452246883,5.265193939989672,22.58697331396332,9.233241863545912,11.132121111165477,3.0407833528541914,0.0,2.0,4.0,4.0,4.0,4.0,4.0,4.0,4.0,4.0,4.0,4.0,4.0,4.0,4.0,4.0,100.0,0.4207249879837036,0.638916015625,-0.26983642578125,0.58477783203125,0.9985504150390624,0.1284199357032776,0.0004882887005805,-45.45967864990234,-95.25597381591795,4.486152648925781,,,,,,,,,,,,,,,,,,,,,,,,,,,,,
12326,1754692290.903712,96.14073610305786,1754692290.989609,37.0,0.0,-4.660775760437218,23.704917585813064,-20.19498031339367,-12.965931243445311,-12.261603202393644,-2.30517183316465,2.8173027736108907,-2.905985526716222,-8.83173055054499,-3.2450740866122487,22.696407773978308,9.57140650193719,14.911461296454718,9.560028481927247,0.0,2.0,4.0,4.0,4.0,4.0,4.0,4.0,4.0,4.0,4.0,4.0,4.0,4.0,4.0,4.0,100.0,,,,,,,,,,,,,,,,,,,,,,,,,,,,,,,,,,,,,,,
12327,1754692290.911515,96.1485390663147,1754692290.997412,38.0,0.0,-1.4500541203062198,35.82404960973173,-9.256704119003814,-16.500084090427833,-13.052499363401864,-8.209160234504623,2.4692637668011344,2.171429834175626,-1.4807223246295391,-3.956756399422545,11.634358702936709,8.200582840415166,3.5848574523200227,6.871142025566144,0.0,2.0,4.0,4.0,4.0,4.0,4.0,4.0,4.0,4.0,4.0,4.0,4.0,4.0,4.0,4.0,100.0,,,,,,,,,,,,,,,,,,,,,,,,,,,,,,,,,,,,,,,
12328,1754692290.919318,96.15634202957152,1754692291.005116,39.0,0.0,-2.9135167176641232,39.98227732378612,-3.0835669457528354,-19.309316023982745,-19.813883849495568,-8.390988892569993,-3.079621126409137,3.881792176673145,3.972997159650305,-1.0365572288819465,3.3767816915897413,7.615821062929655,2.9832514079328405,-0.1285632574876842,0.0,2.0,4.0,4.0,4.0,4.0,4.0,4.0,4.0,4.0,4.0,4.0,4.0,4.0,4.0,4.0,100.0,,,,,,,,,,,,,,,,,,,,,,,,,,,,,,,,,,,,,,,
12329,1754692290.927121,96.16414499282835,1754692291.013019,40.0,0.0,-2.4826176396331334,41.191025335419965,-1.2174980953217869,-8.20222677573787,-15.668074855519478,-0.4354187480643645,-1.049241450209081,0.51202849364023,-3.234826152306084,-4.7021002498945,6.790022508300865,6.576272231622681,8.867267898275543,1.331301360271539,0.0,2.0,4.0,4.0,4.0,4.0,4.0,4.0,4.0,4.0,4.0,4.0,4.0,4.0,4.0,4.0,100.0,0.4216914772987366,0.64007568359375,-0.2694091796875,0.5830078125,0.9951323866844176,0.1333028227090835,-0.0151369497179985,-44.86152267456055,-96.1531982421875,2.8412299156188965,,,,,,,,,,,,,,,,,,,,,,,,,,,,,
12330,1754692290.934924,96.1719479560852,1754692291.020822,41.0,0.0,-3.240256722346828,37.40692097310222,3.91175285798073,-7.622991579652705,-7.994505193287921,-4.256109383782302,-2.601037788189103,-0.3736052832638847,-3.7508007992912,-12.067660717765364,4.782636812874728,6.385451591293816,7.8761582682812445,5.527420306017859,0.0,2.0,4.0,4.0,4.0,4.0,4.0,4.0,4.0,4.0,4.0,4.0,4.0,4.0,4.0,4.0,100.0,,,,,,,,,,,,,,,,,,,,,,,,,,,,,,,,,,,,,,,
12331,1754692290.942726,96.17974996566772,1754692291.028625,42.0,0.0,-2.0906110662125457,34.66479047440146,8.747116652668069,-14.10168432132275,-2.9553716875979035,-9.518237874839883,-6.976641971276763,0.2684229613875004,2.05205208810196,-15.149463510684996,-4.850173667381,6.146976693056899,9.799249553892537,8.405346649921853,0.0,2.0,4.0,4.0,4.0,4.0,4.0,4.0,4.0,4.0,4.0,4.0,4.0,4.0,4.0,4.0,100.0,,,,,,,,,,,,,,,,,,,,,,,,,,,,,,,,,,,,,,,
12332,1754692290.95053,96.18755412101746,1754692291.036329,43.0,0.0,0.2267184083466986,35.08168848276779,7.762884830406676,-8.688785577020042,-0.7134338898667352,-2.125719842525029,-6.365872601204444,-0.7996527135841802,2.5943166343091093,-14.354767447647134,-13.796948426684535,-0.5792408258820956,9.873112854677686,7.986521656012485,0.0,2.0,4.0,4.0,4.0,4.0,4.0,4.0,4.0,4.0,4.0,4.0,4.0,4.0,4.0,4.0,100.0,,,,,,,,,,,,,,,,,,,,,,,,,,,,,,,,,,,,,,,
12333,1754692290.958333,96.19535708427428,1754692291.044232,44.0,0.0,-3.085378675813672,28.78173284215632,5.621553941817865,-4.928181977014219,2.8595407985174006,3.6635924665263246,-7.982160672157306,-0.1574054621371488,6.210565592901958,-9.27328847963986,-19.22373534524717,-6.248997727258256,5.726524731541076,2.275276635361706,0.0,2.0,4.0,4.0,4.0,4.0,4.0,4.0,4.0,4.0,4.0,4.0,4.0,4.0,4.0,4.0,100.0,0.4231479167938232,0.6412353515625,-0.26898193359375,0.58087158203125,0.9751125574111938,0.1391622871160507,-0.0097657740116119,-44.71198654174805,-96.30274200439452,4.486152648925781,,,,,,,,,,,,,,,,,,,,,,,,,,,,,
12334,1754692290.966136,96.20316004753111,1754692291.052035,45.0,0.0,-7.091863182135569,27.077858552576288,7.048575173931965,-5.834413814915536,11.659301344665836,4.038932120261904,-7.030981371657219,3.537286495566093,6.163670437943381,-8.348493769681738,-20.02027070215541,-4.3527102541589215,7.543162328342021,-3.570358786971667,0.0,2.0,4.0,4.0,4.0,4.0,4.0,4.0,4.0,4.0,4.0,4.0,4.0,4.0,4.0,4.0,100.0,,,,,,,,,,,,,,,,,,,,,,,,,,,,,,,,,,,,,,,
12335,1754692290.973939,96.21096301078796,1754692291.0599382,46.0,0.0,-8.763209139167117,34.054005943676515,7.021621591635125,-1.6813151645393702,12.806607902916625,6.237729437605452,-1.3209750628713266,2.907052407111536,1.54660251732534,-17.488580127221354,-21.6345701128486,-4.350986113218966,5.425101117754451,-9.86540579695398,0.0,2.0,4.0,4.0,4.0,4.0,4.0,4.0,4.0,4.0,4.0,4.0,4.0,4.0,4.0,4.0,100.0,,,,,,,,,,,,,,,,,,,,,,,,,,,,,,,,,,,,,,,
12336,1754692290.981742,96.2187659740448,1754692291.067841,47.0,0.0,-7.574432948276126,36.24208609336279,5.550055223846584,-0.5608611125492189,8.919641986902889,5.383848429957425,-0.6950895053935255,2.92838395613785,6.384235141438921,-18.86833134987205,-25.462986501484693,-6.261894725140564,1.2299906814175756,-11.21125279823741,0.0,2.0,4.0,4.0,4.0,4.0,4.0,4.0,4.0,4.0,4.0,4.0,4.0,4.0,4.0,4.0,100.0,,,,,,,,,,,,,,,,,,,,,,,,,,,,,,,,,,,,,,,
12337,1754692290.989545,96.2265691757202,1754692291.075644,48.0,0.0,-2.86737758537646,33.97112525915355,3.415486582792539,-2.8335978286920067,10.16497943352016,0.5634331096233041,-3.070921292399987,3.240993602170704,6.112432130653644,-16.02372563460557,-27.20843874372912,-4.560448718771738,6.570975348822515,-5.175540084581542,0.0,2.0,4.0,4.0,4.0,4.0,4.0,4.0,4.0,4.0,4.0,4.0,4.0,4.0,4.0,4.0,100.0,0.4252986907958984,0.64202880859375,-0.2684326171875,0.57867431640625,0.9970855116844176,0.1484397649765014,-0.0375982299447059,-46.65598678588867,-95.8541259765625,4.785229206085205,,,,,,,,,,,,,,,,,,,,,,,,,,,,,
12338,1754692290.997347,96.23437118530272,1754692291.083547,49.0,0.0,1.0538135903790362,35.61839470284724,2.434827079385854,1.4436146345907446,11.236921917744551,2.212815004641584,-1.357416877025457,-1.1919188963146323,-3.2271316297914154,-23.750872570531897,-23.4887669543499,-1.71639811907869,6.870329474588402,-2.87933641657844,0.0,2.0,4.0,4.0,4.0,4.0,4.0,4.0,4.0,4.0,4.0,4.0,4.0,4.0,4.0,4.0,100.0,,,,,,,,,,,,,,,,,,,,,,,,,,,,,,,,,,,,,,,
12339,1754692291.005151,96.24217510223389,1754692291.091351,50.0,0.0,3.231097391658949,35.64548680585287,3.113896628801939,1.7431257930045092,7.340252529591197,5.785889743222214,0.3186424441516635,-2.41252399981866,-3.5672288018520533,-25.005025472363545,-26.686224629178724,-2.8148709735080786,0.3878615175617312,-6.563823306904197,0.0,2.0,4.0,4.0,4.0,4.0,4.0,4.0,4.0,4.0,4.0,4.0,4.0,4.0,4.0,4.0,100.0,,,,,,,,,,,,,,,,,,,,,,,,,,,,,,,,,,,,,,,
12340,1754692291.012954,96.24997806549072,1754692291.099254,51.0,0.0,3.9818635086131735,28.945321535257904,0.4651699577381123,-3.742588383487487,3.685893712760048,2.234484738254764,-1.9336495288597464,3.049120629180038,7.406123558835702,-15.654792855204391,-31.989559192457705,-7.767833634653357,1.719132055896921,-5.477563181482651,0.0,2.0,4.0,4.0,4.0,4.0,4.0,4.0,4.0,4.0,4.0,4.0,4.0,4.0,4.0,4.0,100.0,,,,,,,,,,,0.0,0.0,190.7416229248047,1.0,153.14852905273438,0.0,121.30745697021484,0.0,136.8763427734375,0.0,143.8918914794922,0.0,124.5698013305664,0.0,131.37161254882812,0.0,123.96725463867188,0.0,132.94981384277344,0.0,168.3349151611328,0.0,149.58314514160156,1.0,126.87464141845705,1.0,143.58987426757812,1.0,151.18704223632812
12341,1754692291.020757,96.25778102874756,1754692291.107057,52.0,0.0,5.438091218514529,23.986344376337712,-3.1400682733148813,-3.1370432310238527,5.450217860094455,-0.9310186863415026,-2.0383388127672504,5.001840500125837,5.704753552896165,-20.336377442368047,-26.218064619964224,-4.850610446813079,-1.6675408344994764,0.474078119306597,0.0,2.0,4.0,4.0,4.0,4.0,4.0,4.0,4.0,4.0,4.0,4.0,4.0,4.0,4.0,4.0,100.0,0.4273144006729126,0.64239501953125,-0.26763916015625,0.5771484375,1.0024566650390625,0.1479514837265014,-0.020508125424385,-45.16060256958008,-95.25597381591795,3.738460302352905,,,,,,,,,,,,,,,,,,,,,,,,,,,,,
12342,1754692291.02856,96.2655839920044,1754692291.1149602,53.0,0.0,2.8990843941036246,21.560899065525405,-1.4180445919206477,-0.4160436214198171,5.745780157880176,0.9806190294451652,2.841463968192216,1.8513771952806333,-6.048091094646338,-26.284100711117503,-23.2729391266704,3.0180140391174746,-8.298287112949652,-0.690365279034836,0.0,2.0,4.0,4.0,4.0,4.0,4.0,4.0,4.0,4.0,4.0,4.0,4.0,4.0,4.0,4.0,100.0,,,,,,,,,,,,,,,,,,,,,,,,,,,,,,,,,,,,,,,
12343,1754692291.036363,96.27338695526124,1754692291.1227632,54.0,0.0,-1.2404616908982575,13.508578352424763,-1.916406596953777,1.6429258656614252,0.1329159975645666,3.040023392284809,8.628278269474947,2.607797057545838,-3.858832863913733,-15.374575633741472,-22.585858050171566,-0.4079611612908707,3.728863805676781,-4.827680144459748,0.0,2.0,4.0,4.0,4.0,4.0,4.0,4.0,4.0,4.0,4.0,4.0,4.0,4.0,4.0,4.0,100.0,,,,,,,,,,,,,,,,,,,,,,,,,,,,,,,,,,,,,,,
12344,1754692291.044165,96.28118896484376,1754692291.130666,55.0,0.0,-2.802969539969297,4.225149809029347,-5.934878598134389,3.0332577786310253,-5.36940287474971,2.7243222300147067,7.073668964000547,4.949281694184549,5.339961786395008,-11.645555792528,-11.655058773236476,-5.229232013401258,15.596356270489936,-1.5304070837393624,0.0,2.0,4.0,4.0,4.0,4.0,4.0,4.0,4.0,4.0,4.0,4.0,4.0,4.0,4.0,4.0,100.0,,,,,,,,,,,,,,,,,,,,,,,,,,,,,,,,,,,,,,,
12345,1754692291.051968,96.28899216651917,1754692291.1384702,56.0,0.0,-2.15094273128392,-0.3629158670536867,-2.766973341363098,-1.286738855683268,-2.5084967230722555,4.6378534938695,7.418307050904389,3.8162568097068856,7.56731156002985,-16.685755383747562,-4.056768733584647,-2.2269077349109807,11.411582179066327,0.0818916084277248,0.0,2.0,4.0,4.0,4.0,4.0,4.0,4.0,4.0,4.0,4.0,4.0,4.0,4.0,4.0,4.0,100.0,0.6476368308067322,0.41351318359375,-0.5594482421875,0.310791015625,0.993179202079773,0.1484397649765014,-0.0087891966104507,-44.263370513916016,-95.25597381591795,4.187075614929199,,,,,,,,,,,,,,,,,,,,,,,,,,,,,
12346,1754692291.059772,96.29679608345032,1754692291.146373,57.0,0.0,1.1979617330564452,-7.99529400074266,2.669087232458196,-9.067325560463132,1.6375444616562618,5.916834715774485,11.035825472435365,3.852393064380749,6.327924745772862,-12.401576918731053,-9.696210401990584,-0.4513338921312879,2.583403649483216,-3.49376224816092,0.0,2.0,4.0,4.0,4.0,4.0,4.0,4.0,4.0,4.0,4.0,4.0,4.0,4.0,4.0,4.0,100.0,,,,,,,,,,,,,,,,,,,,,,,,,,,,,,,,,,,,,,,
12347,1754692291.067575,96.30459904670715,1754692291.154176,58.0,0.0,1.6006274544772623,-17.37436519994594,2.572239167676571,-8.401412329028744,1.6504002211979696,1.9870377698882749,9.075903597314436,5.572139000135621,4.64909978929586,-6.981221602106189,-11.287016320737848,0.4633301149344788,-0.3910872450444458,-0.9013258810239222,0.0,2.0,4.0,4.0,4.0,4.0,4.0,4.0,4.0,4.0,4.0,4.0,4.0,4.0,4.0,4.0,100.0,,,,,,,,,,,,,,,,,,,,,,,,,,,,,,,,,,,,,,,
12348,1754692291.075378,96.312402009964,1754692291.161979,59.0,0.0,1.2643309967153016,-20.92902991405564,5.095684674518083,-3.238501705883124,-0.2459717413311466,0.8596818886518065,2.738811180661372,1.7526297533314334,-2.142108474032653,-12.108290924135332,-9.13938217098658,5.43679155534673,-0.9888718981129898,4.04573981374287,0.0,2.0,4.0,4.0,4.0,4.0,4.0,4.0,4.0,4.0,4.0,4.0,4.0,4.0,4.0,4.0,100.0,,,,,,,,,,,,,,,,,,,,,,,,,,,,,,,,,,,,,,,
12349,1754692291.083181,96.32020497322084,1754692291.1697822,60.0,0.0,3.535001431630292,-19.16185591351785,11.143746111456778,1.3349223127191294,-2.514015451484454,1.9745786627593704,2.70889358238702,-1.5450352040767823,-1.049891139889212,-13.358335279269966,-7.59330361389101,5.336385363422153,-0.3311822777556585,-0.5782704846594129,0.0,2.0,4.0,4.0,4.0,4.0,4.0,4.0,4.0,4.0,4.0,4.0,4.0,4.0,4.0,4.0,100.0,0.6476272344589233,0.41375732421875,-0.55914306640625,0.31103515625,0.9863432049751282,0.1669947355985641,-0.0048828870058059,-45.31013870239258,-94.6578140258789,4.33661413192749,,,,,,,,,,,,,,,,,,,,,,,,,,,,,
12350,1754692291.090984,96.32800817489624,1754692291.1775851,61.0,0.0,3.244357421999553,-20.699306180193275,9.27826816483764,5.392795010406985,-5.003872428580621,-1.386901540108397,3.338423765591756,1.6910068014880153,7.126190116260545,-5.7934608683218585,-0.4896641926972052,-0.7823455814951785,-0.6110042461979219,-5.073359852773706,0.0,2.0,4.0,4.0,4.0,4.0,4.0,4.0,4.0,4.0,4.0,4.0,4.0,4.0,4.0,4.0,100.0,,,,,,,,,,,,,,,,,,,,,,,,,,,,,,,,,,,,,,,
12351,1754692291.098786,96.33581018447876,1754692291.185389,62.0,0.0,0.0887836791275731,-33.9325712719301,3.909846070916956,3.3824596440667847,-8.570550148404891,-3.000844798976232,-0.5074162764044559,4.994304577244748,6.580173102048775,-0.5506083175268941,1.4203567585946075,-0.3466460368131265,-3.246053121084969,-0.4860846520682571,0.0,2.0,4.0,4.0,4.0,4.0,4.0,4.0,4.0,4.0,4.0,4.0,4.0,4.0,4.0,4.0,100.0,,,,,,,,,,,,,,,,,,,,,,,,,,,,,,,,,,,,,,,
12352,1754692291.106589,96.3436131477356,1754692291.193192,63.0,0.0,0.5031463501673841,-43.005463355416765,4.651516436210471,0.2045829484578405,-9.87010654620272,-2.253355681178988,-5.18467079431403,3.0291427188377327,2.018331790058795,2.4546915661136097,-1.7844678984842233,2.1068918654910647,-3.249820940625483,3.113143249569561,0.0,2.0,4.0,4.0,4.0,4.0,4.0,4.0,4.0,4.0,4.0,4.0,4.0,4.0,4.0,4.0,100.0,,,,,,,,,,,,,,,,,,,,,,,,,,,,,,,,,,,,,,,
12353,1754692291.114393,96.35141706466676,1754692291.200995,64.0,0.0,5.355647372378257,-34.36174722116414,5.922641712374457,5.63043857981927,-4.032776295565896,-2.202177151222827,-4.856606872033922,0.1630614980407472,0.2495933018802816,2.1462360022918574,0.3669652353045194,1.1535982838075824,-1.8462485759188207,-0.0310285941833399,3321.0,2.0,4.0,4.0,4.0,4.0,4.0,4.0,4.0,4.0,4.0,4.0,4.0,4.0,4.0,4.0,100.0,0.6480035185813904,0.413818359375,-0.55859375,0.3111572265625,0.9785305857658386,0.1674830317497253,-0.0078126192092895,-43.36613845825195,-95.70458221435548,3.5889220237731934,,,,,,,,,,,,,,,,,,,,,,,,,,,,,
12354,1754692291.122196,96.35922002792358,1754692291.2087982,65.0,0.0,2.099711156831461,-25.808740575468,5.37744404399308,10.898672753173912,3.4216885702218747,-0.1888141154989284,0.1543470630114711,0.6296375303429045,-5.918541609847864,-1.955137705869504,5.161513864026972,1.7188670895440623,-6.909220497082572,-5.880299588583341,3503.0,2.0,4.0,4.0,4.0,4.0,4.0,4.0,4.0,4.0,4.0,4.0,4.0,4.0,4.0,4.0,100.0,,,,,,,,,,,,,,,,,,,,,,,,,,,,,,,,,,,,,,,
12355,1754692291.129999,96.36702299118042,1754692291.2166011,66.0,0.0,-3.411110758725385,-24.95344864595006,7.04923624452988,8.415540258008718,2.450283073779815,2.6299482289324487,-1.8984182225216275,-0.327979969078001,-11.19670533250826,-0.3973424454319456,8.756737696087953,5.867949847492696,-10.340499002159165,-4.913329754448,3513.0,2.0,4.0,4.0,4.0,4.0,4.0,4.0,4.0,4.0,4.0,4.0,4.0,4.0,4.0,4.0,100.0,,,,,,,,,,,,,,,,,,,,,,,,,,,,,,,,,,,,,,,
12356,1754692291.137802,96.37482595443726,1754692291.2245052,67.0,0.0,-1.971153874219624,-21.416206288058845,5.0829139503733245,7.334445007103397,-2.987466346073404,0.716826158473225,-7.778587240149307,-4.223724817282516,-4.05402991119189,3.867695833388837,14.82206285114836,5.153861426044216,-3.792950736656337,3.138164925905869,3596.0,2.0,4.0,4.0,4.0,4.0,4.0,4.0,4.0,4.0,4.0,4.0,4.0,4.0,4.0,4.0,100.0,,,,,,,,,,,,,,,,,,,,,,,,,,,,,,,,,,,,,,,
12357,1754692291.145604,96.38262796401978,1754692291.232408,68.0,0.0,0.3962413614953561,-19.39481931565848,-0.8438210266318151,13.018378876120494,-3.045713360315915,1.2699163382898746,-5.675325370914891,-5.041378054509607,1.3156161586788926,2.3816731280384715,21.904020482883823,0.7734339237576364,-2.247346523312501,4.998081706141363,3603.0,2.0,4.0,4.0,4.0,4.0,4.0,4.0,4.0,4.0,4.0,4.0,4.0,4.0,4.0,4.0,100.0,0.6488344073295593,0.41387939453125,-0.5576171875,0.31109619140625,0.9809719920158386,0.1660181581974029,0.0014648661017417,-43.96429443359375,-95.55504608154295,5.532921314239502,,,,,,,,,,,,,,,,,,,,,,,,,,,,,
12358,1754692291.153407,96.3904311656952,1754692291.240211,69.0,0.0,-2.1665127116752387,-22.4440684654773,-2.9670478837355745,12.99984830086902,1.1776295575523932,5.754142594102689,0.6162106196239279,0.269284997915804,-4.277410256777273,3.70461859948324,19.85104669510025,1.3179937247683142,-10.277799275176848,-1.952176903932866,3504.0,2.0,4.0,4.0,4.0,4.0,4.0,4.0,4.0,4.0,4.0,4.0,4.0,4.0,4.0,4.0,100.0,,,,,,,,,,,,,,,,,,,,,,,,,,,,,,,,,,,,,,,
12359,1754692291.16121,96.39823412895204,1754692291.248114,70.0,0.0,-5.298385319392253,-23.995410808428403,-2.5139609697311585,7.255369728702647,1.046226415946478,7.134480832651718,4.57800044009997,2.8131659872156547,-8.184639924113014,7.708058040983872,9.106471415828366,0.4251125373226045,-11.790405005948683,-8.70577601340159,3506.0,2.0,4.0,4.0,4.0,4.0,4.0,4.0,4.0,4.0,4.0,4.0,4.0,4.0,4.0,4.0,100.0,,,,,,,,,,,,,,,,,,,,,,,,,,,,,,,,,,,,,,,
12360,1754692291.169014,96.40603804588318,1754692291.255917,71.0,0.0,-3.887190102221553,-28.12791480341218,-2.992366618111987,4.166385400205058,-2.294296001561065,4.841969373744746,5.627866475120413,2.544218161481808,-2.675160301864139,7.243024871545117,7.406730201793493,0.296440088327131,-5.560884543752877,-6.867254870872216,3497.0,2.0,4.0,4.0,4.0,4.0,4.0,4.0,4.0,4.0,4.0,4.0,4.0,4.0,4.0,4.0,100.0,,,,,,,,,,,,,,,,,,,,,,,,,,,,,,,,,,,,,,,
12361,1754692291.176817,96.41384100914,1754692291.2638202,72.0,0.0,-2.075472126656024,-32.59090807748569,-4.108341377727612,0.7889276994089585,-7.023401745057782,-0.6993078551343217,6.426567316265135,3.59168899662356,-0.2151816085295479,3.952338811656064,13.729829816888213,2.875478550551378,-3.781649606059119,-0.4844840502048839,3598.0,2.0,4.0,4.0,4.0,4.0,4.0,4.0,4.0,4.0,4.0,4.0,4.0,4.0,4.0,4.0,100.0,0.6494759917259216,0.4141845703125,-0.55633544921875,0.3116455078125,1.0024566650390625,0.1728542000055313,0.0004882887005805,-45.31013870239258,-94.6578140258789,5.383382797241211,,,,,,,,,,,,,,,,,,,,,,,,,,,,,
12362,1754692291.18462,96.42164397239684,1754692291.2716231,73.0,0.0,-0.3614656092356085,-28.05464112204544,-4.843844073945718,-2.6733980702244367,-7.126011123170144,-1.053940307280925,8.379044128013732,5.114920802808058,-0.1948725923386405,5.814684291511924,11.219026633859642,1.553837476507681,-4.850401185363978,2.4587623737095896,3594.0,2.0,4.0,4.0,4.0,4.0,4.0,4.0,4.0,4.0,4.0,4.0,4.0,4.0,4.0,4.0,100.0,,,,,,,,,,,,,,,,,,,,,,,,,,,,,,,,,,,,,,,
12363,1754692291.192423,96.42944717407228,1754692291.2795272,74.0,0.0,0.1272998080670504,-26.847546904613523,-5.301575995236931,-1.7164451956483615,-3.3746224333204964,0.2301658993809496,8.372946976637081,5.579456411938168,4.158334219212406,8.804803642611546,3.3179759912389954,-2.374780100389785,-10.765793155139022,-0.367928188540759,3583.0,2.0,4.0,4.0,4.0,4.0,4.0,4.0,4.0,4.0,4.0,4.0,4.0,4.0,4.0,4.0,100.0,,,,,,,,,,,,,,,,,,,,,,,,,,,,,,,,,,,,,,,
12364,1754692291.200225,96.4372491836548,1754692291.2873302,75.0,0.0,0.233788245605865,-26.949520403438783,-1.776601876991208,0.9085841958176388,-6.871455128187336,-2.52354551369217,4.197283803769096,2.3938857122593618,7.41941148908154,5.425103361360925,6.947677693669448,-0.6617108286291113,-9.411985300705735,-2.771683738139473,3546.0,2.0,4.0,4.0,4.0,4.0,4.0,4.0,4.0,4.0,4.0,4.0,4.0,4.0,4.0,4.0,100.0,,,,,,,,,,,,,,,,,,,,,,,,,,,,,,,,,,,,,,,
12365,1754692291.208028,96.44505214691162,1754692291.295233,76.0,0.0,3.593851421272035,-21.973130282190223,1.1542132332837411,-0.1749552363536111,-10.482067589739104,-3.908150714580728,0.2946705928788162,-4.14874957716674,5.093767235840375,-1.1693686215058676,7.106795450408214,0.1255286265513007,3.308875632194628,0.3691864875317208,3555.0,2.0,4.0,4.0,4.0,4.0,4.0,4.0,4.0,4.0,4.0,4.0,4.0,4.0,4.0,4.0,100.0,0.6495122313499451,0.41455078125,-0.55474853515625,0.31390380859375,1.010757565498352,0.1611352711915969,0.0043945983052253,-45.908294677734375,-94.80735778808594,4.187075614929199,,,,,,,,,,,,,,,,,,,,,,,,,,,,,
12366,1754692291.215831,96.45285511016846,1754692291.303036,77.0,0.0,7.251643084101886,-20.307868114960968,1.0243751581314768,-1.1797690244380306,-5.194952509166399,-2.058892129738126,0.7656402419756319,-5.710980265472301,1.7533936402064114,0.7417240549329449,-0.6549645642285782,-0.3915073768417301,6.912161467842168,4.254589467190215,3308.0,2.0,4.0,4.0,4.0,4.0,4.0,4.0,4.0,4.0,4.0,4.0,4.0,4.0,4.0,4.0,100.0,,,,,,,,,,,,,,,,,,,,,,,,,,,,,,,,,,,,,,,
12367,1754692291.223635,96.4606590270996,1754692291.310939,78.0,0.0,3.2660653981655514,-19.694687421197727,-2.062687377118096,-0.7757303255340275,-4.139969495820992,0.9166371079580812,2.3132004717261907,-2.742479459932952,3.333080477785529,4.1933227000535,0.7686005878775859,-1.3750163048226796,2.145546164419443,-1.9305503245064983,3583.0,2.0,4.0,4.0,4.0,4.0,4.0,4.0,4.0,4.0,4.0,4.0,4.0,4.0,4.0,4.0,100.0,,,,,,,,,,,,,,,,,,,,,,,,,,,,,,,,,,,,,,,
12368,1754692291.231438,96.46846199035645,1754692291.318742,79.0,0.0,-0.4366776083201671,-11.663318256579204,-1.2456384593774033,-1.9676474074962584,-6.659384545158389,5.802385741365072,4.7414613469205165,-1.2570596470745272,4.205840925517407,-0.44380055306641,6.444660825986432,-3.596478597103157,9.373778202661754,-8.314769853955966,3546.0,2.0,4.0,4.0,4.0,4.0,4.0,4.0,4.0,4.0,4.0,4.0,4.0,4.0,4.0,4.0,100.0,,,,,,,,,,,,,,,,,,,,,,,,,,,,,,,,,,,,,,,
12369,1754692291.239241,96.47626495361328,1754692291.3266451,80.0,0.0,2.5225545574655825,-7.575778960376965,-0.7374875673178849,-6.897717136187794,-2.4244599846144865,2.724295119694716,5.9743659394832775,1.246291051012804,2.8331703996948363,-2.077146508847136,-0.3390253536892942,-2.517758198189995,16.552920084048992,-0.9150213137043012,3555.0,2.0,4.0,4.0,4.0,4.0,4.0,4.0,4.0,4.0,4.0,4.0,4.0,4.0,4.0,4.0,100.0,0.6488961577415466,0.4144287109375,-0.55364990234375,0.3172607421875,0.9804837107658386,0.1479514837265014,0.0058594644069671,-44.56244659423828,-94.6578140258789,4.635690689086914,,,,,,,,,,,,,,,,,,,,,,,,,,,,,
12370,1754692291.247043,96.4840669631958,1754692291.334449,81.0,0.0,1.4832399711428934,-6.855367084900763,-2.9698934442974405,-8.751781308320687,-1.0171682399397923,-6.4910278500753975,4.746350356737594,5.031787349678552,5.857689980872465,1.5051085378829612,-11.990931948402022,-2.1575522969062604,10.256506329647664,4.900942965455442,3308.0,2.0,4.0,4.0,4.0,4.0,4.0,4.0,4.0,4.0,4.0,4.0,4.0,4.0,4.0,4.0,100.0,,,,,,,,,,,,,,,,,,,,,,,,,,,,,,,,,,,,,,,
12371,1754692291.254846,96.49187016487122,1754692291.3423522,82.0,0.0,-2.5185304412835308,6.437563569431347,0.3415517484813222,-1.5273031194356577,-2.0998853294859714,-1.5862322379194325,4.408629351773868,2.4072152687171524,3.201736414670848,-0.66008246158259,-11.291676167724347,-3.4465162964507385,8.027008228447073,-0.0770002834456704,3583.0,2.0,4.0,4.0,4.0,4.0,4.0,4.0,4.0,4.0,4.0,4.0,4.0,4.0,4.0,4.0,100.0,,,,,,,,,,,,,,,,,,,,,,,,,,,,,,,,,,,,,,,
12372,1754692291.262649,96.49967312812804,1754692291.350255,83.0,0.0,-3.0001129557367108,18.86406268040406,1.8616760524751608,3.7996740052113296,0.4271069771721727,5.539346503735544,3.83149534746741,-2.364517443757848,-5.335933558137583,-4.339594022842391,-7.008913730225629,-2.3892719162776643,8.5414610460046,-2.1660500665538507,3546.0,2.0,4.0,4.0,4.0,4.0,4.0,4.0,4.0,4.0,4.0,4.0,4.0,4.0,4.0,4.0,100.0,,,,,,,,,,,,,,,,,,,,,,,,,,,,,,,,,,,,,,,
12373,1754692291.270452,96.50747609138487,1754692291.358058,84.0,0.0,-0.0695354578484739,22.733027355492027,-3.214872641594525,3.043831589101387,2.0091749811998625,2.4810614885490168,0.2722651960610847,-2.057311447338293,-4.934963043537778,-5.8598170716855975,-7.9821204307110065,-0.4834663585507996,3.2289503147632104,1.0626842395221274,3555.0,2.0,4.0,4.0,4.0,4.0,4.0,4.0,4.0,4.0,4.0,4.0,4.0,4.0,4.0,4.0,100.0,0.6482958197593689,0.41400146484375,-0.552490234375,0.321044921875,0.9521629810333252,0.1489280611276626,0.0034180209040641,-45.908294677734375,-95.8541259765625,5.981536388397217,,,,,,,,,,,,,,,,,,,,,,,,,,,,,
12374,1754692291.278256,96.51528000831604,1754692291.365961,85.0,0.0,0.6974600081292976,32.10997106190635,-1.712445380445928,6.366404415794847,2.220518254491168,4.844878757146404,-3.485902740688374,-0.8067210731056491,-2.069053806777532,-6.510750485088551,-9.351586307670544,0.3827462349217114,-1.9860257490812216,3.2735215118681538,3308.0,2.0,4.0,4.0,4.0,4.0,4.0,4.0,4.0,4.0,4.0,4.0,4.0,4.0,4.0,4.0,100.0,,,,,,,,,,,,,,,,,,,,,,,,,,,,,,,,,,,,,,,
12375,1754692291.286059,96.52308297157288,1754692291.373764,86.0,0.0,-0.336506548095997,39.63318393238677,4.127142351349164,12.012189681001187,0.4748946049082292,4.99102647444505,-6.87139535493435,-2.6364208827661173,-3.973407776433589,-3.531859846824148,-8.3169158137419,0.8851316234174078,-5.403772661937921,9.019086078657152,3583.0,2.0,4.0,4.0,4.0,4.0,4.0,4.0,4.0,4.0,4.0,4.0,4.0,4.0,4.0,4.0,100.0,,,,,,,,,,,,,,,,,,,,,,,,,,,,,,,,,,,,,,,
12376,1754692291.293862,96.53088617324828,1754692291.3816671,87.0,0.0,4.476857366005561,38.33873773314667,3.302989462076539,11.51200033836517,-2.341994979803758,-4.880507879316838,-11.837292768271482,-6.665425965298937,-4.096895632554833,1.584016042752637,-1.9629079949052084,0.6265938485000788,-1.588658112071016,22.10260934113944,3546.0,2.0,4.0,4.0,4.0,4.0,4.0,4.0,4.0,4.0,4.0,4.0,4.0,4.0,4.0,4.0,100.0,,,,,,,,,,,,,,,,,,,,,,,,,,,,,,,,,,,,,,,
12377,1754692291.301664,96.5386881828308,1754692291.389471,88.0,0.0,12.585556189369528,33.938881253792715,0.201292699703572,7.291875899386468,-0.3974976795907423,-11.965760121969195,-14.766776182419562,-10.745742079092906,-10.411887972646127,0.9442700057275032,1.0085983791113904,0.3479484261943071,1.0154002421136283,30.360486940147894,3555.0,2.0,4.0,4.0,4.0,4.0,4.0,4.0,4.0,4.0,4.0,4.0,4.0,4.0,4.0,4.0,100.0,0.6482977271080017,0.4136962890625,-0.550537109375,0.32476806640625,0.9687647819519044,0.1328145265579223,0.030273899435997,-46.20737075805664,-95.55504608154295,6.280613422393799,,,,,,,,,,,,,,,,,,,,,,,,,,,,,
12378,1754692291.309467,96.54649114608765,1754692291.397274,89.0,0.0,14.573450058430666,31.144041731699275,3.060357665641135,6.745762727836649,2.196804730362913,-10.964133724713207,-14.281175285385558,-11.027280526802912,-15.845207187989814,0.1259463118497876,-0.1421997670674102,4.495155548941824,-5.517693492851691,30.24998849160224,3308.0,2.0,4.0,4.0,4.0,4.0,4.0,4.0,4.0,4.0,4.0,4.0,4.0,4.0,4.0,4.0,100.0,,,,,,,,,,,,,,,,,,,,,,,,,,,,,,,,,,,,,,,
12379,1754692291.31727,96.55429410934448,1754692291.405177,90.0,0.0,9.240781509935005,27.640308399868445,2.627958100149499,5.573744102205637,-4.823052717178143,-11.859126603196271,-15.906619259411857,-11.325039786733214,-8.252233687541775,3.7789137383306297,4.0737274392895415,3.840967354898567,-6.820024330153956,27.23070218066232,3583.0,2.0,4.0,4.0,4.0,4.0,4.0,4.0,4.0,4.0,4.0,4.0,4.0,4.0,4.0,4.0,100.0,,,,,,,,,,,,,,,,,,,,,,,,,,,,,,,,,,,,,,,
12380,1754692291.325074,96.56209802627563,1754692291.41308,91.0,0.0,7.623472736443887,23.73701060399105,2.772944958913172,6.3698587991733575,-7.48417877101258,-10.394690300753725,-14.397184192811096,-13.412895750195844,-10.860369073891093,0.4330641350992437,11.713554990548232,1.4951676070671738,-0.8156391649305306,26.21762987535692,3546.0,2.0,4.0,4.0,4.0,4.0,4.0,4.0,4.0,4.0,4.0,4.0,4.0,4.0,4.0,4.0,100.0,,,,,,,,,,,,,,,,,,,,,,,,,,,,,,,,,,,,,,,
12381,1754692291.332877,96.56990098953248,1754692291.4208832,92.0,0.0,6.961893317829265,14.378883972240883,3.6103761769107336,7.433752000736888,-0.1620694379213887,-6.194220392395607,-12.095472077938837,-10.80116958115076,-9.375746657366278,-7.930015864211953,11.000990883352928,1.5646332754125185,-5.284349076360456,23.08385362722385,3555.0,2.0,4.0,4.0,4.0,4.0,4.0,4.0,4.0,4.0,4.0,4.0,4.0,4.0,4.0,4.0,100.0,0.4270400702953338,0.63226318359375,-0.2716064453125,0.58660888671875,1.0175936222076416,0.1025406271219253,0.0458991378545761,-45.45967864990234,-95.25597381591795,4.785229206085205,,,,,,,,,,,,,,,,,,,,,,,,,,,,,
12382,1754692291.34068,96.5777039527893,1754692291.428686,93.0,0.0,0.977795427770161,0.2747381176368435,1.13193812180225,4.514941227268992,0.8569859843705672,-3.528621763257888,-11.938581535507636,-4.341910952413855,10.357917892905787,-3.9876055535023625,7.424461806113868,-0.2401715620885625,-13.82936154542972,9.077422228023352,3308.0,2.0,4.0,4.0,4.0,4.0,4.0,4.0,4.0,4.0,4.0,4.0,4.0,4.0,4.0,4.0,100.0,,,,,,,,,,,,,,,,,,,,,,,,,,,,,,,,,,,,,,,
12383,1754692291.348482,96.58550596237184,1754692291.4365902,94.0,0.0,-0.8537737788540767,-7.912289602777321,0.0094115459389172,4.173255374433836,-1.711915812023392,3.13707035059241,-4.797305610728756,0.7217598273384169,12.458058097948369,3.224681764794866,8.295159482192219,0.2700717129416148,-15.050892246632031,-4.985185221507265,3583.0,2.0,4.0,4.0,4.0,4.0,4.0,4.0,4.0,4.0,4.0,4.0,4.0,4.0,4.0,4.0,100.0,,,,,,,,,,,,,,,,,,,,,,,,,,,,,,,,,,,,,,,
12384,1754692291.356285,96.59330916404724,1754692291.444493,95.0,0.0,1.6160549693352095,-13.343145246054291,0.03974127833294,0.0794726721007919,1.6248638246008795,4.934588044288603,4.149080815822572,2.412678892175564,-3.3201579798649163,-4.650636679640002,3.7147525151196974,1.1213719416075492,-17.535662991353547,-3.574025598288017,3546.0,2.0,4.0,4.0,4.0,4.0,4.0,4.0,4.0,4.0,4.0,4.0,4.0,4.0,4.0,4.0,100.0,,,,,,,,,,,,,,,,,,,,,,,,,,,,,,,,,,,,,,,
12385,1754692291.364088,96.60111212730408,1754692291.452296,96.0,0.0,5.715069975047754,-18.2692771444672,1.250256355404872,-6.428709363357029,7.2636627859724285,1.662982107358857,6.992583593101244,2.7460868959933578,-2.621140291465053,-10.62416239951699,-0.1214481913357303,1.322922169175854,-9.289379913476523,2.189050318224872,3555.0,2.0,4.0,4.0,4.0,4.0,4.0,4.0,4.0,4.0,4.0,4.0,4.0,4.0,4.0,4.0,100.0,0.4281282424926758,0.62933349609375,-0.2723388671875,0.588623046875,0.9804837107658386,0.1113298237323761,0.0502937361598014,-44.86152267456055,-95.70458221435548,5.383382797241211,,,,,,,,,,,,,,,,,,,,,,,,,,,,,
12386,1754692291.371891,96.60891509056091,1754692291.460199,97.0,0.0,2.2548012631829124,-28.605432784754043,-2.27953060214611,-6.040369282411461,10.079924677731128,0.7300737746410277,6.174641244401414,3.918687641819474,2.637177921267835,-5.3398679486011815,-2.495036108129512,2.847217346336606,1.645164353448422,-8.981683749318904,3308.0,2.0,4.0,4.0,4.0,4.0,4.0,4.0,4.0,4.0,4.0,4.0,4.0,4.0,4.0,4.0,100.0,,,,,,,,,,,,,,,,,,,,,,,,,,,,,,,,,,,,,,,
12387,1754692291.379695,96.61671900749208,1754692291.468002,98.0,0.0,-3.4767964773855624,-34.37415504196048,-9.681191494386496,-1.828927932371755,15.252270092575545,6.518822675486206,8.686339065802656,10.40838231617812,0.1432290111073939,-4.9815385398893,-1.403189749904925,4.604739709668991,0.4236613032889522,-18.74344916014894,3583.0,2.0,4.0,4.0,4.0,4.0,4.0,4.0,4.0,4.0,4.0,4.0,4.0,4.0,4.0,4.0,100.0,,,,,,,,,,,,,,,,,,,,,,,,,,,,,,,,,,,,,,,
12388,1754692291.387498,96.6245219707489,1754692291.4759052,99.0,0.0,-5.239729014180597,-30.64936529697374,-12.004501706739887,-6.087022931543146,16.911059698265632,9.47630836425347,9.49917891910914,13.19942679315696,4.33464106253237,-11.187996521859844,5.476550506525342,1.9327828095512416,1.2944657247211635,-12.089176982981684,3546.0,2.0,4.0,4.0,4.0,4.0,4.0,4.0,4.0,4.0,4.0,4.0,4.0,4.0,4.0,4.0,100.0,,,,,,,,,,,,,,,,,,,,,,,,,,,,,,,,,,,,,,,
12389,1754692291.395301,96.63232517242432,1754692291.483708,100.0,0.0,-5.815265484156129,-35.71444679429496,-7.356637747531835,-10.640689279141128,15.97007856412884,7.360531243413249,10.471573683554112,10.62083685101689,10.108580150058884,-11.51812756255785,1.862362661371577,-2.921663514799633,7.402781970785014,-12.647930606237964,3555.0,2.0,4.0,4.0,4.0,4.0,4.0,4.0,4.0,4.0,4.0,4.0,4.0,4.0,4.0,4.0,100.0,0.4297873377799988,0.6265869140625,-0.27288818359375,0.590087890625,1.0024566650390625,0.0942397192120552,0.0561532005667686,-46.05783081054688,-94.95689392089844,5.831998348236084,,,,,,,,,,,,,,,,,,,,,,,,,,,,,
12390,1754692291.403103,96.64012718200684,1754692291.491612,101.0,0.0,-8.325538045068413,-42.93537474655994,-3.354366489422489,-3.976718300221535,19.38384136705446,10.285761435296363,14.187866612024491,11.511823569230556,12.624962091039665,-7.456072336394925,-10.311036861653236,-4.296685137890734,5.611795304471173,-26.49329705867165,3308.0,2.0,4.0,4.0,4.0,4.0,4.0,4.0,4.0,4.0,4.0,4.0,4.0,4.0,4.0,4.0,100.0,,,,,,,,,,,,,,,,,,,,,,,,,,,,,,,,,,,,,,,
12391,1754692291.410906,96.64793014526369,1754692291.4994152,102.0,0.0,-12.017562114796874,-34.33773086105339,-4.016438563619431,-2.3140265156275746,19.16977926273057,13.568998875799934,12.73523672624424,12.25669983558464,15.911748417896888,-7.73353628856421,-9.196064058340198,-4.498799171058181,2.766928035380716,-29.85448008961839,3583.0,2.0,4.0,4.0,4.0,4.0,4.0,4.0,4.0,4.0,4.0,4.0,4.0,4.0,4.0,4.0,100.0,,,,,,,,,,,,,,,,,,,,,,,,,,,,,,,,,,,,,,,
12392,1754692291.418709,96.65573310852052,1754692291.507318,103.0,0.0,-14.137418458310265,-19.963634496840484,-3.3832721374307653,-8.482412157703209,13.759344196189716,9.869960190588529,7.954936402701435,8.574213404806699,9.767505141088634,-5.842659051919497,-3.220356983573481,-2.1282781852907533,6.527828708409572,-21.95121926451219,3546.0,2.0,4.0,4.0,4.0,4.0,4.0,4.0,4.0,4.0,4.0,4.0,4.0,4.0,4.0,4.0,100.0,,,,,,,,,,,,,,,,,,,,,,,,,,,,,,,,,,,,,,,
12393,1754692291.426512,96.66353607177734,1754692291.515221,104.0,0.0,-14.772752920896863,-14.384092440103784,0.0703428110537345,-7.664513735137888,16.653365780187443,7.583912769235695,11.653975471228506,10.471362774846083,2.0662400336969142,0.9927721354229392,-9.31244668645192,-0.9992082440648744,7.2629009162454,-19.36000321898652,3555.0,2.0,4.0,4.0,4.0,4.0,4.0,4.0,4.0,4.0,4.0,4.0,4.0,4.0,4.0,4.0,100.0,0.4317212104797363,0.62457275390625,-0.27313232421875,0.5906982421875,1.0229648351669312,0.1113298237323761,0.0673838406801223,-45.75875473022461,-95.70458221435548,5.831998348236084,,,,,,,,,,,,,,,,,,,,,,,,,,,,,
12394,1754692291.434316,96.6713399887085,1754692291.523024,105.0,0.0,-16.03788986833888,-14.993207684163735,3.036950180501208,-4.234917523774584,19.255078868785404,9.9246786698327,16.934103724624492,13.581294148707457,5.805921506312188,2.2719884631374043,-14.10817250215905,-4.657537003174639,1.961088209324771,-20.925991757656448,3308.0,2.0,4.0,4.0,4.0,4.0,4.0,4.0,4.0,4.0,4.0,4.0,4.0,4.0,4.0,4.0,100.0,,,,,,,,,,,,,,,,,,,,,,,,,,,,,,,,,,,,,,,
12395,1754692291.442119,96.67914295196532,1754692291.5309272,106.0,0.0,-17.650913422543795,-11.975891169994044,-0.5541877554577468,-5.137924580288541,5.353428026879215,8.078042512306297,13.154764539236226,9.360016080757418,18.14544785314285,2.062856744487931,-8.367045842243783,-4.162912778252007,2.727743672568636,-17.782825912185558,3583.0,2.0,4.0,4.0,4.0,4.0,4.0,4.0,4.0,4.0,4.0,4.0,4.0,4.0,4.0,4.0,100.0,,,,,,,,,,,,,,,,,,,,,,,,,,,,,,,,,,,,,,,
12396,1754692291.449921,96.68694496154784,1754692291.53873,107.0,0.0,-16.60687867318984,-2.66352407322347,-6.019540194542969,-3.4855406415513244,-5.5798842043800505,5.116643044012108,10.404252253720642,6.777222778723626,12.291261871265306,4.972659847489922,-4.35631847988725,-0.7812582711835603,12.800042181523622,-12.309425397642826,3546.0,2.0,4.0,4.0,4.0,4.0,4.0,4.0,4.0,4.0,4.0,4.0,4.0,4.0,4.0,4.0,100.0,,,,,,,,,,,,,,,,,,,,,,,,,,,,,,,,,,,,,,,
12397,1754692291.457724,96.69474816322328,1754692291.546534,108.0,0.0,-14.583755729712324,4.9913126716082274,-2.774753079448658,1.211275746303215,-4.160865175762922,6.248362540482447,10.717552081106476,3.625475738471721,-5.804359445435296,5.775859406140569,-4.826816417496559,-3.8414888898155937,15.615143933831575,-7.814578473046424,3555.0,2.0,4.0,4.0,4.0,4.0,4.0,4.0,4.0,4.0,4.0,4.0,4.0,4.0,4.0,4.0,100.0,0.4336713254451751,0.623291015625,-0.27349853515625,0.5904541015625,0.9873197674751282,0.1279316395521164,0.0502937361598014,-44.71198654174805,-94.80735778808594,8.523689270019531,,,,,,,,,,,,,,,,,,,,,,,,,,,,,
12398,1754692291.465527,96.7025511264801,1754692291.5544372,109.0,0.0,-8.113716985441727,13.092053446172656,3.393300563358196,0.6130948168776627,-6.467471533629407,5.643277434559138,6.717623404537505,-2.073551115797557,-4.709936693444263,4.396323043746349,-5.159800253063452,-2.102707796236075,7.1964256061316405,-5.620711260296787,3308.0,2.0,4.0,4.0,4.0,4.0,4.0,4.0,4.0,4.0,4.0,4.0,4.0,4.0,4.0,4.0,100.0,,,,,,,,,,,,,,,,,,,,,,,,,,,,,,,,,,,,,,,
12399,1754692291.47333,96.71035408973694,1754692291.56224,110.0,0.0,0.5559896598821581,23.042879770440464,1.6395452307539529,-1.2402976291690209,-17.458808967282806,-0.7222960154102509,1.552026548127884,-3.198297156602933,0.6659884083066174,3.6238272592110254,-4.86877751059032,1.450222349826305,0.9366638350392408,-7.160173430760409,3583.0,2.0,4.0,4.0,4.0,4.0,4.0,4.0,4.0,4.0,4.0,4.0,4.0,4.0,4.0,4.0,100.0,,,,,,,,,,,,,,,,,,,,,,,,,,,,,,,,,,,,,,,
12400,1754692291.481133,96.71815705299376,1754692291.570143,111.0,0.0,3.0553886648357604,28.76598110678688,2.7516079227079047,2.3705262500424453,-22.92400540667868,-7.354780644103897,-1.7900086955506538,-0.8981929794450423,-2.646173127867854,3.930092166091896,-0.8346800752225079,-0.9080740402315256,1.9549947455672336,-3.838764680377693,3546.0,2.0,4.0,4.0,4.0,4.0,4.0,4.0,4.0,4.0,4.0,4.0,4.0,4.0,4.0,4.0,100.0,,,,,,,,,,,,,,,,,,,,,,,,,,,,,,,,,,,,,,,
12401,1754692291.488937,96.72596096992493,1754692291.5779462,112.0,0.0,2.3937184871036266,32.61712965107546,8.801481466888447,3.893144799778213,-21.672948103272745,-6.529588640219288,-5.349107790664846,-3.768337071129906,-2.3345558254192724,3.0832587269258624,0.5064276080527748,-0.8990677724879674,-0.6373486149961423,1.6559044619510246,3555.0,2.0,4.0,4.0,4.0,4.0,4.0,4.0,4.0,4.0,4.0,4.0,4.0,4.0,4.0,4.0,100.0,0.4364715814590454,0.62237548828125,-0.27349853515625,0.58935546875,0.9965972304344176,0.1406271457672119,0.0615243762731552,-44.71198654174805,-97.05043029785156,6.280613422393799,,,,,,,,,,,,,,,,,,,,,,,,,,,,,
12402,1754692291.49674,96.73376417160034,1754692291.585849,113.0,0.0,6.893250544434892,42.23731506830509,9.84264863359195,1.5826662918410932,-25.77661599911025,-4.756956638243622,-7.220470588494749,-7.499543847597664,-2.7688892949750823,3.480959442677346,-1.4437813045461496,3.3273371378858485,-3.951419730539186,4.530084095899753,3308.0,2.0,4.0,4.0,4.0,4.0,4.0,4.0,4.0,4.0,4.0,4.0,4.0,4.0,4.0,4.0,100.0,,,,,,,,,,,,,,,,,,,,,,,,,,,,,,,,,,,,,,,
12403,1754692291.504542,96.74156618118286,1754692291.593653,114.0,0.0,13.302547360234,46.4653336449189,6.910246728988767,1.1215870270482071,-28.60627380103213,-7.861863958361738,-3.849587321996097,-6.168070992326449,-7.958665654308135,5.793500394617439,-1.3174602870701904,0.128035013288553,-2.61825056255023,11.118278641917383,3583.0,2.0,4.0,4.0,4.0,4.0,4.0,4.0,4.0,4.0,4.0,4.0,4.0,4.0,4.0,4.0,100.0,,,,,,,,,,,,,,,,,,,,,,,,,,,,,,,,,,,,,,,
12404,1754692291.512345,96.7493691444397,1754692291.601556,115.0,0.0,12.94041535182768,40.564261022136265,5.152698717328889,3.245426585304444,-27.907666060998423,-9.393588449045096,2.917987399722364,-6.788553064276499,-5.83414549722184,4.3592243265921695,-1.7418214755470274,-6.482757043664975,-1.6166130125140228,11.278460879887549,3546.0,2.0,4.0,4.0,4.0,4.0,4.0,4.0,4.0,4.0,4.0,4.0,4.0,4.0,4.0,4.0,100.0,,,,,,,,,,,0.0,1.0,158.81292724609375,1.0,153.09112548828125,0.0,105.62680053710938,0.0,131.35317993164062,0.0,142.53988647460938,0.0,111.12472534179688,0.0,111.7850112915039,0.0,109.8794403076172,1.0,113.37580871582033,0.0,153.48660278320312,0.0,132.99159240722656,1.0,115.34557342529295,1.0,116.46832275390624,1.0,145.67745971679688
12405,1754692291.520148,96.75717210769652,1754692291.609359,116.0,0.0,14.966440460013558,41.69078092751542,2.9728222865761325,3.4014245731469543,-29.38746693839576,-7.002186284690566,4.418786477123007,-6.6210708705611125,-1.1664061157702292,0.1969998344307839,-1.1609188390065412,-4.954924137222321,-3.7077840792777854,5.111576661556313,3555.0,2.0,4.0,4.0,4.0,4.0,4.0,4.0,4.0,4.0,4.0,4.0,4.0,4.0,4.0,4.0,100.0,0.4392563700675964,0.62200927734375,-0.273681640625,0.58758544921875,0.9760891199111938,0.156252384185791,0.0537117570638656,-45.31013870239258,-94.6578140258789,6.43015193939209,,,,,,,,,,,,,,,,,,,,,,,,,,,,,
12406,1754692291.527951,96.76497507095335,1754692291.617262,117.0,0.0,19.7991996998623,51.32821975859923,3.5880103293999923,4.800906520636715,-27.78313639729214,-2.8236183271285995,0.3798231751222261,-3.665573033729572,-2.1125062059107336,-0.5261074921521072,-2.1686514824216943,-1.1378565175457993,-9.642156526927977,4.854064186536732,3308.0,2.0,4.0,4.0,4.0,4.0,4.0,4.0,4.0,4.0,4.0,4.0,4.0,4.0,4.0,4.0,100.0,,,,,,,,,,,,,,,,,,,,,,,,,,,,,,,,,,,,,,,
12407,1754692291.535754,96.7727780342102,1754692291.625065,118.0,0.0,18.5165563529306,45.86719728717185,4.09684914891227,7.270182313058967,-23.70520945003068,-0.6234656308558897,-3.0431197273558155,-1.929882096966821,-4.667194096400408,-0.6804643398183998,-6.942352481037005,-0.4229055705739029,-10.304082965580848,8.731787590354315,3583.0,2.0,4.0,4.0,4.0,4.0,4.0,4.0,4.0,4.0,4.0,4.0,4.0,4.0,4.0,4.0,100.0,,,,,,,,,,,,,,,,,,,,,,,,,,,,,,,,,,,,,,,
12408,1754692291.543558,96.78058195114136,1754692291.632868,119.0,0.0,16.22848145391751,26.981395565218435,3.3261393800066514,3.790574514657664,-22.097503067247573,-5.11626973458354,-2.8967626832932467,-1.4994710233554829,-8.194822512762613,0.7335401329791864,-6.547103792589525,4.076847263419467,-2.414597849830699,12.95821753830566,3546.0,2.0,4.0,4.0,4.0,4.0,4.0,4.0,4.0,4.0,4.0,4.0,4.0,4.0,4.0,4.0,100.0,,,,,,,,,,,,,,,,,,,,,,,,,,,,,,,,,,,,,,,
12409,1754692291.55136,96.78838396072388,1754692291.6407712,120.0,0.0,13.504461569505397,19.027414089245497,5.252504506195066,-2.296578608187417,-21.222042743388272,-10.113259915704193,-3.3196064582795657,-4.728362788505535,-8.788855644024977,5.879603642481754,-5.308961048307708,4.123654359021487,0.3977463955819189,14.765610497617049,3555.0,2.0,4.0,4.0,4.0,4.0,4.0,4.0,4.0,4.0,4.0,4.0,4.0,4.0,4.0,4.0,100.0,0.4428512156009674,0.62164306640625,-0.2735595703125,0.5853271484375,0.9697413444519044,0.1679713129997253,0.0576180666685104,-44.71198654174805,-95.55504608154295,5.532921314239502,,,,,,,,,,,,,,,,,,,,,,,,,,,,,
12410,1754692291.559163,96.79618716239928,1754692291.648575,121.0,0.0,10.946076086140351,20.03598539898905,9.360955953063351,-1.330466167042573,-10.733562216025234,-1.7144622190520522,-2.7279551909522297,-5.16407544324727,-4.138492850215584,6.318090911456352,-8.554863353469386,-1.9474847890450064,-3.8201856482122594,13.103537106256796,3308.0,2.0,4.0,4.0,4.0,4.0,4.0,4.0,4.0,4.0,4.0,4.0,4.0,4.0,4.0,4.0,100.0,,,,,,,,,,,,,,,,,,,,,,,,,,,,,,,,,,,,,,,
12411,1754692291.566966,96.80399012565611,1754692291.6564782,122.0,0.0,5.087784641136636,5.875529336340037,5.010285785499832,0.3438465953248624,-4.134222965456615,3.0828278852912945,-4.52651588614583,-0.9198238740956411,1.575303795562263,0.9006831429286422,-10.23216078671078,-8.325410735258743,-7.914452529148662,3.677901306591025,3583.0,2.0,4.0,4.0,4.0,4.0,4.0,4.0,4.0,4.0,4.0,4.0,4.0,4.0,4.0,4.0,100.0,,,,,,,,,,,,,,,,,,,,,,,,,,,,,,,,,,,,,,,
12412,1754692291.574769,96.81179308891296,1754692291.6642811,123.0,0.0,4.053655328033187,-12.447540170265595,0.4684657976509925,4.118435039064593,-6.392484805793515,-1.7159619890525164,-5.218538259633874,8.198628337580544,10.586504124973658,6.654845107850747,-1.973447787892269,-1.1020631111490502,-2.359326187491092,-1.4897570891638452,3546.0,2.0,4.0,4.0,4.0,4.0,4.0,4.0,4.0,4.0,4.0,4.0,4.0,4.0,4.0,4.0,100.0,,,,,,,,,,,,,,,,,,,,,,,,,,,,,,,,,,,,,,,
12413,1754692291.582572,96.8195960521698,1754692291.672184,124.0,0.0,1.2720489893723084,-23.87715185879909,0.4866496881014086,2.926898416694314,-7.886720100017044,-4.316437590310613,-5.152718848659276,6.101181369407243,4.816445441939834,7.926192115165634,-0.7395284782828071,3.3841641076847395,-1.191092230483207,-1.8227029027761432,3555.0,2.0,4.0,4.0,4.0,4.0,4.0,4.0,4.0,4.0,4.0,4.0,4.0,4.0,4.0,4.0,100.0,0.4468193352222442,0.62158203125,-0.27349853515625,0.5823974609375,0.9775539636611938,0.1879911571741104,0.0600595101714134,-43.96429443359375,-94.80735778808594,7.327382087707519,,,,,,,,,,,,,,,,,,,,,,,,,,,,,
12414,1754692291.590375,96.82739901542664,1754692291.6799872,125.0,0.0,2.7427932714336407,-25.838236724173328,5.109397583301927,1.635487984151098,-0.8332735816156287,4.292600292137252,-5.058444030662884,-2.34447998767331,-6.91911037426911,-0.388616877025413,1.2058160669067206,1.8889798534137867,-2.4043422767435345,1.240428818586281,3308.0,2.0,4.0,4.0,4.0,4.0,4.0,4.0,4.0,4.0,4.0,4.0,4.0,4.0,4.0,4.0,100.0,,,,,,,,,,,,,,,,,,,,,,,,,,,,,,,,,,,,,,,
12415,1754692291.598179,96.83520317077635,1754692291.68789,126.0,0.0,4.231816990766987,-25.96032405719293,3.023762188828499,3.4770588583554343,6.60281230695486,7.990998891519979,-5.692309074663768,-4.519646741438606,-4.324588525640735,-4.378304652424646,3.957015292222735,1.997209016384062,-0.919560638919762,-2.832591538805588,3583.0,2.0,4.0,4.0,4.0,4.0,4.0,4.0,4.0,4.0,4.0,4.0,4.0,4.0,4.0,4.0,100.0,,,,,,,,,,,,,,,,,,,,,,,,,,,,,,,,,,,,,,,
12416,1754692291.605981,96.84300518035889,1754692291.695694,127.0,0.0,-14.827540668229515,-35.79043957172314,-1.3909228912756362,2.3932735572653883,7.537145121378785,0.7458277633669468,-2.4399945925432576,-2.26515011302979,0.817623069379465,-0.9398306349056612,3.079173841742545,3.6547916779483103,7.307365607521774,-6.3242318297815245,52.0,2.0,4.0,4.0,4.0,4.0,4.0,4.0,4.0,4.0,4.0,4.0,4.0,4.0,4.0,4.0,100.0,,,,,,,,,,,,,,,,,,,,,,,,,,,,,,,,,,,,,,,
12417,1754692291.613784,96.85080814361572,1754692291.703597,0.0,0.0,-38.87542696228496,-47.04172966413165,1.1500180300341185,-2.240515082433319,5.733815637627288,-2.723097048888974,0.5612123639885453,0.5265789472078382,-3.712417632783344,0.7171505157030538,2.812901767455571,4.323077668013013,5.189200427617436,-0.804249493066834,3316.0,2.0,4.0,4.0,4.0,4.0,4.0,4.0,4.0,4.0,4.0,4.0,4.0,4.0,4.0,4.0,100.0,0.660887598991394,0.42010498046875,-0.5323486328125,0.32147216796875,0.9951323866844176,0.2089875638484954,0.0478522926568985,-45.31013870239258,-93.91012573242188,6.878767013549805,,,,,,,,,,,,,,,,,,,,,,,,,,,,,
12418,1754692291.621587,96.85861110687256,1754692291.7114,1.0,0.0,-43.70135524041564,-49.34303137427708,1.338752521028141,-4.636230133884624,6.437158056010389,2.761844291884586,3.936685384216048,2.799987605844194,-3.094518761111999,0.7066323239286021,3.426347579614572,1.840374010443497,-4.696526576175643,-1.7168418581323976,3509.0,2.0,4.0,4.0,4.0,4.0,4.0,4.0,4.0,4.0,4.0,4.0,4.0,4.0,4.0,4.0,100.0,,,,,,,,,,,,,,,,,,,,,,,,,,,,,,,,,,,,,,,
12419,1754692291.62939,96.8664140701294,1754692291.7193031,2.0,0.0,-36.79762324020567,-51.440938265157456,-4.8595977790942015,-8.321009727048022,9.071308353102268,6.244329158661003,10.706462231975364,6.632033926494842,4.622238933647623,2.104042635422047,2.671273661514988,-2.131568128661001,-0.3297087544424357,-12.33971563242676,3511.0,2.0,4.0,4.0,4.0,4.0,4.0,4.0,4.0,4.0,4.0,4.0,4.0,4.0,4.0,4.0,100.0,,,,,,,,,,,,,,,,,,,,,,,,,,,,,,,,,,,,,,,
12420,1754692291.637193,96.87421703338624,1754692291.727106,3.0,0.0,-30.550009956990465,-52.13993703572859,-3.3910595599523674,-11.888632857048464,9.625407405994707,3.145335461241217,11.82322549779147,10.207674356972262,11.253549510759427,1.959950846206908,1.1533683111764788,-5.728701812389403,5.124332204770923,-17.78486211999561,3589.0,2.0,4.0,4.0,4.0,4.0,4.0,4.0,4.0,4.0,4.0,4.0,4.0,4.0,4.0,4.0,100.0,,,,,,,,,,,,,,,,,,,,,,,,,,,,,,,,,,,,,,,
12421,1754692291.644996,96.88201999664308,1754692291.7350092,4.0,0.0,-22.076431645355854,-47.25670179766513,3.794727761407273,-32.30927511945066,8.937091690958539,1.8230361759516995,6.469230756057357,10.436351328400349,13.34458648834169,3.2071184293187684,1.503498576897698,-6.04160433690123,2.908509963875701,-13.664517326607267,3613.0,2.0,4.0,4.0,4.0,4.0,4.0,4.0,4.0,4.0,4.0,4.0,4.0,4.0,4.0,4.0,100.0,0.662972629070282,0.42095947265625,-0.53204345703125,0.3165283203125,1.0273594856262207,0.2290074080228805,0.0356450751423835,-45.16060256958008,-95.25597381591795,5.981536388397217,,,,,,,,,,,,,,,,,,,,,,,,,,,,,
12422,1754692291.652799,96.8898229598999,1754692291.7428122,5.0,0.0,-14.02495106565101,-47.24890694226923,0.6708670401679342,-63.18333699945168,7.432438875058608,1.981561234158392,7.087175658978879,5.196118965134076,8.204154882963678,1.407201092304888,2.8409787484977755,-4.904619256956437,4.442722285361754,-11.634830108668382,3488.0,2.0,4.0,4.0,4.0,4.0,4.0,4.0,4.0,4.0,4.0,4.0,4.0,4.0,4.0,4.0,100.0,,,,,,,,,,,,,,,,,,,,,,,,,,,,,,,,,,,,,,,
12423,1754692291.660602,96.89762616157532,1754692291.750716,6.0,0.0,-9.211217541944222,-44.69986673112902,-3.973710586123559,-77.88393441948932,8.862689587742409,7.326687351667772,13.372107751801252,1.8666781608995395,3.8300992527361473,-2.483152473131611,6.443368506495119,-3.7987526705991854,11.231055971310129,-9.791095953070396,3510.0,2.0,4.0,4.0,4.0,4.0,4.0,4.0,4.0,4.0,4.0,4.0,4.0,4.0,4.0,4.0,100.0,,,,,,,,,,,,,,,,,,,,,,,,,,,,,,,,,,,,,,,
12424,1754692291.668405,96.90542912483215,1754692291.758619,7.0,0.0,-2.9952196793631174,-33.443349755530335,-4.263610998649938,-62.09870765733581,9.656493766820631,8.188121617926981,10.376421774469009,-0.4173621030174672,0.5220640028908292,-1.5829198239337074,5.4843713147749895,-4.93544433062857,8.281408786633392,-6.417728734564889,3490.0,2.0,4.0,4.0,4.0,4.0,4.0,4.0,4.0,4.0,4.0,4.0,4.0,4.0,4.0,4.0,100.0,,,,,,,,,,,,,,,,,,,,,,,,,,,,,,,,,,,,,,,
12425,1754692291.676208,96.913232088089,1754692291.766422,8.0,0.0,1.9127187245281905,-28.48476390582698,-4.567293331017822,-49.80367876039725,5.158980446066948,-2.609512413535299,3.357403867558446,-3.516609795007639,7.701270587340446,7.160264751472937,4.112769357028014,-3.848456855620839,8.568355904342184,-9.4213938128604,3595.0,2.0,4.0,4.0,4.0,4.0,4.0,4.0,4.0,4.0,4.0,4.0,4.0,4.0,4.0,4.0,100.0,0.6634553670883179,0.42169189453125,-0.53277587890625,0.31329345703125,1.006363034248352,0.2011749446392059,0.0380865186452865,-44.86152267456055,-92.86335754394533,6.43015193939209,,,,,,,,,,,,,,,,,,,,,,,,,,,,,
12426,1754692291.684011,96.92103505134584,1754692291.774225,9.0,0.0,4.667142467063002,-29.786725286716376,-3.52326719349918,-49.1248812993818,-1.3739313067999888,-9.435653086757211,1.6197164055392363,-2.947327232619557,13.17183536495662,12.279510033152237,6.892446437215256,4.100873509858445,14.40781597108088,-11.788460574810015,3600.0,2.0,4.0,4.0,4.0,4.0,4.0,4.0,4.0,4.0,4.0,4.0,4.0,4.0,4.0,4.0,100.0,,,,,,,,,,,,,,,,,,,,,,,,,,,,,,,,,,,,,,,
12427,1754692291.691814,96.92883801460266,1754692291.782128,10.0,0.0,8.031279511110796,-23.611568845748053,-2.442902144019655,-30.058313569642934,-0.0902498065638894,-7.4167050979904445,3.0370732105434115,-2.380084289972757,-1.1139280893508214,6.298104173525161,5.14569030839354,7.008591696587672,3.459478538458569,-5.615077727488398,3611.0,2.0,4.0,4.0,4.0,4.0,4.0,4.0,4.0,4.0,4.0,4.0,4.0,4.0,4.0,4.0,100.0,,,,,,,,,,,,,,,,,,,,,,,,,,,,,,,,,,,,,,,
12428,1754692291.699617,96.9366409778595,1754692291.7900312,11.0,0.0,12.486863245208411,-8.204911140919734,-3.665824963370227,-0.2108548748106784,9.62211063828036,-3.681677384707285,1.7129817829622027,-0.9298069534907824,-6.762772570081864,1.6685756543546688,7.342594939878296,4.307304800093704,-0.6437559832405384,-2.238619462498349,3534.0,2.0,4.0,4.0,4.0,4.0,4.0,4.0,4.0,4.0,4.0,4.0,4.0,4.0,4.0,4.0,100.0,,,,,,,,,,,,,,,,,,,,,,,,,,,,,,,,,,,,,,,
12429,1754692291.70742,96.94444417953493,1754692291.797934,12.0,0.0,9.441646293349834,-3.135454256386936,-12.52333988316758,11.029589602423869,6.5546616979139,-7.8396362845348335,-11.216239801892414,0.9966518379431476,3.7557142772569136,-3.3510007133733666,5.593638185230986,-1.4766967444181205,5.456783698282209,-12.93334814694134,3556.0,2.0,4.0,4.0,4.0,4.0,4.0,4.0,4.0,4.0,4.0,4.0,4.0,4.0,4.0,4.0,100.0,0.6630904078483582,0.42193603515625,-0.53375244140625,0.31207275390625,0.9863432049751282,0.1982452124357223,0.0258793011307716,-42.91752624511719,-93.61104583740234,7.626459121704102,,,,,,,,,,,,,,,,,,,,,,,,,,,,,
12430,1754692291.715223,96.95224714279176,1754692291.805738,13.0,0.0,6.0264029225965885,-5.46757572577215,-15.069349862559903,15.50775579977764,-1.0185966489605391,-6.873372622272001,-12.60960543688978,7.616791756147194,11.681077362131164,-0.5551961964204395,2.7452970161209294,0.428714932195561,4.714326322512051,-14.399606342188036,3298.0,2.0,4.0,4.0,4.0,4.0,4.0,4.0,4.0,4.0,4.0,4.0,4.0,4.0,4.0,4.0,100.0,,,,,,,,,,,,,,,,,,,,,,,,,,,,,,,,,,,,,,,
12431,1754692291.723026,96.96005010604858,1754692291.8135412,14.0,0.0,7.561561958211058,1.756994899039654,-13.59608214085327,23.45112533801668,2.894172527818881,-1.5311163339659115,-7.8895535721960925,8.581900741515454,5.333789245786392,-0.5182176343639924,-0.6229113084566791,-1.4298947375439468,-5.882816658314397,-10.92528386386246,3611.0,2.0,4.0,4.0,4.0,4.0,4.0,4.0,4.0,4.0,4.0,4.0,4.0,4.0,4.0,4.0,100.0,,,,,,,,,,,,,,,,,,,,,,,,,,,,,,,,,,,,,,,
12432,1754692291.730829,96.96785306930542,1754692291.821444,15.0,0.0,11.943571904021011,17.29579090732736,-9.420515937650322,36.84139992769983,10.929801612218256,3.070723502927052,-9.480599035439042,1.9300974843366416,1.957434072362816,-5.271972289798811,0.0845275001423431,-5.955489807970622,-6.745122074217676,-12.210143952651975,3534.0,2.0,4.0,4.0,4.0,4.0,4.0,4.0,4.0,4.0,4.0,4.0,4.0,4.0,4.0,4.0,100.0,,,,,,,,,,,,,,,,,,,,,,,,,,,,,,,,,,,,,,,
12433,1754692291.738632,96.97565603256226,1754692291.829247,16.0,0.0,13.34600468494446,24.39892992163905,-6.1685785395885375,43.841307752820654,6.699950731608993,1.528685674655577,-11.897704219516156,-4.810004181559265,-3.63533494093744,-2.4813682548934537,2.3482875199623834,-0.1636590888416265,0.5134425400048315,-7.685910097363916,0.0,2.0,4.0,4.0,4.0,4.0,4.0,4.0,4.0,4.0,4.0,4.0,4.0,4.0,4.0,4.0,100.0,0.6622801423072815,0.4217529296875,-0.53497314453125,0.31195068359375,0.991226077079773,0.2001983672380447,0.0209964141249656,-44.56244659423828,-93.91012573242188,6.878767013549805,,,,,,,,,,,,,,,,,,,,,,,,,,,,,
12434,1754692291.746435,96.98345899581908,1754692291.83715,17.0,0.0,13.738487926099909,22.723682747533104,-5.907346301080423,43.74863936643035,0.914810360286566,-3.018691148045008,-12.814092806311209,-9.407515311423566,-12.073062885702228,0.6872351047373115,4.105364272319122,6.849818653112408,-1.324909954841786,-2.30628098648819,0.0,2.0,4.0,4.0,4.0,4.0,4.0,4.0,4.0,4.0,4.0,4.0,4.0,4.0,4.0,4.0,100.0,,,,,,,,,,,,,,,,,,,,,,,,,,,,,,,,,,,,,,,
12435,1754692291.754238,96.99126195907591,1754692291.844953,18.0,0.0,14.582466005248705,29.42051651472792,-2.3805908089478294,48.925981408897485,3.174943251577304,-4.158917096316429,-16.021700108771086,-13.483512015531062,-13.132139552001092,-4.445343361214157,6.789228037741111,5.412188930217951,-1.3450854221344457,-3.046423530923505,0.0,2.0,4.0,4.0,4.0,4.0,4.0,4.0,4.0,4.0,4.0,4.0,4.0,4.0,4.0,4.0,100.0,,,,,,,,,,,,,,,,,,,,,,,,,,,,,,,,,,,,,,,
12436,1754692291.762041,96.99906516075134,1754692291.8528562,19.0,0.0,14.753656935924198,38.98774442017128,2.0834924479829056,55.81206351303962,1.6741923297492465,-4.613136638881599,-18.72744056560288,-18.63791331251906,-16.12413428307792,-7.662180688313413,4.2799837107474445,4.100378809487381,0.8686797309730423,-0.7314097017450081,0.0,2.0,4.0,4.0,4.0,4.0,4.0,4.0,4.0,4.0,4.0,4.0,4.0,4.0,4.0,4.0,100.0,,,,,,,,,,,,,,,,,,,,,,,,,,,,,,,,,,,,,,,
12437,1754692291.769844,97.00686812400818,1754692291.86066,20.0,0.0,13.72078642510769,40.57357738787823,1.2669188303348164,55.80690844435685,-1.556909108333457,-5.442923798733773,-15.695474372275385,-20.92914155978815,-15.06289289312781,-1.1741047206078292,0.3392800698848077,6.108803464536322,-2.9186873888138507,3.377622651732964,0.0,2.0,4.0,4.0,4.0,4.0,4.0,4.0,4.0,4.0,4.0,4.0,4.0,4.0,4.0,4.0,100.0,0.6613057255744934,0.42144775390625,-0.5361328125,0.31243896484375,0.9853665828704834,0.1958037763833999,0.0410162508487701,-44.86152267456055,-93.16242980957033,6.878767013549805,,,,,,,,,,,,,,,,,,,,,,,,,,,,,
12438,1754692291.777647,97.014671087265,1754692291.8685632,21.0,0.0,11.615394260331698,39.040319974809165,-0.8859876692010289,49.81100920794535,-1.0617711996362118,-6.051148204090339,-10.217185248470456,-15.021712489151184,-5.2393897198073205,-1.370258017554704,3.0774863423847023,2.721196711948608,-4.411289037524682,7.1700125893906375,0.0,2.0,4.0,4.0,4.0,4.0,4.0,4.0,4.0,4.0,4.0,4.0,4.0,4.0,4.0,4.0,100.0,,,,,,,,,,,,,,,,,,,,,,,,,,,,,,,,,,,,,,,
12439,1754692291.78545,97.02247405052184,1754692291.876366,22.0,0.0,9.057923160092514,35.66264888605906,0.9387602889516984,45.32428872477908,-3.140856288441455,-5.267817203652385,-3.6725786239101126,-8.179389893436792,-2.814680839962193,-9.071782812250376,5.289870036934872,-2.363478566353251,-3.294959167312072,9.499071084305116,0.0,2.0,4.0,4.0,4.0,4.0,4.0,4.0,4.0,4.0,4.0,4.0,4.0,4.0,4.0,4.0,100.0,,,,,,,,,,,,,,,,,,,,,,,,,,,,,,,,,,,,,,,
12440,1754692291.793253,97.03027701377869,1754692291.884269,23.0,0.0,6.153904217879557,36.70344450319303,1.793440363698977,45.985594849329885,-4.746307964635577,-3.4206670399259167,-2.089301051995477,-5.797149614188271,-0.6228572066135314,-7.790374904122615,2.9180976156747818,-1.2028777257879997,-3.529739172930391,10.082089555686563,0.0,2.0,4.0,4.0,4.0,4.0,4.0,4.0,4.0,4.0,4.0,4.0,4.0,4.0,4.0,4.0,100.0,,,,,,,,,,,,,,,,,,,,,,,,,,,,,,,,,,,,,,,
12441,1754692291.801056,97.03807997703552,1754692291.892072,24.0,0.0,3.971446619502757,34.930894462016084,-1.4957450841707498,41.86575389080824,-4.067967324667762,-5.416510663184482,-5.066178139823961,-5.832914353196458,5.009222084239781,-3.096083519670202,0.0347121686608886,1.3282583169693396,-1.6838432608640517,12.703852847046136,0.0,2.0,4.0,4.0,4.0,4.0,4.0,4.0,4.0,4.0,4.0,4.0,4.0,4.0,4.0,4.0,100.0,0.660493791103363,0.42095947265625,-0.5372314453125,0.31292724609375,0.9707179665565492,0.1855497062206268,0.0288090333342552,-43.814754486083984,-93.16242980957033,5.383382797241211,,,,,,,,,,,,,,,,,,,,,,,,,,,,,
12442,1754692291.808859,97.04588317871094,1754692291.899975,25.0,0.0,6.184571428681068,27.40622722312861,-1.673781695763353,31.6879660270634,-4.406799449688094,-7.29555981360312,-2.7032093496563334,-8.873380235946513,-6.202272106183898,-3.98633148979701,0.4510942705751972,3.58057683184785,2.5538794538006755,18.174896856684484,0.0,2.0,4.0,4.0,4.0,4.0,4.0,4.0,4.0,4.0,4.0,4.0,4.0,4.0,4.0,4.0,100.0,,,,,,,,,,,,,,,,,,,,,,,,,,,,,,,,,,,,,,,
12443,1754692291.816662,97.05368614196776,1754692291.907779,26.0,0.0,7.691542941613108,17.639061520113074,2.036326378294717,20.958324122775625,-1.462466730326895,-8.109041699245125,0.3450283165548455,-14.413049186561665,-24.12308784458125,-9.255887050463542,-0.4768146359201353,3.757436805675781,-3.7820113766462953,15.989897289632182,0.0,2.0,4.0,4.0,4.0,4.0,4.0,4.0,4.0,4.0,4.0,4.0,4.0,4.0,4.0,4.0,100.0,,,,,,,,,,,,,,,,,,,,,,,,,,,,,,,,,,,,,,,
12444,1754692291.824465,97.0614891052246,1754692291.915682,27.0,0.0,2.358114225764041,9.313785151121069,1.1713714885709692,14.640983793406631,3.763226710670608,-7.108293372546484,2.2948352825347342,-13.69415844991903,-15.629367827607837,-8.068522171774873,3.0767512970328994,2.512516539748105,-11.09903318456503,12.718880547730862,0.0,2.0,4.0,4.0,4.0,4.0,4.0,4.0,4.0,4.0,4.0,4.0,4.0,4.0,4.0,4.0,100.0,,,,,,,,,,,,,,,,,,,,,,,,,,,,,,,,,,,,,,,
12445,1754692291.832268,97.06929206848145,1754692291.923485,28.0,0.0,-1.5700651027540289,7.547447903617126,-11.639800791108769,10.243419218715305,3.006925398750923,-2.11912817015525,2.296060552880249,-8.728607591768082,-4.7189701672572255,-2.2789643531531283,5.402380710916191,-0.0182388692277299,-6.861669361973668,11.908752284119714,0.0,2.0,4.0,4.0,4.0,4.0,4.0,4.0,4.0,4.0,4.0,4.0,4.0,4.0,4.0,4.0,100.0,0.6596944332122803,0.420654296875,-0.53802490234375,0.31365966796875,0.9951323866844176,0.1933623254299163,0.0249027237296104,-43.21660232543945,-94.05966186523438,5.532921314239502,,,,,,,,,,,,,,,,,,,,,,,,,,,,,
12446,1754692291.840071,97.07709503173828,1754692291.931388,29.0,0.0,-0.7216794550251109,6.885780857954472,-28.72463541751827,7.6548898151412175,3.4302842119185186,4.9474613209043525,1.4029066841384008,-10.350188289177964,-10.34977548329303,-2.1905465146416248,1.2617097058985962,-4.263233636610636,-1.6277883594347315,2.708347363756588,0.0,2.0,4.0,4.0,4.0,4.0,4.0,4.0,4.0,4.0,4.0,4.0,4.0,4.0,4.0,4.0,100.0,,,,,,,,,,,,,,,,,,,,,,,,,,,,,,,,,,,,,,,
12447,1754692291.847874,97.08489799499512,1754692291.939191,30.0,0.0,-2.499930766684741,1.448649549255293,-38.59042407783304,4.752565365450352,9.842064651869949,10.478238582840874,7.931248588523118,-7.662951159685093,-4.869359254888735,-2.384377895944766,3.5709103597979777,-5.888031697725495,1.445567767479048,-1.4640251244644276,0.0,2.0,4.0,4.0,4.0,4.0,4.0,4.0,4.0,4.0,4.0,4.0,4.0,4.0,4.0,4.0,100.0,,,,,,,,,,,,,,,,,,,,,,,,,,,,,,,,,,,,,,,
12448,1754692291.855677,97.09270095825195,1754692291.947094,31.0,0.0,-7.272210358804358,-9.562561736951892,-42.574495646609165,-3.2314276995398075,10.384267900504284,9.963532368208718,13.06849645755804,2.6534513922629515,5.799487543207789,2.603806164126155,1.243695459872498,-3.9223970984998857,-4.026212108620911,-1.1204036528087895,0.0,2.0,4.0,4.0,4.0,4.0,4.0,4.0,4.0,4.0,4.0,4.0,4.0,4.0,4.0,4.0,100.0,,,,,,,,,,,,,,,,,,,,,,,,,,,,,,,,,,,,,,,
12449,1754692291.86348,97.10050415992735,1754692291.954997,32.0,0.0,-5.261228937973698,-13.341126408840095,-41.892439890015936,-6.563239160809332,2.684077334699708,5.327773198268318,11.540739345615606,12.425996141117452,8.950254109336441,12.740646512107872,-2.852848469662291,-1.2231914713944718,-6.021589366862742,-1.603246396411265,0.0,2.0,4.0,4.0,4.0,4.0,4.0,4.0,4.0,4.0,4.0,4.0,4.0,4.0,4.0,4.0,100.0,0.4482139050960541,0.6275634765625,-0.2691650390625,0.576904296875,0.9589990377426147,0.1792019605636596,0.0273441672325134,-43.96429443359375,-93.46150970458984,4.785229206085205,,,,,,,,,,,,,,,,,,,,,,,,,,,,,
12450,1754692291.871283,97.1083071231842,1754692291.9629002,33.0,0.0,-3.576212224993384,-13.382000755200266,-38.79649801908991,-7.675961348565494,-1.396342710076084,0.999056640025259,7.302337872029142,11.571219864457449,8.126874711183603,12.99907949936923,-2.762915844279547,1.9323037729237456,0.212211825199887,-2.7104393308290184,0.0,2.0,4.0,4.0,4.0,4.0,4.0,4.0,4.0,4.0,4.0,4.0,4.0,4.0,4.0,4.0,100.0,,,,,,,,,,,,,,,,,,,,,,,,,,,,,,,,,,,,,,,
12451,1754692291.879086,97.11611008644104,1754692291.970704,34.0,0.0,-6.720536396088079,-14.64726695747018,-28.10111093358924,-10.712681464033864,7.576375030887306,0.3983571819775022,6.679632462700596,4.820341622561813,4.403812969512131,6.496959053849281,-3.4292525458646708,20.46827398763648,0.2532758858529575,-6.222957771800935,0.0,2.0,4.0,4.0,4.0,4.0,4.0,4.0,4.0,4.0,4.0,4.0,4.0,4.0,4.0,4.0,100.0,,,,,,,,,,,,,,,,,,,,,,,,,,,,,,,,,,,,,,,
12452,1754692291.886889,97.12391304969788,1754692291.978507,35.0,0.0,-8.425299271503008,-12.288733287856502,-12.0629100389053,-14.566792257946162,10.535912841064402,0.8684545875078413,7.140591038540862,6.4890184836956735,6.720470880017075,8.212224092948219,1.236635703571011,38.11264798710525,-1.966961382924154,-12.173080488251545,0.0,2.0,4.0,4.0,4.0,4.0,4.0,4.0,4.0,4.0,4.0,4.0,4.0,4.0,4.0,4.0,100.0,,,,,,,,,,,,,,,,,,,,,,,,,,,,,,,,,,,,,,,
12453,1754692291.894692,97.13171601295473,1754692291.98651,36.0,0.0,-8.937676890890202,-12.74792095105306,-4.469760399190932,-21.082964037654733,-2.019218036882762,-1.5578795972638773,2.443869772443918,6.624576847310323,5.937667574394595,6.0578228182397424,8.340236595012243,30.77561434099823,2.5451747591495177,-11.418505583103638,0.0,2.0,4.0,4.0,4.0,4.0,4.0,4.0,4.0,4.0,4.0,4.0,4.0,4.0,4.0,4.0,100.0,0.4472543895244598,0.62774658203125,-0.269287109375,0.577392578125,0.9629053473472596,0.1870145797729492,0.0214847028255462,-44.263370513916016,-94.5082778930664,5.23384428024292,,,,,,,,,,,,,,,,,,,,,,,,,,,,,
12454,1754692291.902495,97.13951897621156,1754692291.994313,37.0,0.0,-6.057763448109824,-13.73536379675005,3.3861855135917835,-29.97467880727908,-3.693964548568317,0.0268196713284964,-1.1653240056131722,1.797437344878574,-1.7893156606161824,0.0849617690367381,9.398230400476962,18.311914789110062,8.860315235095015,1.3531999159620796,0.0,2.0,4.0,4.0,4.0,4.0,4.0,4.0,4.0,4.0,4.0,4.0,4.0,4.0,4.0,4.0,100.0,,,,,,,,,,,,,,,,,,,,,,,,,,,,,,,,,,,,,,,
12455,1754692291.910298,97.14732217788696,1754692292.002116,38.0,0.0,-7.073884903302485,-13.566674112594852,14.833310884090965,-43.93369045878734,1.6879179333989782,-0.1855248405415182,-2.4119379836540134,-0.5469636683580461,0.3052252908153718,-1.8079784931875904,-0.5279654713864943,14.11583473907541,3.5651063583282507,3.4872272329133125,0.0,2.0,4.0,4.0,4.0,4.0,4.0,4.0,4.0,4.0,4.0,4.0,4.0,4.0,4.0,4.0,100.0,,,,,,,,,,,,,,,,,,,,,,,,,,,,,,,,,,,,,,,
12456,1754692291.918101,97.1551251411438,1754692292.0099192,39.0,0.0,-8.651585250584503,-10.974885904098755,22.29526232799208,-44.34720206348811,2.7221068025783097,2.1881788579576096,4.860772695898959,4.418261168987101,9.723790987157372,1.6051443987871608,-2.1118240420355505,3.5703871354517105,-4.682713302786851,-7.70954101893949,0.0,2.0,4.0,4.0,4.0,4.0,4.0,4.0,4.0,4.0,4.0,4.0,4.0,4.0,4.0,4.0,100.0,,,,,,,,,,,,,,,,,,,,,,,,,,,,,,,,,,,,,,,
12457,1754692291.925904,97.16292810440063,1754692292.0179222,40.0,0.0,-5.901749024706561,-12.262934184566376,26.851262466616816,-32.26959347834011,5.917963253532861,9.184621420295995,14.565861937132894,8.41766157486515,2.8708263699313363,0.4920829472102639,0.4225076037141377,-6.505875520303135,-5.7134172042440525,-11.87671184248896,0.0,2.0,4.0,4.0,4.0,4.0,4.0,4.0,4.0,4.0,4.0,4.0,4.0,4.0,4.0,4.0,100.0,0.4471482634544372,0.62738037109375,-0.26953125,0.5777587890625,0.9829251766204834,0.1835965514183044,0.0224612802267074,-43.814754486083984,-94.6578140258789,4.33661413192749,,,,,,,,,,,,,,,,,,,,,,,,,,,,,
12458,1754692291.933707,97.17073106765748,1754692292.025726,41.0,0.0,-5.165324374134315,-18.576404130184045,31.642298416313253,-23.940504403680706,8.193910593876836,11.282347499281542,16.967615478318777,11.479000354629562,-4.161422646437558,-5.461917672000681,-1.0816662625556717,-4.74280481710727,-4.5050065620782505,0.1799665691546863,0.0,2.0,4.0,4.0,4.0,4.0,4.0,4.0,4.0,4.0,4.0,4.0,4.0,4.0,4.0,4.0,100.0,,,,,,,,,,,,,,,,,,,,,,,,,,,,,,,,,,,,,,,
12459,1754692291.94151,97.1785340309143,1754692292.033529,42.0,0.0,-7.868529962939618,-22.63344179090288,31.619052348122324,-18.65500600815173,2.616894746360259,6.180797727618057,10.49246231883265,14.80300069217904,3.331291490388168,-8.193443217456633,1.2592255174786544,-6.717418079030693,-1.7034523765302936,2.901190936655468,0.0,2.0,4.0,4.0,4.0,4.0,4.0,4.0,4.0,4.0,4.0,4.0,4.0,4.0,4.0,4.0,100.0,,,,,,,,,,,,,,,,,,,,,,,,,,,,,,,,,,,,,,,
12460,1754692291.949313,97.18633699417114,1754692292.041432,43.0,0.0,-3.1325224418756648,-13.28368810678245,33.27603981941451,-6.581059323884404,2.900599664951585,2.09516311296278,3.4889126963975627,16.032931734275678,7.118297908130842,-3.165050077176204,5.310641030175191,-13.083563746232867,-0.9166846615508462,-11.370110970763164,0.0,2.0,4.0,4.0,4.0,4.0,4.0,4.0,4.0,4.0,4.0,4.0,4.0,4.0,4.0,4.0,100.0,,,,,,,,,,,,,,,,,,,,,,,,,,,,,,,,,,,,,,,
12461,1754692291.957116,97.19413995742798,1754692292.049335,44.0,0.0,0.4267250332250683,-13.353988124564635,29.83858323617511,-3.472099520333302,0.5408544330257996,-5.488224388746346,0.5848549719494827,13.102087095521313,3.686607394452096,4.554411039016543,4.422040176741632,-16.794837408728142,-0.700758100314431,-19.26993121675963,0.0,2.0,4.0,4.0,4.0,4.0,4.0,4.0,4.0,4.0,4.0,4.0,4.0,4.0,4.0,4.0,100.0,0.4472559690475464,0.6268310546875,-0.26971435546875,0.57818603515625,0.9843900203704834,0.1733424961566925,0.0424811169505119,-43.36613845825195,-93.16242980957033,6.43015193939209,,,,,,,,,,,,,,,,,,,,,,,,,,,,,
12462,1754692291.964919,97.2019431591034,1754692292.057138,45.0,0.0,-3.739738583556232,-17.287905230513957,20.52523825013565,-2.4060612225645173,-6.538363010489434,-4.49386592987787,1.4178658538697846,11.448307761309366,8.32159983440522,4.294241899980875,6.169326565327424,-17.208619240397297,5.296594427309969,-9.532660927320762,0.0,2.0,4.0,4.0,4.0,4.0,4.0,4.0,4.0,4.0,4.0,4.0,4.0,4.0,4.0,4.0,100.0,,,,,,,,,,,,,,,,,,,,,,,,,,,,,,,,,,,,,,,
12463,1754692291.972722,97.20974612236024,1754692292.0649412,46.0,0.0,-12.395543395961369,-13.249746745053043,15.325707403456336,2.088407224109204,-6.042504420371671,5.055531880376719,3.11257302663168,7.782077463397371,6.730428173337231,-7.394425780430566,4.952182498493556,-21.213024841436464,3.350913891520321,-5.122678320329243,0.0,2.0,4.0,4.0,4.0,4.0,4.0,4.0,4.0,4.0,4.0,4.0,4.0,4.0,4.0,4.0,100.0,,,,,,,,,,,,,,,,,,,,,,,,,,,,,,,,,,,,,,,
12464,1754692291.980525,97.21754908561708,1754692292.072845,47.0,0.0,-10.82969940712087,-5.554049811543109,19.470334418171888,2.873676983656651,3.367835034224072,8.243486367964806,10.533697530643394,6.202489444482353,1.7316524353507248,-9.313567775679758,-1.2327129761317792,-23.591772543983325,-1.1328304273699814,-6.256060682668931,0.0,2.0,4.0,4.0,4.0,4.0,4.0,4.0,4.0,4.0,4.0,4.0,4.0,4.0,4.0,4.0,100.0,,,,,,,,,,,,,,,,,,,,,,,,,,,,,,,,,,,,,,,
12465,1754692291.988328,97.2253520488739,1754692292.080748,48.0,0.0,-4.23685360273646,2.605123912367276,16.896441586323476,4.164403753900501,3.783188028136124,2.6597148003698976,11.458405729739413,4.914767613259414,-1.7095790496654215,-6.67294501993581,-4.52531230079228,-20.87103529400917,-2.740685541579637,-9.46609440530426,0.0,2.0,4.0,4.0,4.0,4.0,4.0,4.0,4.0,4.0,4.0,4.0,4.0,4.0,4.0,4.0,100.0,0.4473462402820587,0.62603759765625,-0.26983642578125,0.57891845703125,1.007827877998352,0.1875028610229492,0.0434576943516731,-44.71198654174805,-94.05966186523438,5.23384428024292,,,,,,,,,,,,,,,,,,,,,,,,,,,,,
12466,1754692291.996131,97.23315501213074,1754692292.088551,49.0,0.0,-2.235855365662616,13.414187086277336,10.99016504610799,12.177975373646037,0.0342505352442401,1.4404349769702949,5.1999952815109225,5.300219912769165,-3.6066287327097655,-9.606010221527782,-2.8062297444738817,-15.746550045855116,-3.32618686364836,-14.750041518700442,0.0,2.0,4.0,4.0,4.0,4.0,4.0,4.0,4.0,4.0,4.0,4.0,4.0,4.0,4.0,4.0,100.0,,,,,,,,,,,,,,,,,,,,,,,,,,,,,,,,,,,,,,,
12467,1754692292.003934,97.24095797538756,1754692292.096354,50.0,0.0,-4.729505084737781,18.592425553623883,8.379996846172247,10.877858359803298,-0.6558430571521114,-0.4148529525590732,4.75780078357738,8.977785938565916,1.8839291237710256,-11.077512378418676,-4.277650481979805,-16.788967190469435,-4.943875177091883,-14.895753181347487,0.0,2.0,4.0,4.0,4.0,4.0,4.0,4.0,4.0,4.0,4.0,4.0,4.0,4.0,4.0,4.0,100.0,,,,,,,,,,,,,,,,,,,,,,,,,,,,,,,,,,,,,,,
12468,1754692292.011737,97.248761177063,1754692292.104257,51.0,0.0,-5.069610331296104,15.352600152630288,5.35710537562008,3.2902224609484563,-2.221742893724155,-1.1939849065710462,8.798551360505002,8.115609068336283,3.46357707785009,-8.7278563685758,-2.65833849381616,-17.61657647293069,-0.9672282890111604,-10.09455748450901,0.0,2.0,4.0,4.0,4.0,4.0,4.0,4.0,4.0,4.0,4.0,4.0,4.0,4.0,4.0,4.0,100.0,,,,,,,,,,,0.0,1.0,107.8595733642578,1.0,118.3190460205078,1.0,83.78166961669922,0.0,100.54917907714844,0.0,111.04180908203124,0.0,87.69503784179688,0.0,82.70330047607422,1.0,81.30049896240234,1.0,84.95816040039062,1.0,117.12728118896484,0.0,111.988525390625,1.0,92.33880615234376,1.0,83.5712661743164,1.0,116.4407958984375
12469,1754692292.01954,97.25656414031982,1754692292.11216,52.0,0.0,-0.8755399865962943,19.60175630658526,2.5707669718595128,8.387057148405376,-7.178465132981245,2.7209949481589604,1.394162468472615,0.3100325535970398,2.15205522106001,-11.705336541724108,-1.1639475617352844,-14.559906472968096,1.8755843009701323,-6.263113967627731,0.0,2.0,4.0,4.0,4.0,4.0,4.0,4.0,4.0,4.0,4.0,4.0,4.0,4.0,4.0,4.0,100.0,0.4466534256935119,0.62554931640625,-0.27001953125,0.57989501953125,1.0136873722076416,0.2006866633892059,0.0454108491539955,-46.65598678588867,-93.76058959960938,5.981536388397217,,,,,,,,,,,,,,,,,,,,,,,,,,,,,
12470,1754692292.027343,97.26436710357666,1754692292.1199632,53.0,0.0,6.561632221827125,30.65942686104799,3.6355476470849615,15.248628247623486,-8.10236885354007,2.379476311240154,-5.120425462895042,0.4141674288131014,10.846372643326134,-11.481695884066454,-3.6844547446875424,-9.379154806460434,-3.0601137066647937,-1.1258296947179645,0.0,2.0,4.0,4.0,4.0,4.0,4.0,4.0,4.0,4.0,4.0,4.0,4.0,4.0,4.0,4.0,100.0,,,,,,,,,,,,,,,,,,,,,,,,,,,,,,,,,,,,,,,
12471,1754692292.035146,97.2721700668335,1754692292.127767,54.0,0.0,12.07344195047824,35.28126483020776,2.6525913437056943,10.10892584262308,-7.248054447099662,-1.8874948699477727,-1.735301234725398,0.9119457207510776,5.590754673130846,-9.374223631004613,-6.146105614729663,-5.836534208816943,-7.343330025029559,6.450144190632159,0.0,2.0,4.0,4.0,4.0,4.0,4.0,4.0,4.0,4.0,4.0,4.0,4.0,4.0,4.0,4.0,100.0,,,,,,,,,,,,,,,,,,,,,,,,,,,,,,,,,,,,,,,
12472,1754692292.042949,97.27997303009032,1754692292.1356702,55.0,0.0,17.609201178806984,37.1727141576722,4.0707221091644215,9.222908060487612,-5.03363757466002,-1.787576287186198,0.6316331535700783,-6.823040745460617,-13.63236591849261,-9.47243771759247,-4.633513583660601,-0.3193248730902951,-2.1512110046249973,13.238995798247856,0.0,2.0,4.0,4.0,4.0,4.0,4.0,4.0,4.0,4.0,4.0,4.0,4.0,4.0,4.0,4.0,100.0,,,,,,,,,,,,,,,,,,,,,,,,,,,,,,,,,,,,,,,
12473,1754692292.050752,97.28777599334715,1754692292.143573,56.0,0.0,17.878068409012315,30.92417010130549,6.437514029020178,11.503193208271853,-5.435034636241824,-6.924511917086591,-6.225478817123246,-9.575558540216376,-15.709777707418825,-7.305048391478692,-6.144607925731805,1.6396074777338183,5.149318581157615,13.847711744801757,0.0,2.0,4.0,4.0,4.0,4.0,4.0,4.0,4.0,4.0,4.0,4.0,4.0,4.0,4.0,4.0,100.0,0.4451309442520141,0.625732421875,-0.2701416015625,0.580810546875,0.991714358329773,0.186526283621788,0.0341802090406417,-43.36613845825195,-94.6578140258789,5.383382797241211,,,,,,,,,,,,,,,,,,,,,,,,,,,,,
12474,1754692292.058555,97.295578956604,1754692292.151376,57.0,0.0,15.492904146250057,23.787419072721093,7.481632501998263,9.22896522799232,-9.178782549506709,-10.493241328008535,-8.236225179778614,-3.9760673003302713,-4.712219352982231,-2.583220768749527,-7.065506204829546,-1.5230016579926655,3.14941755489366,15.6850524590281,0.0,2.0,4.0,4.0,4.0,4.0,4.0,4.0,4.0,4.0,4.0,4.0,4.0,4.0,4.0,4.0,100.0,,,,,,,,,,,,,,,,,,,,,,,,,,,,,,,,,,,,,,,
12475,1754692292.066358,97.30338215827942,1754692292.159279,58.0,0.0,13.868258143376323,18.396375484705885,4.904763928653182,7.181217879013701,-7.833089260932439,-5.866629643720017,-0.2298568718565832,-3.678476148321834,-5.729289716178329,-0.0608547561451189,-5.63549251456746,-1.18161621325865,-1.2996853035172364,16.698481831757334,0.0,2.0,4.0,4.0,4.0,4.0,4.0,4.0,4.0,4.0,4.0,4.0,4.0,4.0,4.0,4.0,100.0,,,,,,,,,,,,,,,,,,,,,,,,,,,,,,,,,,,,,,,
12476,1754692292.074161,97.31118512153624,1754692292.167082,59.0,0.0,9.524865792566317,12.86829285206889,-5.307280649450121,8.905013441193233,-6.977143555835454,-2.6852794547248493,0.0835112948512062,-6.193921887010646,-6.885463705630599,3.369368228206924,-5.91876263565652,0.1841988612918896,1.369230914288238,9.992342900068737,0.0,2.0,4.0,4.0,4.0,4.0,4.0,4.0,4.0,4.0,4.0,4.0,4.0,4.0,4.0,4.0,100.0,,,,,,,,,,,,,,,,,,,,,,,,,,,,,,,,,,,,,,,
12477,1754692292.081964,97.31898808479308,1754692292.1749852,60.0,0.0,3.3270082545561195,6.408831616326268,-13.594453018409524,8.656480006396293,-9.7141215925065,-1.1694141255291584,-3.3246008735594046,-1.0994977464773117,2.034612608917257,8.816713979356507,-5.810755752028683,0.5286714817586358,0.040611814297506,-0.337391413963644,0.0,2.0,4.0,4.0,4.0,4.0,4.0,4.0,4.0,4.0,4.0,4.0,4.0,4.0,4.0,4.0,100.0,0.4434106051921844,0.626220703125,-0.270263671875,0.58154296875,0.9819485545158386,0.1772488057613372,0.0209964141249656,-44.11383056640625,-93.91012573242188,5.383382797241211,,,,,,,,,,,,,,,,,,,,,,,,,,,,,
12478,1754692292.089767,97.32679104804993,1754692292.182889,61.0,0.0,1.4515711412616383,-3.424512350014311,-9.117333946296869,3.154420665671978,-5.952137719179291,1.5855296408624326,-0.834798761981574,4.184249727316228,6.961571128378864,8.499208139532811,-2.415962312694546,1.131950928714332,-8.483407769861287,-0.6481989518199498,0.0,2.0,4.0,4.0,4.0,4.0,4.0,4.0,4.0,4.0,4.0,4.0,4.0,4.0,4.0,4.0,100.0,,,,,,,,,,,,,,,,,,,,,,,,,,,,,,,,,,,,,,,
12479,1754692292.09757,97.33459401130676,1754692292.1906922,62.0,0.0,2.3174934557226265,-9.37089613845518,-4.136238493604367,-0.8676462493223767,-3.8255042705342817,-0.3511364595630653,-4.768747106559374,2.489952207891122,6.951380897001229,5.772316378312382,3.009517946758308,1.363561862652034,-9.183869842764524,5.903187471030208,0.0,2.0,4.0,4.0,4.0,4.0,4.0,4.0,4.0,4.0,4.0,4.0,4.0,4.0,4.0,4.0,100.0,,,,,,,,,,,,,,,,,,,,,,,,,,,,,,,,,,,,,,,
12480,1754692292.105373,97.3423969745636,1754692292.1984951,63.0,0.0,2.398044851400784,-10.298136146345286,-5.3195338784166495,3.249672889077857,-7.879923603937158,-5.590660684302719,-12.025798349413408,-1.5052517580656684,2.756207329379805,10.937740424913528,7.023308617408503,4.254893306805144,-0.2433720558785523,11.265136579330855,0.0,2.0,4.0,4.0,4.0,4.0,4.0,4.0,4.0,4.0,4.0,4.0,4.0,4.0,4.0,4.0,100.0,,,,,,,,,,,,,,,,,,,,,,,,,,,,,,,,,,,,,,,
12481,1754692292.113176,97.350200176239,1754692292.206398,64.0,0.0,4.303658212220142,-12.540122096102806,-3.900463981448212,8.664905781741908,-5.023122690846577,-6.260956903866628,-9.298572602616588,-4.3796145433177855,-4.9586401937779385,14.583684533737795,5.408905940721269,8.104952241468453,0.4443250149806488,12.069144863998844,3320.0,2.0,4.0,4.0,4.0,4.0,4.0,4.0,4.0,4.0,4.0,4.0,4.0,4.0,4.0,4.0,100.0,0.5493054986000061,0.52252197265625,-0.405059814453125,0.451904296875,0.9753566980361938,0.1674830317497253,0.0163576714694499,-44.7867546081543,-94.3587417602539,5.458152294158936,,,,,,,,,,,,,,,,,,,,,,,,,,,,,
12482,1754692292.120979,97.35800313949584,1754692292.214301,65.0,0.0,3.667851432964966,-20.91183332456208,-1.478755675250483,5.109600928369076,1.6137680551499614,-4.6566421003136895,-3.457374813988423,-4.442496393647758,-6.816600352610436,11.7446477200086,2.56057524890943,8.018106054645472,-3.573168782506769,5.835739925781894,3507.0,2.0,4.0,4.0,4.0,4.0,4.0,4.0,4.0,4.0,4.0,4.0,4.0,4.0,4.0,4.0,100.0,,,,,,,,,,,,,,,,,,,,,,,,,,,,,,,,,,,,,,,
12483,1754692292.128782,97.36580610275269,1754692292.222204,66.0,1.0,4.214364657301132,-23.38871193453741,-2.3994412806457035,3.009980017823011,2.87194067825277,-5.099989512188301,-4.286330607220577,-4.864223038674652,-6.943100686163405,10.261357656128723,3.9299154953708353,7.079366227048752,-2.476205922206816,5.33105191500664,3511.0,2.0,4.0,4.0,4.0,4.0,4.0,4.0,4.0,4.0,4.0,4.0,4.0,4.0,4.0,4.0,100.0,,,,,,,,,,,,,,,,,,,,,,,,,,,,,,,,,,,,,,,
12484,1754692292.136585,97.37360906600952,1754692292.230008,67.0,1.0,4.556283610801103,-24.66313211119538,-3.057109462429679,1.2216291577197185,3.8423764265380953,-5.278356587539719,-4.805368868060185,-5.032917785093531,-6.800572808775513,8.73627212365139,4.954614562619582,6.107410099822147,-1.4927774268250855,4.767884347349565,3589.0,2.0,4.0,4.0,4.0,4.0,4.0,4.0,4.0,4.0,4.0,4.0,4.0,4.0,4.0,4.0,100.0,,,,,,,,,,,,,,,,,,,,,,,,,,,,,,,,,,,,,,,
12485,1754692292.144388,97.38141202926636,1754692292.237811,68.0,1.0,4.839832851245944,-24.78719307954117,-3.356224304789805,-0.1325085698734369,4.666032442936,-5.111404681407123,-4.932846890935991,-4.866425779724807,-6.321167997072564,7.346122797337728,5.784782527450886,5.260250408750096,-0.5131973731561743,4.29533762429827,3613.0,2.0,4.0,4.0,4.0,4.0,4.0,4.0,4.0,4.0,4.0,4.0,4.0,4.0,4.0,4.0,100.0,0.6552003622055054,0.4188232421875,-0.53985595703125,0.322265625,0.9687647819519044,0.1577172577381134,0.0117189288139343,-45.45967864990234,-94.80735778808594,5.532921314239502,,,,,,,,,,,,,,,,,,,,,,,,,,,,,
12486,1754692292.152191,97.3892149925232,1754692292.245615,69.0,1.0,5.014419715958098,-24.012318310061204,-3.403915078050744,-1.1394167971710374,5.290399753752496,-4.71874011358554,-4.785622872667631,-4.48253676816816,-5.631355792609469,6.058879616362589,6.375387245464623,4.490383940243333,0.3797500555350837,3.8600550452389655,3488.0,2.0,4.0,4.0,4.0,4.0,4.0,4.0,4.0,4.0,4.0,4.0,4.0,4.0,4.0,4.0,100.0,,,,,,,,,,,,,,,,,,,,,,,,,,,,,,,,,,,,,,,
12487,1754692292.159994,97.39701795578004,1754692292.253418,70.0,1.0,5.068742700705201,-22.54710384474712,-3.2667092764162646,-1.852092868168171,5.706258348785099,-4.176339286235276,-4.442114980867615,-3.955468035522614,-4.815418542185313,4.872957932681032,6.726214030716704,3.784308743543164,1.148351784906339,3.44499100521179,3510.0,2.0,4.0,4.0,4.0,4.0,4.0,4.0,4.0,4.0,4.0,4.0,4.0,4.0,4.0,4.0,100.0,,,,,,,,,,,,,,,,,,,,,,,,,,,,,,,,,,,,,,,
12488,1754692292.167797,97.40482115745544,1754692292.261222,71.0,1.0,5.06380949786859,-20.519833301915185,-2.941495250380683,-2.259768553632,5.979134380751077,-3.487747403058563,-3.906212189688574,-3.287108876901528,-3.880232862077662,3.849135841725513,6.910013526249315,3.1941903599754937,1.832013235748548,3.10078064652322,3490.0,2.0,4.0,4.0,4.0,4.0,4.0,4.0,4.0,4.0,4.0,4.0,4.0,4.0,4.0,4.0,100.0,,,,,,,,,,,,,,,,,,,,,,,,,,,,,,,,,,,,,,,
12489,1754692292.1756,97.41262412071228,1754692292.269025,72.0,0.0,4.902518105094856,-18.201544016499923,-2.578909173193864,-2.5108929699125326,6.0175194958139,-2.8077484672647586,-3.337595783001092,-2.6307249591330617,-2.98403995394969,2.88347755133978,6.841986362692893,2.6108666751253224,2.315887845225376,2.7180434978137384,3596.0,2.0,4.0,4.0,4.0,4.0,4.0,4.0,4.0,4.0,4.0,4.0,4.0,4.0,4.0,4.0,100.0,0.6545271277427673,0.4183349609375,-0.5406494140625,0.32293701171875,0.9780422449111938,0.1674830317497253,0.0166018158197402,-44.86152267456055,-94.3587417602539,6.131074905395508,,,,,,,,,,,,,,,,,,,,,,,,,,,,,
12490,1754692292.183403,97.42042708396912,1754692292.276829,73.0,0.0,0.460853815971177,-15.627746469159092,-2.417146155299406,-2.7556149784429635,1.2621691631104568,-1.2559535398315802,-6.28202725787628,-3.847326886734436,2.675118012243047,0.6856848033419283,6.51243614774944,1.3448888789073408,3.078954246122976,3.4089191444238622,3593.0,2.0,4.0,4.0,4.0,4.0,4.0,4.0,4.0,4.0,4.0,4.0,4.0,4.0,4.0,4.0,100.0,,,,,,,,,,,,,,,,,,,,,,,,,,,,,,,,,,,,,,,
12491,1754692292.191206,97.42823004722597,1754692292.284532,74.0,0.0,-5.234070882029641,-11.53524161146686,-2.583759491034357,-1.4801961698116202,1.1683997195292477,3.918182393400116,-2.4788000144129683,-8.302169729773482,2.742784447483814,2.0902336682885334,5.450615248134113,2.0537575965314545,0.0108761262764573,1.2194885646332525,3598.0,2.0,4.0,4.0,4.0,4.0,4.0,4.0,4.0,4.0,4.0,4.0,4.0,4.0,4.0,4.0,100.0,,,,,,,,,,,,,,,,,,,,,,,,,,,,,,,,,,,,,,,
12492,1754692292.199009,97.4360330104828,1754692292.292335,75.0,0.0,-5.780676545441054,-6.8281967144639,-3.004394446405911,0.3983039166528783,3.3750529326503624,4.073532263350955,-1.6980387066163871,-12.481824270646882,-2.607680839010243,-1.4206093555994244,7.238518802427336,3.2412291472215315,2.363430399586889,2.7277598841706663,3552.0,2.0,4.0,4.0,4.0,4.0,4.0,4.0,4.0,4.0,4.0,4.0,4.0,4.0,4.0,4.0,100.0,,,,,,,,,,,,,,,,,,,,,,,,,,,,,,,,,,,,,,,
12493,1754692292.206812,97.44383597373962,1754692292.300038,76.0,0.0,-4.453521652881136,-3.83511892613933,-1.0445421724712105,5.700708182151175,4.922387184547915,6.076142213767071,-5.705429870456101,-10.32000905466839,-2.134970383513064,-6.701813753671559,5.527418108574693,0.3400442645406656,4.451473841731058,1.7542478441851015,3545.0,2.0,4.0,4.0,4.0,4.0,4.0,4.0,4.0,4.0,4.0,4.0,4.0,4.0,4.0,4.0,100.0,0.6536555886268616,0.4180908203125,-0.541015625,0.32440185546875,0.9770656824111938,0.1606469899415969,0.0087891966104507,-44.71198654174805,-94.05966186523438,3.738460302352905,,,,,,,,,,,,,,,,,,,,,,,,,,,,,
12494,1754692292.214615,97.45163917541504,1754692292.307842,77.0,0.0,-8.766756112354074,-6.081446800247818,0.109457809819446,1.4540976692154572,3.175762042650036,2.808299778908236,-7.451531255646499,-3.645567345762743,3.304444003313052,-0.9007110686094393,1.4905956971909973,-3.785520805954208,6.031384984884085,2.4693482651922523,3305.0,2.0,4.0,4.0,4.0,4.0,4.0,4.0,4.0,4.0,4.0,4.0,4.0,4.0,4.0,4.0,100.0,,,,,,,,,,,,,,,,,,,,,,,,,,,,,,,,,,,,,,,
12495,1754692292.222418,97.45944213867188,1754692292.315545,78.0,0.0,-9.06875355603114,-4.671180996156807,-0.210983067197219,-5.922942855007193,0.2705921359755052,-5.571564216977265,-3.721850757212621,1.8312526419329629,1.557531102411133,6.451661417096887,3.771571695151408,1.1730672450956376,7.709399378914043,9.14245775192586,3598.0,2.0,4.0,4.0,4.0,4.0,4.0,4.0,4.0,4.0,4.0,4.0,4.0,4.0,4.0,4.0,100.0,,,,,,,,,,,,,,,,,,,,,,,,,,,,,,,,,,,,,,,
12496,1754692292.230221,97.46724510192873,1754692292.323348,79.0,0.0,-4.1423510179375285,-0.0308813733491319,-2.7071656850030763,-1.7474057786312756,1.5197637529008148,-4.101668856191338,-2.2544628376818423,-0.707995951273972,-0.8244598947449617,1.0743325803163657,5.043816231340259,6.591752879291505,2.971109502464003,6.630417184522173,3552.0,2.0,4.0,4.0,4.0,4.0,4.0,4.0,4.0,4.0,4.0,4.0,4.0,4.0,4.0,4.0,100.0,,,,,,,,,,,,,,,,,,,,,,,,,,,,,,,,,,,,,,,
12497,1754692292.238024,97.47504806518556,1754692292.331051,80.0,0.0,-6.038232666617887,2.139893180844183,-4.358867070206316,1.762069292233491,2.302072137866844,1.9950657722899905,-4.682508114736493,-6.070687938598212,1.3798546682871802,-6.063754363925227,1.2915430244954678,0.939607822633434,2.163576900141152,1.6732346050032447,3545.0,2.0,4.0,4.0,4.0,4.0,4.0,4.0,4.0,4.0,4.0,4.0,4.0,4.0,4.0,4.0,100.0,0.6526176333427429,0.41796875,-0.5408935546875,0.32684326171875,0.9795071482658386,0.1523460745811462,0.030273899435997,-45.16060256958008,-93.76058959960938,5.23384428024292,,,,,,,,,,,,,,,,,,,,,,,,,,,,,
12498,1754692292.245827,97.48285102844238,1754692292.3387551,81.0,0.0,-9.08093837894546,6.822113868519523,-0.4431544081529637,-1.4085154072980686,1.094598151692594,1.9683522255405703,-0.6702503498053147,-4.535135618144864,1.8866076115047008,-5.88779782794461,0.9239219929778528,-3.351559816459371,8.506245115769275,7.527105581732599,3305.0,2.0,4.0,4.0,4.0,4.0,4.0,4.0,4.0,4.0,4.0,4.0,4.0,4.0,4.0,4.0,100.0,,,,,,,,,,,,,,,,,,,,,,,,,,,,,,,,,,,,,,,
12499,1754692292.25363,97.49065399169922,1754692292.346558,82.0,0.0,-10.515215974493714,6.586657515692167,1.5062144754399185,-5.969990092866084,1.4670334571439696,0.804593658421453,6.840326448336072,-0.1808077608673386,-0.7955137414471949,-3.3345435950580224,-1.1071755382220374,-1.7627985524320875,0.0684540019633175,6.789828058297843,3598.0,2.0,4.0,4.0,4.0,4.0,4.0,4.0,4.0,4.0,4.0,4.0,4.0,4.0,4.0,4.0,100.0,,,,,,,,,,,,,,,,,,,,,,,,,,,,,,,,,,,,,,,
12500,1754692292.261433,97.49845695495604,1754692292.354361,83.0,0.0,-8.373944160035137,2.866698586213204,0.4715383213078326,-5.711949525026796,3.7846304597509857,1.3611811309419295,8.253234345973794,3.295602380778689,1.4536265022056227,-1.2417676480686737,-6.675616711206715,1.658161224801404,-8.662653003777962,-0.8574885923745228,3552.0,2.0,4.0,4.0,4.0,4.0,4.0,4.0,4.0,4.0,4.0,4.0,4.0,4.0,4.0,4.0,100.0,,,,,,,,,,,,,,,,,,,,,,,,,,,,,,,,,,,,,,,
12501,1754692292.269236,97.50626015663148,1754692292.362064,84.0,0.0,-4.948048290116731,5.028590560999874,0.5877898118469602,-2.879036873272071,1.3948134079714691,-1.3699475397970673,3.635397613988516,4.659593340329138,5.481411653279338,-2.320020941504481,-6.140488825188186,1.2749657259241758,-0.5704805008581388,-2.6325175775714342,3545.0,2.0,4.0,4.0,4.0,4.0,4.0,4.0,4.0,4.0,4.0,4.0,4.0,4.0,4.0,4.0,100.0,0.6514619588851929,0.417724609375,-0.540771484375,0.32965087890625,0.9985504150390624,0.1582055389881134,0.0244144350290298,-44.71198654174805,-94.05966186523438,6.729228496551514,,,,,,,,,,,,,,,,,,,,,,,,,,,,,
12502,1754692292.277039,97.5140631198883,1754692292.369768,85.0,0.0,-4.691923122725655,10.424757696087056,2.277406975643828,-0.3806727098262286,-0.342694143479946,-2.166354491353502,1.3352278950388268,2.6011740168601705,1.047834261590708,-7.716706323705637,-1.2082511670523104,-0.562496620561376,2.4320139050187777,-2.2952385960961124,3305.0,2.0,4.0,4.0,4.0,4.0,4.0,4.0,4.0,4.0,4.0,4.0,4.0,4.0,4.0,4.0,100.0,,,,,,,,,,,,,,,,,,,,,,,,,,,,,,,,,,,,,,,
12503,1754692292.284842,97.52186608314514,1754692292.377571,86.0,0.0,-4.467178053806521,13.463035484909112,5.006436572607953,4.244908963803908,-0.7602476241554825,0.0013193100625983,3.6013221881703146,1.8235554059324104,-0.4978243169280461,-8.025230747385223,-1.584995254459983,-1.2622546917910142,-1.3208750168307972,-5.594029553488355,3598.0,2.0,4.0,4.0,4.0,4.0,4.0,4.0,4.0,4.0,4.0,4.0,4.0,4.0,4.0,4.0,100.0,,,,,,,,,,,,,,,,,,,,,,,,,,,,,,,,,,,,,,,
12504,1754692292.292645,97.52966904640198,1754692292.385374,87.0,0.0,-5.768892066873292,9.666504939371492,3.705478156746352,3.715330748298669,-2.9153941873618407,-1.394181261289674,2.79338285291496,4.139691116713578,11.997890397836358,-4.599106158178444,-3.5799077887330952,-3.427764005231353,1.1030554846559824,-10.487274189264014,3552.0,2.0,4.0,4.0,4.0,4.0,4.0,4.0,4.0,4.0,4.0,4.0,4.0,4.0,4.0,4.0,100.0,,,,,,,,,,,,,,,,,,,,,,,,,,,,,,,,,,,,,,,
12505,1754692292.300448,97.5374720096588,1754692292.3930771,88.0,0.0,-5.8260584846957215,4.272479165779743,1.2812344343188045,1.213570424175515,3.0486492766758886,-0.6368463784142193,1.4254737969013431,5.916407241466487,9.411194709944567,-4.21394947666883,-4.072688693186564,-2.102190982829569,-0.1572018776411994,-8.708209332396535,3545.0,2.0,4.0,4.0,4.0,4.0,4.0,4.0,4.0,4.0,4.0,4.0,4.0,4.0,4.0,4.0,100.0,0.6502692103385925,0.41717529296875,-0.5406494140625,0.3328857421875,1.0005035400390625,0.1591821163892746,0.0141603723168373,-45.45967864990234,-94.5082778930664,5.532921314239502,,,,,,,,,,,,,,,,,,,,,,,,,,,,,
12506,1754692292.308251,97.54527497291564,1754692292.400881,89.0,0.0,-1.9450808986774744,4.363620317451591,3.501676233583225,0.3903087339605235,7.782345567247944,2.3019461737277425,8.64279731567342,6.079017721125297,-8.991939990865262,-6.3223062220534985,-9.796720529437948,0.7328035040792429,-10.16790490451706,-3.0229678420713526,3305.0,2.0,4.0,4.0,4.0,4.0,4.0,4.0,4.0,4.0,4.0,4.0,4.0,4.0,4.0,4.0,100.0,,,,,,,,,,,,,,,,,,,,,,,,,,,,,,,,,,,,,,,
12507,1754692292.316054,97.55307817459106,1754692292.408584,90.0,0.0,0.8017000650070258,6.365684521320873,6.460956170426925,-0.6961025659902589,-0.1248771002574358,0.8333243046472489,13.281665031958257,7.8828163061944,-7.634353706104775,-4.03406101745486,-12.745244574775825,0.2620327438989989,-13.7624659401813,-3.4077009511715914,3598.0,2.0,4.0,4.0,4.0,4.0,4.0,4.0,4.0,4.0,4.0,4.0,4.0,4.0,4.0,4.0,100.0,,,,,,,,,,,,,,,,,,,,,,,,,,,,,,,,,,,,,,,
12508,1754692292.323857,97.5608811378479,1754692292.416387,91.0,0.0,-4.2415614218117526,5.377928209721517,3.8876601478699513,-1.5071034244148225,-2.651986571218117,1.0939807452599553,5.269924581586452,7.204594465722835,9.158160382977144,0.7085382898038688,-9.555471828217946,-2.559452347075535,-6.963712743343535,-6.149387280077576,3552.0,2.0,4.0,4.0,4.0,4.0,4.0,4.0,4.0,4.0,4.0,4.0,4.0,4.0,4.0,4.0,100.0,,,,,,,,,,,,,,,,,,,,,,,,,,,,,,,,,,,,,,,
12509,1754692292.33166,97.56868410110474,1754692292.42409,92.0,0.0,-5.564714757233332,6.254097493813106,-0.2062124219944507,0.2642101807216477,5.3742835924606425,5.099150734850582,-3.236919033523691,3.5325646244489235,3.3863137014052427,-0.3634908776186876,-5.795917545687416,-1.282708071512161,-2.093758101926824,-6.9684563051635,3545.0,2.0,4.0,4.0,4.0,4.0,4.0,4.0,4.0,4.0,4.0,4.0,4.0,4.0,4.0,4.0,100.0,0.6492507457733154,0.41644287109375,-0.54058837890625,0.33587646484375,0.9887846112251282,0.146486610174179,0.0224612802267074,-45.31013870239258,-94.6578140258789,5.084306240081787,,,,,,,,,,,,,,,,,,,,,,,,,,,,,
12510,1754692292.339463,97.57648706436156,1754692292.431894,93.0,0.0,0.7421765426192621,8.309790806564223,0.034171115563339,2.953224751390252,5.502582752898405,5.1261054033702464,-2.5023705038516084,1.008040002061506,-1.27234322000416,-3.930596659775375,-0.8778841789180944,-0.1995738821410952,-2.387811130571009,-3.5102528679963427,3305.0,2.0,4.0,4.0,4.0,4.0,4.0,4.0,4.0,4.0,4.0,4.0,4.0,4.0,4.0,4.0,100.0,,,,,,,,,,,,,,,,,,,,,,,,,,,,,,,,,,,,,,,
12511,1754692292.347266,97.5842900276184,1754692292.4395971,94.0,0.0,1.3275957969431147,5.873130878696429,4.628919687692815,3.0810854189362544,-1.5214426549232485,2.054879141356196,-3.40511556041156,-1.967694067010143,3.25744155761231,-4.82237285577321,-1.489188295443455,-3.1602053286728733,-6.126292789817398,1.674969988814155,3598.0,2.0,4.0,4.0,4.0,4.0,4.0,4.0,4.0,4.0,4.0,4.0,4.0,4.0,4.0,4.0,100.0,,,,,,,,,,,,,,,,,,,,,,,,,,,,,,,,,,,,,,,
12512,1754692292.355069,97.59209299087524,1754692292.4473,95.0,0.0,-0.2202874242213397,5.507205873014129,5.240671122293691,5.961928275430921,-0.2578572157974008,2.325908199118942,-7.574801321509028,-4.071525484360507,-1.0942952786819546,-6.981224958467635,-2.0769131561680183,1.1881678194293386,-5.03070109716549,4.20680254068094,3552.0,2.0,4.0,4.0,4.0,4.0,4.0,4.0,4.0,4.0,4.0,4.0,4.0,4.0,4.0,4.0,100.0,,,,,,,,,,,,,,,,,,,,,,,,,,,,,,,,,,,,,,,
12513,1754692292.362872,97.59989595413208,1754692292.4551032,96.0,0.0,-1.4620972585157404,4.016845753961235,-0.4918359712164317,2.7047411398748693,2.9821698070250307,0.0195483397742748,-7.023685972512311,-6.374026207205105,-5.6486737570621415,-10.684176706845363,3.308305749823404,4.029705946473342,0.8824017879763062,1.0137459121438326,3545.0,2.0,4.0,4.0,4.0,4.0,4.0,4.0,4.0,4.0,4.0,4.0,4.0,4.0,4.0,4.0,100.0,0.6485571265220642,0.4158935546875,-0.540283203125,0.33837890625,0.992202639579773,0.1596704125404358,0.0209964141249656,-45.31013870239258,-94.6578140258789,5.831998348236084,,,,,,,,,,,,,,,,,,,,,,,,,,,,,
12514,1754692292.370675,97.6076991558075,1754692292.462907,97.0,0.0,-2.8352518745506927,-0.1158988472117812,0.8068465328754542,-1.481991013170216,4.84620900052488,0.9224560154328288,-3.957434985073803,-5.058815983438933,-1.4600604030439968,-2.7477532562981537,8.885651706230249,3.983692893275304,3.749966377515932,0.3264345938999327,3305.0,2.0,4.0,4.0,4.0,4.0,4.0,4.0,4.0,4.0,4.0,4.0,4.0,4.0,4.0,4.0,100.0,,,,,,,,,,,,,,,,,,,,,,,,,,,,,,,,,,,,,,,
12515,1754692292.378478,97.61550211906432,1754692292.47071,98.0,0.0,-7.209506591220361,-1.5888494480623194,1.7133731382896258,2.117618703027347,2.582118527134753,4.081017740822063,-8.049443986964889,-5.913696584464105,-2.8504024433163977,3.111862469329936,1.8028697497156827,0.0714232274544883,-2.426470924050591,1.1604379969421643,3598.0,2.0,4.0,4.0,4.0,4.0,4.0,4.0,4.0,4.0,4.0,4.0,4.0,4.0,4.0,4.0,100.0,,,,,,,,,,,,,,,,,,,,,,,,,,,,,,,,,,,,,,,
12516,1754692292.386281,97.62330508232117,1754692292.478513,99.0,0.0,-2.941260493872136,4.158792288488172,0.8520350375723922,10.181558826119186,7.965320929948945,6.031277280281671,-6.310071719589899,-4.05840340325139,-4.0094054852907846,0.8086384942306779,-1.4023529059237203,0.1516557707340382,-3.018006323690173,1.390498132460749,3552.0,2.0,4.0,4.0,4.0,4.0,4.0,4.0,4.0,4.0,4.0,4.0,4.0,4.0,4.0,4.0,100.0,,,,,,,,,,,,,,,,,,,,,,,,,,,,,,,,,,,,,,,
12517,1754692292.394084,97.631108045578,1754692292.486216,100.0,0.0,2.0314634409874373,1.961021544076658,1.4811570985139326,6.823067413375185,10.308884923230409,-0.1718031104296358,-3.6199367705143857,-3.824628083516899,-5.739745523833761,-0.6783230519544929,0.0534946841703742,0.0313598218731669,0.2057262518372056,-2.882633238087209,3545.0,2.0,4.0,4.0,4.0,4.0,4.0,4.0,4.0,4.0,4.0,4.0,4.0,4.0,4.0,4.0,100.0,0.6482710242271423,0.41534423828125,-0.540283203125,0.339599609375,0.9980621337890624,0.1694361865520477,0.0356450751423835,-44.86152267456055,-95.40550994873048,5.831998348236084,,,,,,,,,,,,,,,,,,,,,,,,,,,,,
12518,1754692292.401887,97.63891100883484,1754692292.49392,101.0,0.0,6.013373878677811,-4.50329768077998,5.517130768535225,1.7423177507768912,3.7093617858515415,-7.174958570074779,-4.846591115161829,-3.764906376592336,-7.543240862833301,0.4438749468929188,2.440624669726475,2.260169078984944,2.782540061145454,-1.4013224501543675,3305.0,2.0,4.0,4.0,4.0,4.0,4.0,4.0,4.0,4.0,4.0,4.0,4.0,4.0,4.0,4.0,100.0,,,,,,,,,,,,,,,,,,,,,,,,,,,,,,,,,,,,,,,
12519,1754692292.40969,97.64671397209167,1754692292.5016232,102.0,0.0,11.080154319751642,-7.188252680413456,8.370182750463215,2.1806431418794148,-0.4766940171471958,-7.013092712277825,-6.713724135182559,-2.236011861156925,-4.639091820982316,-2.2443367493611674,3.621821496472336,3.319215686791182,0.4744541235046711,5.039002995022571,3598.0,2.0,4.0,4.0,4.0,4.0,4.0,4.0,4.0,4.0,4.0,4.0,4.0,4.0,4.0,4.0,100.0,,,,,,,,,,,,,,,,,,,,,,,,,,,,,,,,,,,,,,,
12520,1754692292.417493,97.65451717376708,1754692292.509426,103.0,0.0,11.22041500285036,-9.342210916779775,6.772452228191696,-0.4729640895245666,2.843823600420592,0.1943187501240117,-2.732205254526661,-1.6955171428519409,-1.5468839710072189,-1.1498541203829973,1.2121067198543187,0.614970253367801,-3.281830799686986,5.567407455552484,3552.0,2.0,4.0,4.0,4.0,4.0,4.0,4.0,4.0,4.0,4.0,4.0,4.0,4.0,4.0,4.0,100.0,,,,,,,,,,,,,,,,,,,,,,,,,,,,,,,,,,,,,,,
12521,1754692292.425296,97.66232013702393,1754692292.5171292,104.0,0.0,10.37533923753358,-14.11123058852695,2.158724179795854,-9.01697193492896,1.8892319290068824,0.7647879663466028,0.5441300036234225,-0.7700526712671945,-2.6545643026190646,5.476237059341884,-1.724768758059554,1.275969370240773,-4.1088668610173045,0.675266462728132,3545.0,2.0,4.0,4.0,4.0,4.0,4.0,4.0,4.0,4.0,4.0,4.0,4.0,4.0,4.0,4.0,100.0,0.4275284707546234,0.6240234375,-0.27423095703125,0.59381103515625,1.0131990909576416,0.1611352711915969,0.0478522926568985,-45.908294677734375,-97.05043029785156,5.23384428024292,,,,,,,,,,,,,,,,,,,,,,,,,,,,,
12522,1754692292.433099,97.67012310028076,1754692292.524933,105.0,0.0,14.430395198995312,-13.959057205144006,1.9257448259934904,-10.052061540861985,-3.580460271106574,-4.65429339008432,-0.2660897216871376,0.6546196087136309,-2.428237770642852,3.751619767368824,0.5773999294931969,4.691198727484618,-0.634596368132577,8.104060336743999,3305.0,2.0,4.0,4.0,4.0,4.0,4.0,4.0,4.0,4.0,4.0,4.0,4.0,4.0,4.0,4.0,100.0,,,,,,,,,,,,,,,,,,,,,,,,,,,,,,,,,,,,,,,
12523,1754692292.440902,97.6779260635376,1754692292.532736,106.0,0.0,11.726871690449258,-14.538712024265209,4.55418515512261,-6.865972333970461,-4.979624257729341,-3.606011102459746,-0.2077296332462026,2.106615852516512,2.782485985398722,-3.888981751618616,2.7533776395340794,0.6345563837268458,-0.5743133738515951,12.502070031339969,3598.0,2.0,4.0,4.0,4.0,4.0,4.0,4.0,4.0,4.0,4.0,4.0,4.0,4.0,4.0,4.0,100.0,,,,,,,,,,,,,,,,,,,,,,,,,,,,,,,,,,,,,,,
12524,1754692292.448705,97.68572902679443,1754692292.540539,107.0,0.0,6.069466715155585,-17.723143971009478,0.8252631779150477,-9.76101126468714,-5.6260334551443805,-0.1162443208332035,4.941677889004467,6.572438572298751,12.07574572598557,-4.9614510612109655,2.735719390506773,-1.7575461193555668,-5.345289894377203,3.677870938350651,3552.0,2.0,4.0,4.0,4.0,4.0,4.0,4.0,4.0,4.0,4.0,4.0,4.0,4.0,4.0,4.0,100.0,,,,,,,,,,,,,,,,,,,,,,,,,,,,,,,,,,,,,,,
12525,1754692292.456508,97.69353199005128,1754692292.548242,108.0,0.0,8.67241454469817,-8.4125572721006,-2.769238154609553,-9.7408725223801,-6.166836292008753,-1.8692855937135,9.35038910646503,7.989689952269458,7.897977718487112,-2.5754360393576974,1.3079944269250916,1.0967905018072486,-3.1190363149807183,0.0302334554420156,3545.0,2.0,4.0,4.0,4.0,4.0,4.0,4.0,4.0,4.0,4.0,4.0,4.0,4.0,4.0,4.0,100.0,0.4264700710773468,0.6240234375,-0.2742919921875,0.59454345703125,1.004898190498352,0.1484397649765014,0.0322270542383194,-45.16060256958008,-95.25597381591795,7.028305530548096,,,,,,,,,,,,,,,,,,,,,,,,,,,,,
12526,1754692292.464311,97.7013349533081,1754692292.555946,109.0,0.0,8.227211976856495,3.597564414757187,-0.1078128674010372,-6.039190875116503,-5.630254608598364,-1.0234104396138832,6.44609702050974,0.4972689364869325,-5.639879850752834,-3.3633112274663404,0.5643846101194754,-1.7925377646245693,6.592486135991237,1.6278543377422352,3305.0,2.0,4.0,4.0,4.0,4.0,4.0,4.0,4.0,4.0,4.0,4.0,4.0,4.0,4.0,4.0,100.0,,,,,,,,,,,,,,,,,,,,,,,,,,,,,,,,,,,,,,,
12527,1754692292.472114,97.70913815498352,1754692292.563749,110.0,0.0,0.1087127714449707,6.694529312721897,-0.1424349685639754,-6.2570161091757655,-7.544700697675125,3.15545827069036,3.794185608140197,-4.091823036636015,-2.30852654174123,-2.3146705410927098,2.76463570566466,-4.686590008901931,7.16967162508513,2.82864834023394,3598.0,2.0,4.0,4.0,4.0,4.0,4.0,4.0,4.0,4.0,4.0,4.0,4.0,4.0,4.0,4.0,100.0,,,,,,,,,,,,,,,,,,,,,,,,,,,,,,,,,,,,,,,
12528,1754692292.479917,97.71694111824036,1754692292.571452,111.0,0.0,-3.8246089167385264,7.643998993827353,-5.884174037744543,-7.711080953454967,-8.71089753584127,2.9442511536269365,5.789718961007765,0.790928568630278,9.139104793855694,-2.969069645739893,3.0017088933147704,-0.7630949897664152,-1.4195534644905194,2.239438401163369,3552.0,2.0,4.0,4.0,4.0,4.0,4.0,4.0,4.0,4.0,4.0,4.0,4.0,4.0,4.0,4.0,100.0,,,,,,,,,,,,,,,,,,,,,,,,,,,,,,,,,,,,,,,
12529,1754692292.48772,97.7247440814972,1754692292.579255,112.0,0.0,0.1667671537888964,13.114173605591075,-7.343654309232079,-5.366528791456403,-8.06798382868783,0.3880559465037549,7.953886633078582,3.112918626718056,8.753547322934082,-4.776670855015254,-0.8405747235451599,-1.1402673574821165,2.1501263211716832,0.9396448878601404,3545.0,2.0,4.0,4.0,4.0,4.0,4.0,4.0,4.0,4.0,4.0,4.0,4.0,4.0,4.0,4.0,100.0,0.4246529340744018,0.6239013671875,-0.27447509765625,0.59588623046875,1.0161287784576416,0.1386739909648895,0.048340581357479,-45.908294677734375,-96.30274200439452,4.785229206085205,,,,,,,,,,,,,,,,,,,,,,,,,,,,,
12530,1754692292.495523,97.73254704475404,1754692292.5869591,113.0,0.0,3.7508138461864178,20.38646405305161,-6.873506083062978,-4.811254219994964,-11.106690444830576,-0.5989559419265902,7.619032478756878,0.7876706839276153,4.848245082949404,3.1693837475151554,-5.118710215418389,-6.065603147759077,6.229115574371178,-2.027192983238649,3305.0,2.0,4.0,4.0,4.0,4.0,4.0,4.0,4.0,4.0,4.0,4.0,4.0,4.0,4.0,4.0,100.0,,,,,,,,,,,,,,,,,,,,,,,,,,,,,,,,,,,,,,,
12531,1754692292.503326,97.74035000801086,1754692292.5946622,114.0,0.0,-8.738754015437252,28.04941077555398,-3.1111574882829416,-3.923480462973629,-11.746269990998798,1.8688020432910264,7.679843539539917,4.071588802774869,5.155718020112573,8.528772055334713,-4.8034492564315485,-4.701756155344327,1.4768100920430527,-0.8365248516206236,3598.0,2.0,4.0,4.0,4.0,4.0,4.0,4.0,4.0,4.0,4.0,4.0,4.0,4.0,4.0,4.0,100.0,,,,,,,,,,,,,,,,,,,,,,,,,,,,,,,,,,,,,,,
12532,1754692292.511129,97.7481529712677,1754692292.6024652,115.0,0.0,-33.85532413200383,31.44878310977299,-0.8945160679755872,-2.7954800759213185,-7.712430443750804,3.688813890558208,7.542925817632181,7.6280601202551,4.165551395744274,0.538542815719552,-2.478510093518821,-3.785891382597242,1.269230955499438,-3.493632820105745,3552.0,2.0,4.0,4.0,4.0,4.0,4.0,4.0,4.0,4.0,4.0,4.0,4.0,4.0,4.0,4.0,100.0,,,,,,,,,,,16.66666603088379,1.0,77.35110473632812,1.0,98.0045166015625,1.0,57.8502197265625,1.0,63.8068733215332,0.0,100.16544342041016,1.0,58.34388732910156,1.0,57.37763214111328,1.0,54.82465744018555,3.0,57.18879318237305,1.0,72.81767272949219,1.0,82.35026550292969,1.0,63.1367301940918,3.0,56.76240921020508,1.0,88.91184997558594
12533,1754692292.518932,97.75595617294312,1754692292.6101692,116.0,0.0,-42.05502450330792,29.247840529466288,-5.203901698578335,-3.18034932863398,-7.106688673423975,6.857336475724736,6.81267153204621,6.834272048429597,5.523394746604339,1.306075286696199,-2.5194945634372345,-4.219781338100489,1.481385363403291,-8.120181805849057,3545.0,2.0,4.0,4.0,4.0,4.0,4.0,4.0,4.0,4.0,4.0,4.0,4.0,4.0,4.0,4.0,100.0,0.4218777418136596,0.62359619140625,-0.2745361328125,0.59814453125,0.9858548641204834,0.1381857097148895,0.0380865186452865,-46.65598678588867,-95.55504608154295,5.981536388397217,,,,,,,,,,,,,,,,,,,,,,,,,,,,,
12534,1754692292.526735,97.76375913619997,1754692292.617972,117.0,0.0,-26.81735718089061,27.430845112985992,-9.927432905591502,0.3306252575962958,-8.858592099326813,7.077770261398712,3.002771482161336,3.795410538866293,5.433551710133145,8.912761899592226,-3.093721402657536,-1.2416930209023462,-4.194549280873559,-4.032395284323627,3305.0,2.0,4.0,4.0,4.0,4.0,4.0,4.0,4.0,4.0,4.0,4.0,4.0,4.0,4.0,4.0,100.0,,,,,,,,,,,,,,,,,,,,,,,,,,,,,,,,,,,,,,,
12535,1754692292.534538,97.7715620994568,1754692292.625675,118.0,0.0,-17.838398305056614,26.53017999066429,-5.524565187346923,2.832879541672412,-7.307204073410901,-0.7855495680873332,-1.5419055558526793,2.1284689207519136,-0.0514969066993558,5.929778750557546,-1.0688635671421594,1.6879751372849228,-1.295619941520215,0.9269914812649064,3598.0,2.0,4.0,4.0,4.0,4.0,4.0,4.0,4.0,4.0,4.0,4.0,4.0,4.0,4.0,4.0,100.0,,,,,,,,,,,,,,,,,,,,,,,,,,,,,,,,,,,,,,,
12536,1754692292.542341,97.77936506271362,1754692292.6334782,119.0,0.0,-11.182343496207864,26.014314201740603,2.85590515032402,0.5175187658006735,-7.612861620200306,-8.01533491996986,-6.944131838917087,-0.4057817692104208,-3.9014993429372,0.6409949056743471,1.7037008525022657,5.533293276763402,9.202552971246746,5.842810732654584,3552.0,2.0,4.0,4.0,4.0,4.0,4.0,4.0,4.0,4.0,4.0,4.0,4.0,4.0,4.0,4.0,100.0,,,,,,,,,,,,,,,,,,,,,,,,,,,,,,,,,,,,,,,
12537,1754692292.550144,97.78716802597046,1754692292.6411822,120.0,0.0,-2.249300831487289,23.21139807227928,3.468747548702595,1.1894337978951626,-8.547894207868467,-8.442328327162159,-10.854623454005832,-2.8893963807627188,-4.981190265463283,1.635877560866902,-1.5394096677810012,6.150010344277234,6.068616053841879,5.365238238029633,3545.0,2.0,4.0,4.0,4.0,4.0,4.0,4.0,4.0,4.0,4.0,4.0,4.0,4.0,4.0,4.0,100.0,0.4188722670078277,0.6234130859375,-0.2750244140625,0.6002197265625,1.0161287784576416,0.1098649576306343,0.0317387655377388,-44.86152267456055,-97.19996643066406,5.831998348236084,,,,,,,,,,,,,,,,,,,,,,,,,,,,,
12538,1754692292.557947,97.7949709892273,1754692292.6489851,121.0,0.0,-0.794017057362197,16.9813651552179,1.506090423739607,7.30887351351501,-2.005067706740391,-3.964010894542497,-7.512672226340527,0.1324624877522922,-1.974678691911521,6.23806501872221,-3.624764842813164,3.591609436399977,-1.4545739196700822,0.998175027792314,3305.0,2.0,4.0,4.0,4.0,4.0,4.0,4.0,4.0,4.0,4.0,4.0,4.0,4.0,4.0,4.0,100.0,,,,,,,,,,,,,,,,,,,,,,,,,,,,,,,,,,,,,,,
12539,1754692292.56575,97.80277395248412,1754692292.656688,122.0,0.0,-1.6824425507644492,9.197774177275164,0.4138189940653092,9.080931608093463,1.6414859116115394,-1.8526995677390232,-3.640473508377568,1.2244431638795277,-4.0272873843806565,3.685038276010232,-0.8349655533471605,3.1842643889216333,-2.093904786627377,-3.400231575588009,3598.0,2.0,4.0,4.0,4.0,4.0,4.0,4.0,4.0,4.0,4.0,4.0,4.0,4.0,4.0,4.0,100.0,,,,,,,,,,,,,,,,,,,,,,,,,,,,,,,,,,,,,,,
12540,1754692292.573553,97.81057715415956,1754692292.6644912,123.0,0.0,3.9767344241241744,0.2628292857308452,-0.2544987760742287,6.168757759312598,3.4937095513156464,1.529359502218199,-2.4669865595845977,-2.008327318881016,-6.891506541181457,-2.3178592146344954,0.9040981101098852,4.02526770022962,-1.609311139784836,-3.263221685292933,3552.0,2.0,4.0,4.0,4.0,4.0,4.0,4.0,4.0,4.0,4.0,4.0,4.0,4.0,4.0,4.0,100.0,,,,,,,,,,,,,,,,,,,,,,,,,,,,,,,,,,,,,,,
12541,1754692292.581356,97.81838011741638,1754692292.672195,124.0,0.0,6.096636065656838,-10.339168042670082,-3.002582488514946,3.034187863671121,9.826119806780495,3.090609985292048,-2.594008105866834,-0.6160053872461333,0.1223025435667466,1.9639926121815,-2.068044150119277,0.8372612639115857,-1.2190998359560865,-2.054594910009456,3545.0,2.0,4.0,4.0,4.0,4.0,4.0,4.0,4.0,4.0,4.0,4.0,4.0,4.0,4.0,4.0,100.0,0.4157491326332092,0.6236572265625,-0.27520751953125,0.60205078125,1.0131990909576416,0.1059586480259895,0.0136720836162567,-45.16060256958008,-95.8541259765625,6.729228496551514,,,,,,,,,,,,,,,,,,,,,,,,,,,,,
12542,1754692292.589159,97.82618308067322,1754692292.6799982,125.0,0.0,3.2787535395592897,-17.225299991279684,-7.371236218077087,0.4380828739851097,12.627288252781142,1.9714953127010235,0.0359137671377141,3.3013643034588824,2.5521433180003044,8.380796883751515,-5.824849750294419,-3.4974609006020216,1.0459218395129994,-6.296705880816575,3305.0,2.0,4.0,4.0,4.0,4.0,4.0,4.0,4.0,4.0,4.0,4.0,4.0,4.0,4.0,4.0,100.0,,,,,,,,,,,,,,,,,,,,,,,,,,,,,,,,,,,,,,,
12543,1754692292.596962,97.83398604393004,1754692292.687701,126.0,0.0,5.9594870991651305,-21.581535150898503,-7.179126142966538,2.2647756400002663,7.8656621567926095,5.780490981058961,3.2761519866954814,0.578435911103611,-2.0917463051113145,6.931203249106261,-6.004246912830581,-4.327500043430405,0.523638742513981,-8.6173919827678,3598.0,2.0,4.0,4.0,4.0,4.0,4.0,4.0,4.0,4.0,4.0,4.0,4.0,4.0,4.0,4.0,100.0,,,,,,,,,,,,,,,,,,,,,,,,,,,,,,,,,,,,,,,
12544,1754692292.604765,97.84178900718688,1754692292.6955042,127.0,0.0,10.909736214137835,-28.77863269336788,-3.448147835882565,2.9229522367927245,10.038519045959646,4.024233176026854,-0.105407613680228,-3.1871390794313186,3.7975333358740215,9.686635026368975,-1.7903822847088406,-2.3517384180973124,-3.310051352775901,-8.355162689327273,52.0,2.0,4.0,4.0,4.0,4.0,4.0,4.0,4.0,4.0,4.0,4.0,4.0,4.0,4.0,4.0,100.0,,,,,,,,,,,,,,,,,,,,,,,,,,,,,,,,,,,,,,,
12545,1754692292.612568,97.84959197044373,1754692292.703208,0.0,0.0,12.57903340903303,-27.900238802544123,2.62699700178527,2.974911618714572,17.399465050113207,-4.872821435927477,-4.837820008204659,-1.8433682455014664,3.88335110891839,12.887233960907082,2.460535367968617,-0.7475284431260718,-4.517078400554652,-5.187370408129851,3306.0,2.0,4.0,4.0,4.0,4.0,4.0,4.0,4.0,4.0,4.0,4.0,4.0,4.0,4.0,4.0,100.0,0.4126275181770324,0.62420654296875,-0.27545166015625,0.603515625,0.9858548641204834,0.0703135728836059,0.030273899435997,-46.65598678588867,-97.05043029785156,4.187075614929199,,,,,,,,,,,,,,,,,,,,,,,,,,,,,
12546,1754692292.620371,97.85739517211914,1754692292.7110112,1.0,0.0,13.748889336128912,-15.2608227371,4.535575695758041,7.670666715855248,12.156321943486716,-5.856439319826961,-5.801049457788224,-1.3106425762164804,-10.7355313167389,8.695796042735026,0.1898769712908574,-0.8596141954847667,-3.2330976468359154,-1.1917155065787597,3514.0,2.0,4.0,4.0,4.0,4.0,4.0,4.0,4.0,4.0,4.0,4.0,4.0,4.0,4.0,4.0,100.0,,,,,,,,,,,,,,,,,,,,,,,,,,,,,,,,,,,,,,,
12547,1754692292.628174,97.86519813537598,1754692292.718714,2.0,0.0,16.05400884745046,-7.970647899297944,1.854362200437265,9.775462054198726,5.519204353748648,-1.60500957579319,-4.216431141571263,-4.111667134004108,-15.070457798238692,6.951933949171291,-1.869024975793252,0.1317252379654405,-1.557276820039931,1.6376867134791269,3504.0,2.0,4.0,4.0,4.0,4.0,4.0,4.0,4.0,4.0,4.0,4.0,4.0,4.0,4.0,4.0,100.0,,,,,,,,,,,,,,,,,,,,,,,,,,,,,,,,,,,,,,,
12548,1754692292.635977,97.8730010986328,1754692292.726517,3.0,0.0,13.701425293698549,-9.077154538874538,1.422992724961432,7.260692593336671,8.325397221151206,-2.9314647690328,-4.658623954829864,-7.239562511934082,-8.579970737569283,6.507607967466583,1.942351829750578,1.7466536162271495,-5.542509990321605,1.512992575778526,3606.0,2.0,4.0,4.0,4.0,4.0,4.0,4.0,4.0,4.0,4.0,4.0,4.0,4.0,4.0,4.0,100.0,,,,,,,,,,,,,,,,,,,,,,,,,,,,,,,,,,,,,,,
12549,1754692292.64378,97.88080406188963,1754692292.734221,4.0,0.0,7.4296423232297,-8.443832218321631,3.0040611051560973,10.360293492790106,9.256609956478089,-2.6702772188016297,-2.2706942452362,-7.084881431765325,-3.5644092376467142,1.9270355729765924,5.55290950427684,0.2545952877615036,-8.95685855314332,-2.2332207684864898,3616.0,2.0,4.0,4.0,4.0,4.0,4.0,4.0,4.0,4.0,4.0,4.0,4.0,4.0,4.0,4.0,100.0,0.4104800820350647,0.6246337890625,-0.27581787109375,0.6043701171875,0.9795071482658386,0.0869153887033462,0.0209964141249656,-47.2541389465332,-97.4990463256836,6.131074905395508,,,,,,,,,,,,,,,,,,,,,,,,,,,,,
12550,1754692292.651583,97.88860702514648,1754692292.7420242,5.0,0.0,4.956294137936709,-11.447398935514286,-1.024732837009708,9.1134171062335,5.83885972437696,0.6546615772603559,-2.9877428920850093,-5.153392635834791,0.913952653069316,0.4993200422395034,4.454757683134119,-2.187234567512462,-0.322981659096115,-4.287311963016293,3502.0,2.0,4.0,4.0,4.0,4.0,4.0,4.0,4.0,4.0,4.0,4.0,4.0,4.0,4.0,4.0,100.0,,,,,,,,,,,,,,,,,,,,,,,,,,,,,,,,,,,,,,,
12551,1754692292.659386,97.89640998840332,1754692292.749727,6.0,0.0,6.942061055809404,-18.054092519825303,-3.6418086777417775,-0.6095484955163784,6.0901765470893,-1.8479603374236149,-4.982200606020911,-2.527410183572215,-0.9559219082922256,1.2115634471709882,3.661927777321012,0.1537996647833779,6.093565068476323,0.913550035529056,3496.0,2.0,4.0,4.0,4.0,4.0,4.0,4.0,4.0,4.0,4.0,4.0,4.0,4.0,4.0,4.0,100.0,,,,,,,,,,,,,,,,,,,,,,,,,,,,,,,,,,,,,,,
12552,1754692292.667189,97.90421295166016,1754692292.75753,7.0,0.0,6.46360604896816,-14.387796160585566,0.0660614884457402,-3.7624271690876574,6.586547043007869,-3.8836999180909686,-0.8200409210496389,-1.2511510635328875,-5.595424274705891,-0.3440376699624892,3.476973858217008,2.3514149077298327,0.2832065692400931,4.919389134528302,3501.0,2.0,4.0,4.0,4.0,4.0,4.0,4.0,4.0,4.0,4.0,4.0,4.0,4.0,4.0,4.0,100.0,,,,,,,,,,,,,,,,,,,,,,,,,,,,,,,,,,,,,,,
12553,1754692292.674992,97.91201615333556,1754692292.765234,8.0,0.0,3.5658682400484167,-7.334784442185196,3.910793056499074,-0.5778319661827709,2.732037582926182,-2.4706234706565056,0.0222199468247481,-0.2940538799094838,-2.140330305052089,-1.541930352962595,2.2545428727624994,2.715000932736416,-3.83549068281252,-0.4376172482167249,3587.0,2.0,4.0,4.0,4.0,4.0,4.0,4.0,4.0,4.0,4.0,4.0,4.0,4.0,4.0,4.0,100.0,0.4105606079101562,0.6251220703125,-0.27606201171875,0.60369873046875,0.9712062478065492,0.0742198824882507,0.0244144350290298,-45.16060256958008,-97.05043029785156,5.23384428024292,,,,,,,,,,,,,,,,,,,,,,,,,,,,,
12554,1754692292.682795,97.9198191165924,1754692292.7730372,9.0,0.0,3.583161833802393,-6.531507857841092,5.642800057281335,-0.2667568966863598,3.227606615092469,-3.7742477671868926,-4.202331556778603,-0.5976333472172826,0.2912624486538391,1.0646424886807893,2.6576871336136776,1.106938932678446,-0.481892992536217,-4.076237430704708,3608.0,2.0,4.0,4.0,4.0,4.0,4.0,4.0,4.0,4.0,4.0,4.0,4.0,4.0,4.0,4.0,100.0,,,,,,,,,,,,,,,,,,,,,,,,,,,,,,,,,,,,,,,
12555,1754692292.690598,97.92762207984924,1754692292.78074,10.0,0.0,2.7212956253605114,-5.605798972711597,6.53665699141888,0.7924991507332777,3.596379090886188,-3.219880854272702,-6.139195496503049,-4.379997679250806,1.2099962398959576,-0.1728296621232914,2.7589388892473323,-2.87251599653078,0.887193974048472,0.6542415228885545,3614.0,2.0,4.0,4.0,4.0,4.0,4.0,4.0,4.0,4.0,4.0,4.0,4.0,4.0,4.0,4.0,100.0,,,,,,,,,,,,,,,,,,,,,,,,,,,,,,,,,,,,,,,
12556,1754692292.698401,97.93542504310608,1754692292.788543,11.0,0.0,-5.1519082154398745,0.5348128188421981,6.074876198904946,0.9712592593988632,-1.020559755830476,3.060191679454107,-5.53043073725425,-4.109234718346528,7.237183333673016,-7.854102474060568,4.449541775601261,-0.7459124807508886,-2.225266350873511,3.5347095481062354,3542.0,2.0,4.0,4.0,4.0,4.0,4.0,4.0,4.0,4.0,4.0,4.0,4.0,4.0,4.0,4.0,100.0,,,,,,,,,,,,,,,,,,,,,,,,,,,,,,,,,,,,,,,
12557,1754692292.706204,97.94322800636292,1754692292.796247,12.0,0.0,-10.138501016321555,0.4915129656552892,5.072016499121816,-0.8793741172433727,-8.72435691889072,5.946182572055164,-5.177721786666865,-1.088656158276848,2.453790525452092,-10.64075794501636,8.365885517952535,3.903764722394641,-1.8635719662380268,2.16025581492309,3557.0,2.0,4.0,4.0,4.0,4.0,4.0,4.0,4.0,4.0,4.0,4.0,4.0,4.0,4.0,4.0,100.0,0.6392320990562439,0.40997314453125,-0.546630859375,0.35284423828125,0.9941558241844176,0.0991226062178611,0.027832455933094,-47.2541389465332,-96.75135803222656,6.131074905395508,,,,,,,,,,,,,,,,,,,,,,,,,,,,,
12558,1754692292.714007,97.95103096961977,1754692292.80395,13.0,0.0,-6.610493917184897,-9.290679046117305,3.9597471882754576,-1.043092418086701,-13.360733139520846,2.0187339239529933,-4.020361601615434,1.511825801128623,-2.820087793286632,-1.368204815524507,7.479786853101984,5.416836387010051,5.159773460548138,1.7614397151562002,3308.0,2.0,4.0,4.0,4.0,4.0,4.0,4.0,4.0,4.0,4.0,4.0,4.0,4.0,4.0,4.0,100.0,,,,,,,,,,,,,,,,,,,,,,,,,,,,,,,,,,,,,,,
12559,1754692292.72181,97.95883417129517,1754692292.811753,14.0,0.0,-1.9344529418113725,-18.06853616961834,1.4847227437657295,-4.941314643728305,-12.607018206053084,-3.9483192721964713,-3.854847293103461,4.02875647683814,6.260645320917234,5.179509229161255,0.1241169106337167,5.367586057665818,1.8869700817523665,2.213053294121352,3614.0,2.0,4.0,4.0,4.0,4.0,4.0,4.0,4.0,4.0,4.0,4.0,4.0,4.0,4.0,4.0,100.0,,,,,,,,,,,,,,,,,,,,,,,,,,,,,,,,,,,,,,,
12560,1754692292.729613,97.966637134552,1754692292.819556,15.0,0.0,4.648316330375934,-15.029368832527863,1.8662069531673355,-7.889313962120099,-8.911797296526487,-2.137615923705738,-0.4059639056318644,5.855972624700286,10.52899943414232,0.2707053904318002,-1.8154436561595448,5.662168814198964,-7.197241048857762,4.77103586037984,3542.0,2.0,4.0,4.0,4.0,4.0,4.0,4.0,4.0,4.0,4.0,4.0,4.0,4.0,4.0,4.0,100.0,,,,,,,,,,,,,,,,,,,,,,,,,,,,,,,,,,,,,,,
12561,1754692292.737416,97.97444009780884,1754692292.82726,16.0,0.0,9.616634341565003,-9.261041376062876,2.7469765765651744,-7.464835828587894,-11.669761292525692,0.5633987934581626,2.970641324416391,2.8446302630484013,-0.9443124084343992,-4.598192134864149,-0.9728193799617486,2.120358160799441,-1.760039870610882,3.838064172024332,0.0,2.0,4.0,4.0,4.0,4.0,4.0,4.0,4.0,4.0,4.0,4.0,4.0,4.0,4.0,4.0,100.0,0.6406993269920349,0.41058349609375,-0.546142578125,0.3502197265625,1.005386471748352,0.0952162966132164,0.0102540627121925,-47.2541389465332,-96.1531982421875,5.831998348236084,,,,,,,,,,,,,,,,,,,,,,,,,,,,,
12562,1754692292.745219,97.98224306106567,1754692292.834963,17.0,0.0,11.405606294376412,-10.452974594509216,3.6590786357551215,-4.733800173699819,-12.361294247046317,1.4950741793795714,4.38323867708732,2.100073911126856,-4.503609209632032,-3.0237300590561063,-1.5218593434901777,1.067561264192591,1.7846850061496298,2.601804251329668,0.0,2.0,4.0,4.0,4.0,4.0,4.0,4.0,4.0,4.0,4.0,4.0,4.0,4.0,4.0,4.0,100.0,,,,,,,,,,,,,,,,,,,,,,,,,,,,,,,,,,,,,,,
12563,1754692292.753022,97.99004602432252,1754692292.842766,18.0,0.0,8.913737599954402,-16.979718778648476,2.961214949116311,-2.6245072067895308,-6.021436170638481,1.398267506904176,6.657605081763904,2.772285696196377,1.9096655047405875,-7.715764196209875,-1.090223182130103,0.6947329026006628,-8.890318664507049,3.780627144814389,0.0,2.0,4.0,4.0,4.0,4.0,4.0,4.0,4.0,4.0,4.0,4.0,4.0,4.0,4.0,4.0,100.0,,,,,,,,,,,,,,,,,,,,,,,,,,,,,,,,,,,,,,,
12564,1754692292.760825,97.99784898757936,1754692292.850569,19.0,0.0,4.242275696706145,-16.825003815259663,1.6043489275743354,-3.0307114600319096,-2.847655963913951,5.74828479643196,10.522088141437903,2.2399787344101583,6.026303816386587,-7.994981002237694,-0.6663683138950205,-2.6945254699895145,-6.642592946941988,1.1526578491397572,0.0,2.0,4.0,4.0,4.0,4.0,4.0,4.0,4.0,4.0,4.0,4.0,4.0,4.0,4.0,4.0,100.0,,,,,,,,,,,,,,,,,,,,,,,,,,,,,,,,,,,,,,,
12565,1754692292.768628,98.00565195083618,1754692292.858273,20.0,0.0,2.5766379614617563,-11.172159231637352,0.9922851239709872,-5.075960847705346,-1.3424197973824905,11.97226893435368,12.48051150474953,4.350959602890043,7.6119181679334815,1.047651524442017,-5.418512712063375,-3.188057482796239,0.3914246210240435,-4.828481553610118,0.0,2.0,4.0,4.0,4.0,4.0,4.0,4.0,4.0,4.0,4.0,4.0,4.0,4.0,4.0,4.0,100.0,0.6417304873466492,0.41143798828125,-0.545654296875,0.34808349609375,1.004898190498352,0.1079118028283119,0.022949568927288,-45.75875473022461,-96.75135803222656,5.831998348236084,,,,,,,,,,,,,,,,,,,,,,,,,,,,,
12566,1754692292.776431,98.0134551525116,1754692292.865976,21.0,0.0,4.708564007612523,-7.02718378356073,-1.2259637746901433,-8.475382853074251,3.729625861855794,9.662538405807055,9.84679780259424,5.195822721156702,4.721468380949801,-1.0761256985183252,-9.084506668429611,-1.2511618930961674,-5.1381183432942805,-4.468288540819202,0.0,2.0,4.0,4.0,4.0,4.0,4.0,4.0,4.0,4.0,4.0,4.0,4.0,4.0,4.0,4.0,100.0,,,,,,,,,,,,,,,,,,,,,,,,,,,,,,,,,,,,,,,
12567,1754692292.784234,98.02125811576845,1754692292.873779,22.0,0.0,7.851125227549232,-3.4104478930308915,-3.128375512842581,-8.114049901843032,3.128139281414292,4.551798026218307,5.910484527433141,4.783842268363401,1.2529026250248307,-9.308547952786853,-6.251453037542092,-0.4548170734479981,-2.849250788285758,0.9100513349497988,0.0,2.0,4.0,4.0,4.0,4.0,4.0,4.0,4.0,4.0,4.0,4.0,4.0,4.0,4.0,4.0,100.0,,,,,,,,,,,,,,,,,,,,,,,,,,,,,,,,,,,,,,,
12568,1754692292.792037,98.02906107902528,1754692292.881582,23.0,0.0,5.37208474889718,-3.598853392563285,-4.66328340882086,-8.647910143361912,-3.622919885887711,2.404868215342105,6.031348936735924,6.805158509961132,4.279314002274589,-0.6816496915625407,-4.719022189125951,0.1487058734269908,0.2735775586029945,0.7969573203668574,0.0,2.0,4.0,4.0,4.0,4.0,4.0,4.0,4.0,4.0,4.0,4.0,4.0,4.0,4.0,4.0,100.0,,,,,,,,,,,,,,,,,,,,,,,,,,,,,,,,,,,,,,,
12569,1754692292.79984,98.0368640422821,1754692292.889286,24.0,0.0,2.349883627678821,-4.561537522651804,-3.701524380551916,-10.028831524927853,-1.3066966082666909,3.2578687224880127,9.978518154494225,7.747148870885042,2.6206224571827192,5.20812000670395,-6.600482962554167,0.1375169666092119,-8.42793280451059,1.203866737511646,0.0,2.0,4.0,4.0,4.0,4.0,4.0,4.0,4.0,4.0,4.0,4.0,4.0,4.0,4.0,4.0,100.0,0.6424580216407776,0.4119873046875,-0.54547119140625,0.34637451171875,0.9965972304344176,0.121095597743988,0.0097657740116119,-45.75875473022461,-97.94766235351562,6.43015193939209,,,,,,,,,,,,,,,,,,,,,,,,,,,,,
12570,1754692292.807643,98.04466700553894,1754692292.896989,25.0,0.0,3.313488869711307,-2.722367295161405,-0.4054476140018437,-9.272539339856904,7.7797412017425245,5.005798183690729,10.860702392275869,7.257202592533702,-3.8712650260786745,-7.9589005810663025,-5.0352170994793255,-1.0998250795828994,-9.547286137873757,4.814835060902112,0.0,2.0,4.0,4.0,4.0,4.0,4.0,4.0,4.0,4.0,4.0,4.0,4.0,4.0,4.0,4.0,100.0,,,,,,,,,,,,,,,,,,,,,,,,,,,,,,,,,,,,,,,
12571,1754692292.815446,98.05246996879578,1754692292.904792,26.0,0.0,2.114029323355908,-4.048705926602679,1.5654730400067365,-7.859889049353796,6.617699991857307,2.7439433147094405,7.90875123180308,5.043491506097553,0.274427017152675,-14.135100250189907,-1.45120242616008,-2.5255727385090267,-3.816746415591069,1.0956488850354162,0.0,2.0,4.0,4.0,4.0,4.0,4.0,4.0,4.0,4.0,4.0,4.0,4.0,4.0,4.0,4.0,100.0,,,,,,,,,,,,,,,,,,,,,,,,,,,,,,,,,,,,,,,
12572,1754692292.823249,98.0602731704712,1754692292.912595,27.0,0.0,-4.440357152348753,0.0115491941621428,0.7316473665748333,-2.0278735634526868,4.49357311562855,-0.3710020449509841,4.580395221460293,3.34031415623096,9.118494116716846,-6.723068624974331,0.6867223555388762,-2.099113984097841,-0.2722434800053008,-6.8846282774059375,0.0,2.0,4.0,4.0,4.0,4.0,4.0,4.0,4.0,4.0,4.0,4.0,4.0,4.0,4.0,4.0,100.0,,,,,,,,,,,,,,,,,,,,,,,,,,,,,,,,,,,,,,,
12573,1754692292.831052,98.06807613372804,1754692292.920299,28.0,0.0,-7.681818581611338,6.90403292233313,-0.8607581308855572,1.137711288823624,3.786916121212556,0.7384549527683646,1.2289742698309,3.1182473189197424,4.178606087266047,-3.669769284279397,-3.104485965011378,-2.2523023153520683,-0.0058414190936275,-4.103585278513862,0.0,2.0,4.0,4.0,4.0,4.0,4.0,4.0,4.0,4.0,4.0,4.0,4.0,4.0,4.0,4.0,100.0,0.6426071524620056,0.412353515625,-0.54571533203125,0.34527587890625,1.0136873722076416,0.1337911039590835,0.0195315480232238,-46.65598678588867,-97.05043029785156,5.981536388397217,,,,,,,,,,,,,,,,,,,,,,,,,,,,,
12574,1754692292.838855,98.07587909698486,1754692292.928002,29.0,0.0,0.9061363197034212,6.739806877052672,-0.2191278870517976,2.854313686101761,0.9856398296579414,1.0745326220199445,0.255300934736681,1.3535810983303804,-3.461022990375511,-3.867571065219124,-5.749601568018932,-0.897217088641753,-3.458845828754818,9.218037670818887,0.0,2.0,4.0,4.0,4.0,4.0,4.0,4.0,4.0,4.0,4.0,4.0,4.0,4.0,4.0,4.0,100.0,,,,,,,,,,,,,,,,,,,,,,,,,,,,,,,,,,,,,,,
12575,1754692292.846658,98.0836820602417,1754692292.935805,30.0,0.0,5.429193540426127,5.726792953879681,1.9278108403908616,3.4259701667805302,-0.9746247120675662,-7.49648558451338,-3.5841833206324054,-3.380498465326696,1.6804896220581895,-1.0587014981939546,-4.686117370671241,1.9637373669910403,-4.805475221839174,13.135103850682183,0.0,2.0,4.0,4.0,4.0,4.0,4.0,4.0,4.0,4.0,4.0,4.0,4.0,4.0,4.0,4.0,100.0,,,,,,,,,,,,,,,,,,,,,,,,,,,,,,,,,,,,,,,
12576,1754692292.854461,98.09148502349854,1754692292.943608,31.0,0.0,0.528611602855392,4.720027414604658,5.400543506328461,1.3338931264677854,2.000937105951209,-10.06469192050298,-3.9298452854401935,-2.6134173080592404,2.878453021019425,-1.593924049498753,-6.953308407175598,4.683340588843578,-5.356157389032831,1.3952917867043766,0.0,2.0,4.0,4.0,4.0,4.0,4.0,4.0,4.0,4.0,4.0,4.0,4.0,4.0,4.0,4.0,100.0,,,,,,,,,,,,,,,,,,,,,,,,,,,,,,,,,,,,,,,
12577,1754692292.862264,98.09928798675536,1754692292.9512122,32.0,0.0,-0.8442426474251761,3.313951633033525,3.3275141716936787,2.6680822018475965,2.725983609427772,-1.1310079298381197,1.3742457457243518,0.2589716878507033,-8.830556770156704,-3.544278244146767,-5.304191850268467,3.460316293001256,-7.01274749336369,-1.5077544234403604,0.0,2.0,4.0,4.0,4.0,4.0,4.0,4.0,4.0,4.0,4.0,4.0,4.0,4.0,4.0,4.0,100.0,0.6421602368354797,0.4124755859375,-0.5462646484375,0.3450927734375,1.0210117101669312,0.1103532463312149,0.0244144350290298,-47.85229110717773,-97.05043029785156,5.23384428024292,,,,,,,,,,,,,,,,,,,,,,,,,,,,,
12578,1754692292.870067,98.1070909500122,1754692292.9590151,33.0,0.0,-2.956270556435925,8.055144422466014,-5.173194393479776,4.745642417980776,-3.554221547723614,1.940823003467244,-3.056554617188453,-2.42340479836696,-7.4252364480263395,2.2080688234040053,0.7837359807557505,0.0956724401729616,3.4079297241913764,7.629016155272325,0.0,2.0,4.0,4.0,4.0,4.0,4.0,4.0,4.0,4.0,4.0,4.0,4.0,4.0,4.0,4.0,100.0,,,,,,,,,,,,,,,,,,,,,,,,,,,,,,,,,,,,,,,
12579,1754692292.87787,98.11489415168762,1754692292.966718,34.0,0.0,-10.720186763121774,7.018903529302634,-8.732315074991448,1.9477735471948563,-8.328481813669669,-3.470012615556925,-11.073394015324766,-3.449778177824328,4.879113373274095,6.320491691632242,3.671336838720663,-1.570442843770934,16.053381024550845,7.334028572288616,0.0,2.0,4.0,4.0,4.0,4.0,4.0,4.0,4.0,4.0,4.0,4.0,4.0,4.0,4.0,4.0,100.0,,,,,,,,,,,,,,,,,,,,,,,,,,,,,,,,,,,,,,,
12580,1754692292.885673,98.12269711494446,1754692292.9745212,35.0,0.0,-14.133023708109874,-2.991497509678254,-5.343889456436216,-0.3534993072468637,-6.570322263222522,-3.423979017223417,-7.559928623759049,-0.0035465584784901,6.023142436077535,5.939184232543369,5.56892301120007,0.98155496546525,14.00313535725769,5.56593387239792,0.0,2.0,4.0,4.0,4.0,4.0,4.0,4.0,4.0,4.0,4.0,4.0,4.0,4.0,4.0,4.0,100.0,,,,,,,,,,,,,,,,,,,,,,,,,,,,,,,,,,,,,,,
12581,1754692292.893476,98.1305000782013,1754692292.982325,36.0,0.0,-13.187272530515372,-2.777400659078637,-8.47868340815802,3.8648737559763617,-4.088061560637186,-0.6976038971781122,-3.6016668632279902,-1.711200125531093,3.1604480830577018,3.471437461312064,3.64786941212634,-1.4918834114802737,9.37003189781177,4.342767975919571,0.0,2.0,4.0,4.0,4.0,4.0,4.0,4.0,4.0,4.0,4.0,4.0,4.0,4.0,4.0,4.0,100.0,0.6408857107162476,0.412353515625,-0.547119140625,0.34625244140625,1.0014801025390625,0.1103532463312149,0.0122072175145149,-46.20737075805664,-96.30274200439452,4.785229206085205,,,,,,,,,,,,,,,,,,,,,,,,,,,,,
12582,1754692292.901279,98.13830304145812,1754692292.990028,37.0,0.0,-11.939238101300989,3.725097041690617,-8.9853496563357,4.278876036754184,-3.000625474916604,1.616588199786122,-3.688928257327177,-3.8396263922824687,4.676872313945125,5.712208302046122,1.9994541792896712,-4.874518910313498,12.92587487935208,-1.0908353329943452,0.0,2.0,4.0,4.0,4.0,4.0,4.0,4.0,4.0,4.0,4.0,4.0,4.0,4.0,4.0,4.0,100.0,,,,,,,,,,,,,,,,,,,,,,,,,,,,,,,,,,,,,,,
12583,1754692292.909082,98.14610600471497,1754692292.997731,38.0,0.0,-7.99165298835004,3.542088156146121,-2.964403166883756,-0.708811902217974,-2.5660880271004203,1.466657882771699,-1.4124311702905177,-2.413421418022324,-0.4585950263887639,6.607620982824585,3.4273188494087776,-0.3166160946481682,9.286967777721486,0.4158988793872709,0.0,2.0,4.0,4.0,4.0,4.0,4.0,4.0,4.0,4.0,4.0,4.0,4.0,4.0,4.0,4.0,100.0,,,,,,,,,,,,,,,,,,,,,,,,,,,,,,,,,,,,,,,
12584,1754692292.916885,98.1539089679718,1754692293.0055342,39.0,0.0,-4.044349747228409,4.64643844672031,-3.770871135430809,0.9286546148445608,1.9308301133827968,-3.731527067166155,-2.24879042992103,-2.6822984402797942,-7.63180470835465,0.2446974592457422,3.90349882416416,2.649430699441325,4.043953451394316,2.9090030504525544,0.0,2.0,4.0,4.0,4.0,4.0,4.0,4.0,4.0,4.0,4.0,4.0,4.0,4.0,4.0,4.0,100.0,,,,,,,,,,,,,,,,,,,,,,,,,,,,,,,,,,,,,,,
12585,1754692292.924688,98.16171216964722,1754692293.0132382,40.0,0.0,-1.5682612593863323,8.112443682173392,-2.9469765642942605,6.412703284849243,8.28191158126819,-3.011621958123584,-3.663140963098982,-3.6175429224284974,-2.734563875678674,3.1803229508978745,2.751432834098153,0.6975436399635271,3.632124232523296,-3.366949926419608,0.0,2.0,4.0,4.0,4.0,4.0,4.0,4.0,4.0,4.0,4.0,4.0,4.0,4.0,4.0,4.0,100.0,0.6395718455314636,0.41180419921875,-0.5482177734375,0.34759521484375,1.009292721748352,0.0961928740143776,0.0107423514127731,-46.05783081054688,-96.45227813720705,5.383382797241211,,,,,,,,,,,,,,,,,,,,,,,,,,,,,
12586,1754692292.932491,98.16951513290404,1754692293.0210412,41.0,0.0,-0.4834579964788759,11.34911232695157,0.8465007019842119,5.289204459990458,5.635430532340422,-1.3663368046271105,-3.3383888721471635,-3.315247966668551,-1.3756719411274505,9.752804486869708,1.3304846161324235,-1.8298827954830017,-3.1130827772554426,-2.410840240390656,0.0,2.0,4.0,4.0,4.0,4.0,4.0,4.0,4.0,4.0,4.0,4.0,4.0,4.0,4.0,4.0,100.0,,,,,,,,,,,,,,,,,,,,,,,,,,,,,,,,,,,,,,,
12587,1754692292.940294,98.17731809616087,1754692293.028744,42.0,0.0,1.3130638851102958,17.21723406584624,-1.1610277908444004,4.061999234335872,2.7218186046916344,-2.6957101049215453,-4.760136239432086,-3.210694087375032,-6.655582361222059,5.411007930594678,-1.2661291117287874,0.236679370731963,-8.422198559531125,4.704867986328736,0.0,2.0,4.0,4.0,4.0,4.0,4.0,4.0,4.0,4.0,4.0,4.0,4.0,4.0,4.0,4.0,100.0,,,,,,,,,,,,,,,,,,,,,,,,,,,,,,,,,,,,,,,
12588,1754692292.948097,98.18512105941772,1754692293.0365472,43.0,0.0,5.688144746132338,19.578176988726653,-1.6976267476839269,8.450982893573808,7.408860586691361,-1.4894054536530632,-6.556157421556719,-5.040979196686777,-7.8506608865123155,-0.3548689643976388,-2.903916047933336,2.906489239215688,-2.4855005811507738,0.3366838094707134,0.0,2.0,4.0,4.0,4.0,4.0,4.0,4.0,4.0,4.0,4.0,4.0,4.0,4.0,4.0,4.0,100.0,,,,,,,,,,,,,,,,,,,,,,,,,,,,,,,,,,,,,,,
12589,1754692292.9559,98.19292402267456,1754692293.044251,44.0,0.0,6.4595656702001065,18.965590588689054,2.077463836402956,9.567750510185476,3.839843369718153,-3.719085328356698,-10.06063343543002,-8.52080572273536,-5.24611954547828,1.5502689817232636,0.0032617781236581,2.2588555285216785,-1.4320436006913155,-4.578564565441695,0.0,2.0,4.0,4.0,4.0,4.0,4.0,4.0,4.0,4.0,4.0,4.0,4.0,4.0,4.0,4.0,100.0,0.6380424499511719,0.4111328125,-0.54937744140625,0.349365234375,1.0024566650390625,0.0961928740143776,0.0131837949156761,-46.05783081054688,-96.1531982421875,6.131074905395508,,,,,,,,,,,,,,,,,,,,,,,,,,,,,
12590,1754692292.963703,98.2007269859314,1754692293.051954,45.0,0.0,5.64865971003519,25.386473707783807,2.4295148298410822,8.228851069910434,-4.175959046262051,-7.709373316151414,-10.14788793444268,-6.987804185692767,-1.80265687623114,2.443119941292025,3.629596689114351,5.059009224499732,-4.67406419550025,-2.9085605667537493,0.0,2.0,4.0,4.0,4.0,4.0,4.0,4.0,4.0,4.0,4.0,4.0,4.0,4.0,4.0,4.0,100.0,,,,,,,,,,,,,,,,,,,,,,,,,,,,,,,,,,,,,,,
12591,1754692292.971506,98.2085301876068,1754692293.059757,46.0,0.0,6.852566671380998,30.048250879262184,-0.368020849184461,6.34403856093985,-3.529281652606471,-4.6731267106077325,-1.7552499619717423,-0.5648435716933022,-3.57197723553719,-0.6347618894145057,4.933572812832324,3.781007140963709,-1.8624220289255504,-7.447913978360532,0.0,2.0,4.0,4.0,4.0,4.0,4.0,4.0,4.0,4.0,4.0,4.0,4.0,4.0,4.0,4.0,100.0,,,,,,,,,,,,,,,,,,,,,,,,,,,,,,,,,,,,,,,
12592,1754692292.979309,98.21633315086363,1754692293.06756,47.0,0.0,4.171552892745069,27.71293071794372,-0.6431630189269413,-0.0918462323435846,-2.8290576456294616,1.1248563302559091,2.1649704859217422,4.2756191646670345,-5.168878340027902,-0.8249220752238102,2.186360394024007,-1.8771641562408945,-2.0390917274664275,-10.79167147422794,0.0,2.0,4.0,4.0,4.0,4.0,4.0,4.0,4.0,4.0,4.0,4.0,4.0,4.0,4.0,4.0,100.0,,,,,,,,,,,,,,,,,,,,,,,,,,,,,,,,,,,,,,,
12593,1754692292.987112,98.22413611412048,1754692293.075264,48.0,0.0,-1.55220558686068,30.293009260917927,-0.9333971988050394,0.9427023694823332,-4.206756975161795,2.782529518513286,1.4208911679459677,7.10906200117671,0.9283590244411356,2.5711431584884963,-1.466958646137016,-1.9105342885551977,-7.386380152556228,-7.298577950552215,0.0,2.0,4.0,4.0,4.0,4.0,4.0,4.0,4.0,4.0,4.0,4.0,4.0,4.0,4.0,4.0,100.0,0.4118403494358063,0.628173828125,-0.27374267578125,0.6007080078125,0.992690920829773,0.0844739452004432,0.0175783932209014,-46.80552291870117,-96.45227813720705,5.084306240081787,,,,,,,,,,,,,,,,,,,,,,,,,,,,,
12594,1754692292.994915,98.23193907737732,1754692293.0830672,49.0,0.0,-2.1578002841556554,36.84293486661409,-1.942128822753148,7.996327496469803,-4.66152887882663,3.981696818836099,2.5472916887806605,5.008726860686693,3.362768394079012,-1.5048793803148328,-4.4000719117116205,0.113123497239485,-8.656085791388477,-10.77469870324012,0.0,2.0,4.0,4.0,4.0,4.0,4.0,4.0,4.0,4.0,4.0,4.0,4.0,4.0,4.0,4.0,100.0,,,,,,,,,,,,,,,,,,,,,,,,,,,,,,,,,,,,,,,
12595,1754692293.002718,98.23974204063416,1754692293.09077,50.0,0.0,3.1725155553701256,39.897519390296736,0.6722965618088779,11.26201826557616,-6.044346114264329,9.360977105547306,5.64299334006472,1.962351292514711,-2.711831190409896,-12.27014043553146,-5.149224249295287,-1.654311694389719,-1.934789615663533,-12.183018897260183,0.0,2.0,4.0,4.0,4.0,4.0,4.0,4.0,4.0,4.0,4.0,4.0,4.0,4.0,4.0,4.0,100.0,,,,,,,,,,,,,,,,,,,,,,,,,,,,,,,,,,,,,,,
12596,1754692293.010521,98.247545003891,1754692293.098573,51.0,0.0,1.7635926828903052,33.68654003805665,1.6478806809350883,5.738084147703887,-4.735436790770507,6.554356017860812,5.413904215790865,2.574855863642881,-1.3440171156839256,-11.571375130959892,-5.208062235451905,-4.41467063368458,-1.1316378488131136,-4.509907845077521,0.0,2.0,4.0,4.0,4.0,4.0,4.0,4.0,4.0,4.0,4.0,4.0,4.0,4.0,4.0,4.0,100.0,,,,,,,,,,,25.0,4.0,32.73740768432617,1.0,59.9033432006836,3.0,31.092315673828125,1.0,44.02233505249024,1.0,43.12487030029297,3.0,29.30850982666016,1.0,36.680641174316406,3.0,30.07516288757324,3.0,32.69976043701172,3.0,40.41885757446289,4.0,35.444705963134766,3.0,31.19338798522949,4.0,39.55869674682617,3.0,44.41152191162109
12597,1754692293.018324,98.25534796714784,1754692293.106277,52.0,0.0,-1.7005440992171543,24.93962734213926,-1.298426212619347,0.5261069974156953,-0.8013478869680739,1.1670296977557657,3.113998280958981,3.1202631928030087,8.104390792161098,-1.5262123765488695,-4.451848166208606,-3.633426526781591,-5.4946586934701145,0.519395599223003,0.0,2.0,4.0,4.0,4.0,4.0,4.0,4.0,4.0,4.0,4.0,4.0,4.0,4.0,4.0,4.0,100.0,0.4100423753261566,0.62860107421875,-0.27398681640625,0.60137939453125,0.9975737929344176,0.0893568322062492,0.0107423514127731,-46.80552291870117,-97.94766235351562,6.43015193939209,,,,,,,,,,,,,,,,,,,,,,,,,,,,,
12598,1754692293.026127,98.26315116882324,1754692293.1140802,53.0,0.0,0.8120149005333701,19.36147497656549,-2.091400312825669,0.5057963140569086,0.7497851713740715,6.752713543366383,4.986608699151304,1.1375028437540209,4.205570657512737,-2.154407934571452,-4.472585803547815,-3.244189559258473,-5.792541938359307,-3.164861639833987,0.0,2.0,4.0,4.0,4.0,4.0,4.0,4.0,4.0,4.0,4.0,4.0,4.0,4.0,4.0,4.0,100.0,,,,,,,,,,,,,,,,,,,,,,,,,,,,,,,,,,,,,,,
12599,1754692293.03393,98.27095413208008,1754692293.121783,54.0,0.0,2.902253536680064,15.952738355398878,2.6336278075407336,1.5634696512522623,1.740877163048708,11.903002283558408,7.450088004958843,0.6517195742364947,-4.456761576176405,-5.449584998885939,-4.714398123416913,-1.9470541211278487,-3.6611795007595447,-3.883714110870869,0.0,2.0,4.0,4.0,4.0,4.0,4.0,4.0,4.0,4.0,4.0,4.0,4.0,4.0,4.0,4.0,100.0,,,,,,,,,,,,,,,,,,,,,,,,,,,,,,,,,,,,,,,
12600,1754692293.041733,98.27875709533691,1754692293.1295872,55.0,0.0,0.0784928061191863,6.943802303683071,4.048316674541468,-1.336146288603402,-1.2279505620865052,2.7406357878579115,3.4466278151092524,1.4549774576724417,-1.2359785136624737,-0.5721513876093809,-2.714230043522264,0.0981207003122222,-1.6210352761267472,-1.9944612473447592,0.0,2.0,4.0,4.0,4.0,4.0,4.0,4.0,4.0,4.0,4.0,4.0,4.0,4.0,4.0,4.0,100.0,,,,,,,,,,,,,,,,,,,,,,,,,,,,,,,,,,,,,,,
12601,1754692293.049536,98.28656005859376,1754692293.13729,56.0,0.0,0.8019821863295533,-6.834165646309828,1.110834239930739,-2.3758686086952707,-2.646678926400853,-2.353482046841634,-1.5528978165006606,-0.5605787670260156,5.431036391201417,3.51027925085424,2.477716347678381,2.452294465124908,3.4449231252729646,-2.596630705471341,0.0,2.0,4.0,4.0,4.0,4.0,4.0,4.0,4.0,4.0,4.0,4.0,4.0,4.0,4.0,4.0,100.0,0.4087254106998443,0.6290283203125,-0.274169921875,0.60174560546875,0.9951323866844176,0.0942397192120552,0.0126955062150955,-45.908294677734375,-96.60181427001952,3.738460302352905,,,,,,,,,,,,,,,,,,,,,,,,,,,,,
12602,1754692293.057339,98.2943630218506,1754692293.144993,57.0,0.0,3.1597774284110187,-18.133920520110166,-1.2082216391167435,-0.9460767281552194,2.8061526900092417,1.922232047661112,-4.758276060632795,-4.0283597888855525,-1.3013010531857958,-0.5436773053265256,1.5395376674910608,2.279518473834344,2.660642898064282,-1.742011463202232,0.0,2.0,4.0,4.0,4.0,4.0,4.0,4.0,4.0,4.0,4.0,4.0,4.0,4.0,4.0,4.0,100.0,,,,,,,,,,,,,,,,,,,,,,,,,,,,,,,,,,,,,,,
12603,1754692293.065142,98.30216598510742,1754692293.152796,58.0,0.0,6.259680928387695,-19.92406121278288,2.102777320515486,0.1874421167294144,5.676123568375203,2.0949155413090352,-5.881097455449947,-2.089624652820987,-3.992549654139168,-2.9164691780443377,0.1176281514471497,3.220779243160848,-2.7174485422966086,3.2654764908047014,0.0,2.0,4.0,4.0,4.0,4.0,4.0,4.0,4.0,4.0,4.0,4.0,4.0,4.0,4.0,4.0,100.0,,,,,,,,,,,,,,,,,,,,,,,,,,,,,,,,,,,,,,,
12604,1754692293.072945,98.30996918678284,1754692293.1606002,59.0,0.0,4.811872664151537,-21.26590471368664,4.571837966196284,0.2146227095200572,0.2385348110420579,-2.7657485915036943,-8.868362077278022,-3.19688662164154,-0.0724224998456577,-1.1476164794893575,2.6783037121595896,2.158101048633484,-1.2780525598024326,2.652581561445544,0.0,2.0,4.0,4.0,4.0,4.0,4.0,4.0,4.0,4.0,4.0,4.0,4.0,4.0,4.0,4.0,100.0,,,,,,,,,,,,,,,,,,,,,,,,,,,,,,,,,,,,,,,
12605,1754692293.080748,98.31777215003969,1754692293.168303,60.0,0.0,-1.8652453453423163,-27.03340127795257,2.876953857679439,-0.0356043945257056,5.185220424366946,-2.7215170408643985,-6.467779394882143,-5.109420892770629,-0.5274197299467573,2.542466375512106,4.112393183842471,1.0427608944283406,2.950941378525215,-1.3123946169407077,0.0,2.0,4.0,4.0,4.0,4.0,4.0,4.0,4.0,4.0,4.0,4.0,4.0,4.0,4.0,4.0,100.0,0.4080381989479065,0.62939453125,-0.27435302734375,0.60174560546875,1.0263828039169312,0.0947280079126358,0.0151369497179985,-46.80552291870117,-97.94766235351562,4.635690689086914,,,,,,,,,,,,,,,,,,,,,,,,,,,,,
12606,1754692293.088551,98.32557511329652,1754692293.176006,61.0,0.0,-2.243568144564449,-32.16716231819777,1.3866138346243702,-2.298021785649724,13.2181232143908,-0.2283093416589849,1.492608488926237,-0.9502939034063616,-0.6808477809422016,2.394341230914108,0.5118511213159422,2.257516554128017,-0.0887832914986006,-1.4428391273604009,0.0,2.0,4.0,4.0,4.0,4.0,4.0,4.0,4.0,4.0,4.0,4.0,4.0,4.0,4.0,4.0,100.0,,,,,,,,,,,,,,,,,,,,,,,,,,,,,,,,,,,,,,,
12607,1754692293.096354,98.33337807655334,1754692293.183809,62.0,0.0,2.0550595620156,-36.514500009639136,1.8646439512116613,-4.700927566390959,6.705333171530043,1.8243177460603024,4.584621140497262,2.393094125190516,-0.4806799498543057,-1.0130751313655253,-5.777374285169657,1.116003151692354,-4.473262925221519,-0.8930064045385677,0.0,2.0,4.0,4.0,4.0,4.0,4.0,4.0,4.0,4.0,4.0,4.0,4.0,4.0,4.0,4.0,100.0,,,,,,,,,,,,,,,,,,,,,,,,,,,,,,,,,,,,,,,
12608,1754692293.104157,98.34118103981018,1754692293.191613,63.0,0.0,0.2038142302712913,-38.3761095905661,1.0026252562174705,-4.615758898522927,-0.7827219348505423,2.0537860778449613,1.5571072697371164,1.910317168927122,1.7049024209250092,2.7597614865890137,-3.293149349194664,-0.4335930708034539,-4.613790292435169,0.0410151776977727,0.0,2.0,4.0,4.0,4.0,4.0,4.0,4.0,4.0,4.0,4.0,4.0,4.0,4.0,4.0,4.0,100.0,,,,,,,,,,,,,,,,,,,,,,,,,,,,,,,,,,,,,,,
12609,1754692293.11196,98.34898400306702,1754692293.199316,64.0,0.0,-4.929575147108949,-35.69094005950899,-1.073477238899045,-3.6577781149188695,3.310548471790866,-0.808731623190738,-0.0444904420372722,-0.2947510223669951,2.322571971878574,5.884453295993012,4.84994005725332,2.753360537895901,-3.564638508549592,0.7101563252691676,3309.0,2.0,4.0,4.0,4.0,4.0,4.0,4.0,4.0,4.0,4.0,4.0,4.0,4.0,4.0,4.0,100.0,0.4075338840484619,0.62969970703125,-0.2745361328125,0.6016845703125,0.992690920829773,0.1079118028283119,0.0175783932209014,-45.45967864990234,-97.3495101928711,5.23384428024292,,,,,,,,,,,,,,,,,,,,,,,,,,,,,
12610,1754692293.119763,98.35678696632384,1754692293.207019,65.0,0.0,-5.470724217980205,-32.64717437185345,-1.5985894677928627,-5.8259227535727405,9.375600334159572,-3.6408328913162222,4.848464755797977,-3.635026062576799,-1.0482676600731793,2.395110033383389,5.627825610465152,5.509670641412413,1.4298548556807873,1.2492864368969094,3499.0,2.0,4.0,4.0,4.0,4.0,4.0,4.0,4.0,4.0,4.0,4.0,4.0,4.0,4.0,4.0,100.0,,,,,,,,,,,,,,,,,,,,,,,,,,,,,,,,,,,,,,,
12611,1754692293.127566,98.36459016799928,1754692293.214822,66.0,0.0,-1.908081305241069,-33.43342526518569,1.5413139608762665,-9.052746544772674,5.3072576342141815,-3.469114841405883,4.295788067823594,-4.707620674981683,-4.703846218893489,3.27691636507592,0.6291005697548258,1.938386005780956,4.45191495334501,2.6953254640524733,3505.0,2.0,4.0,4.0,4.0,4.0,4.0,4.0,4.0,4.0,4.0,4.0,4.0,4.0,4.0,4.0,100.0,,,,,,,,,,,,,,,,,,,,,,,,,,,,,,,,,,,,,,,
12612,1754692293.135369,98.3723931312561,1754692293.222626,67.0,0.0,0.1337225252289045,-32.63180207221626,2.297336864539602,-6.683627968260453,-0.0882501105600113,-1.795082680591122,-1.0654892909935825,-1.850456448550858,0.0545124652078357,7.17557880816662,1.5308842931474371,-0.1541841913988264,1.3838869899593649,2.8445295792200795,3600.0,2.0,4.0,4.0,4.0,4.0,4.0,4.0,4.0,4.0,4.0,4.0,4.0,4.0,4.0,4.0,100.0,,,,,,,,,,,,,,,,,,,,,,,,,,,,,,,,,,,,,,,
12613,1754692293.143172,98.38019609451294,1754692293.230329,68.0,0.0,-0.7305570339255496,-27.90725241498665,-2.792928623605519,-2.40722452856852,3.5675285446462226,-1.3539764716412606,-0.7566227212998342,-1.5702853542690605,5.350461963272494,3.997525852044703,4.636423772505907,1.8852023142574688,-1.1674011019037491,0.1261118241357621,3624.0,2.0,4.0,4.0,4.0,4.0,4.0,4.0,4.0,4.0,4.0,4.0,4.0,4.0,4.0,4.0,100.0,0.4074226021766662,0.6300048828125,-0.2745361328125,0.6014404296875,1.007827877998352,0.1113298237323761,0.0136720836162567,-47.85229110717773,-98.09719848632812,6.729228496551514,,,,,,,,,,,,,,,,,,,,,,,,,,,,,
12614,1754692293.150975,98.38799905776978,1754692293.238032,69.0,0.0,-1.011068153940272,-24.17763459938837,-2.771489150333167,-4.38362304827055,6.868883396584948,-1.3686424935020511,2.0969004463374006,-1.5044168717880382,0.756030951236113,2.276800804014925,1.2544927323398554,3.8066868284555824,-2.3302343349833734,2.1069377243003657,3497.0,2.0,4.0,4.0,4.0,4.0,4.0,4.0,4.0,4.0,4.0,4.0,4.0,4.0,4.0,4.0,100.0,,,,,,,,,,,,,,,,,,,,,,,,,,,,,,,,,,,,,,,
12615,1754692293.158778,98.3958020210266,1754692293.245835,70.0,0.0,-4.04705221676133,-18.33180732850562,0.48151856093844,-7.150190951560688,2.1938308413103016,-0.1504797527956896,0.507975772422725,1.9519330800219727,-1.2410089599222545,6.308272192014357,-1.2078870156380788,1.8095043201585952,-2.1515560051857108,6.196189841796041,3498.0,2.0,4.0,4.0,4.0,4.0,4.0,4.0,4.0,4.0,4.0,4.0,4.0,4.0,4.0,4.0,100.0,,,,,,,,,,,,,,,,,,,,,,,,,,,,,,,,,,,,,,,
12616,1754692293.166581,98.40360498428343,1754692293.253639,71.0,0.0,-10.49088792463445,-6.181285379651314,-4.237601758269108,-2.4250753871287145,-0.4290304123782391,2.561362913136321,-1.689230117567064,2.5155723892563344,1.545178667273461,5.552378145568213,1.5019092273479089,-3.243764866640418,2.2244404998367315,3.633534919185053,3488.0,2.0,4.0,4.0,4.0,4.0,4.0,4.0,4.0,4.0,4.0,4.0,4.0,4.0,4.0,4.0,100.0,,,,,,,,,,,,,,,,,,,,,,,,,,,,,,,,,,,,,,,
12617,1754692293.174384,98.41140818595886,1754692293.261342,72.0,0.0,-11.670801598207705,0.5690940625976566,-7.296413752541952,-0.1337930764157988,0.3888114833106613,3.645859029600075,-0.0675970745188294,-0.1275369103601349,-0.3728055761267512,1.3116048782561904,3.1342023843734808,-1.858420815072435,0.4349568375911588,-0.6911297460779622,3600.0,2.0,4.0,4.0,4.0,4.0,4.0,4.0,4.0,4.0,4.0,4.0,4.0,4.0,4.0,4.0,100.0,0.407368540763855,0.63018798828125,-0.27459716796875,0.60125732421875,0.9985504150390624,0.1030289158225059,0.0151369497179985,-45.75875473022461,-96.75135803222656,5.383382797241211,,,,,,,,,,,,,,,,,,,,,,,,,,,,,
12618,1754692293.182187,98.4192111492157,1754692293.269045,73.0,0.0,-6.29700880093344,-1.9680198549827992,0.00253236071228,-5.475750994489431,0.5188959891492004,-1.2714639901288365,1.4608923145641484,2.330292107846504,0.0074618854531536,1.6838965228615734,0.9536176828167982,3.4546347685590035,-7.283598627898868,0.2960836124160551,3601.0,2.0,4.0,4.0,4.0,4.0,4.0,4.0,4.0,4.0,4.0,4.0,4.0,4.0,4.0,4.0,100.0,,,,,,,,,,,,,,,,,,,,,,,,,,,,,,,,,,,,,,,
12619,1754692293.18999,98.42701411247252,1754692293.2767482,74.0,0.0,-4.976762386724431,-0.5913486642682528,2.084708916572481,-5.5569835153244185,2.159642704531734,-5.689787226599719,-0.1128976128636622,4.17538984767566,3.314927641150689,0.1792680856190145,-0.1485495637086842,3.692009515505788,-8.263246733775077,1.4059385208418007,3603.0,2.0,4.0,4.0,4.0,4.0,4.0,4.0,4.0,4.0,4.0,4.0,4.0,4.0,4.0,4.0,100.0,,,,,,,,,,,,,,,,,,,,,,,,,,,,,,,,,,,,,,,
12620,1754692293.197793,98.43481707572936,1754692293.284552,75.0,0.0,-4.610038426387689,10.515164718584913,0.7867245981383917,4.213817416136919,1.84028282763444,-3.3147808252937807,-1.353039406584173,0.5512008790197456,1.335569599547,-3.495877212609173,2.507127389474647,1.1364030851278244,-5.166071178005211,-0.9823607575894472,3543.0,2.0,4.0,4.0,4.0,4.0,4.0,4.0,4.0,4.0,4.0,4.0,4.0,4.0,4.0,4.0,100.0,,,,,,,,,,,,,,,,,,,,,,,,,,,,,,,,,,,,,,,
12621,1754692293.205596,98.4426200389862,1754692293.292355,76.0,0.0,-0.4400185323226537,20.3497752273068,6.612822873279413,9.346295209750052,1.0079661436068932,1.123016957347602,-2.1189697797050826,-1.826018198040572,-2.808807961703849,-3.724360638669338,1.0019773621523314,4.060854008665331,-3.917549282032212,-2.915837090771845,3553.0,2.0,4.0,4.0,4.0,4.0,4.0,4.0,4.0,4.0,4.0,4.0,4.0,4.0,4.0,4.0,100.0,0.4079029858112335,0.63037109375,-0.27471923828125,0.60064697265625,0.9770656824111938,0.1010757610201835,0.0087891966104507,-45.16060256958008,-98.09719848632812,4.187075614929199,,,,,,,,,,,,,,,,,,,,,,,,,,,,,
12622,1754692293.213399,98.45042300224304,1754692293.300058,77.0,0.0,0.9708649588366997,22.86354026704996,8.539912940427456,5.155912993457804,0.0112372642708749,0.1213738296598592,-3.787075146306762,-2.354196346994541,-2.693495011937358,-4.904060652235586,-1.479413118330541,4.819009846705029,-1.520488610244712,-0.5683878239026683,3309.0,2.0,4.0,4.0,4.0,4.0,4.0,4.0,4.0,4.0,4.0,4.0,4.0,4.0,4.0,4.0,100.0,,,,,,,,,,,,,,,,,,,,,,,,,,,,,,,,,,,,,,,
12623,1754692293.221202,98.45822596549988,1754692293.3077612,78.0,0.0,1.7092602477219714,22.464581147070103,4.918325216201168,3.639484630213332,-6.878533342765337,-1.3063324775565943,-3.675389318362619,-3.5203643095018435,-0.42743430576175,-6.114958539398145,1.0865359706127435,-0.1603421820686037,1.6337312797275845,0.9849457768264926,3603.0,2.0,4.0,4.0,4.0,4.0,4.0,4.0,4.0,4.0,4.0,4.0,4.0,4.0,4.0,4.0,100.0,,,,,,,,,,,,,,,,,,,,,,,,,,,,,,,,,,,,,,,
12624,1754692293.229005,98.4660291671753,1754692293.315565,79.0,0.0,2.476161249748543,21.3186513204472,3.024809912000705,4.252953236005737,-10.980415980712792,-1.9188518672705184,-4.079434408091515,-4.673282479074373,-1.227938757760171,-2.9922519156071985,2.444718463428103,-1.3558904095899609,2.920830078792619,-0.3467768417414163,3543.0,2.0,4.0,4.0,4.0,4.0,4.0,4.0,4.0,4.0,4.0,4.0,4.0,4.0,4.0,4.0,100.0,,,,,,,,,,,,,,,,,,,,,,,,,,,,,,,,,,,,,,,
12625,1754692293.236808,98.47383213043211,1754692293.3232682,80.0,0.0,3.0688979363768567,16.53188615415013,0.5828216127371206,-0.5922725000472155,-4.468463865612534,-4.800388773261943,-4.8606389647155765,-2.8540974789065103,4.799128256445442,0.7403417645624586,-0.9163373759560044,2.492060594872896,1.6329844316256867,-1.0855010488884318,3553.0,2.0,4.0,4.0,4.0,4.0,4.0,4.0,4.0,4.0,4.0,4.0,4.0,4.0,4.0,4.0,100.0,0.4088732004165649,0.6304931640625,-0.27459716796875,0.59991455078125,0.9985504150390624,0.1088883802294731,0.0112306401133537,-46.05783081054688,-97.19996643066406,6.131074905395508,,,,,,,,,,,,,,,,,,,,,,,,,,,,,
12626,1754692293.244611,98.48163509368896,1754692293.3310711,81.0,0.0,5.081859767662905,10.070302102565536,1.104270921829908,-5.922852608993338,-1.6819493295639347,-1.7851300037410454,-1.0427364136490669,-0.5754781527431021,9.059676318101452,-0.5811885126850882,-1.826347179915132,3.0721803523050824,-1.286527970076662,0.9914291045828634,3309.0,2.0,4.0,4.0,4.0,4.0,4.0,4.0,4.0,4.0,4.0,4.0,4.0,4.0,4.0,4.0,100.0,,,,,,,,,,,,,,,,,,,,,,,,,,,,,,,,,,,,,,,
12627,1754692293.252414,98.4894380569458,1754692293.338774,82.0,0.0,10.253489095149805,10.684139005712154,4.553293968189905,-3.23407651497962,-2.6783295479075377,3.9116703869759695,0.64756744250883,-0.8915418911709594,-3.041198328421501,-4.275499537624341,-2.249817149907244,-0.5107492877526738,-2.7820939209362905,7.5799912521880515,3603.0,2.0,4.0,4.0,4.0,4.0,4.0,4.0,4.0,4.0,4.0,4.0,4.0,4.0,4.0,4.0,100.0,,,,,,,,,,,,,,,,,,,,,,,,,,,,,,,,,,,,,,,
12628,1754692293.260217,98.49724102020264,1754692293.346578,83.0,0.0,12.500326719544772,13.702011923754071,1.0190874222212187,3.910558108681016,1.3042007222998109,1.834707177351902,-2.039123491922055,-2.4987128471530013,-14.791291871361864,-7.834274992172141,-6.17360153301297,-0.790624622346968,-2.740092469131924,11.588924514748667,3543.0,2.0,4.0,4.0,4.0,4.0,4.0,4.0,4.0,4.0,4.0,4.0,4.0,4.0,4.0,4.0,100.0,,,,,,,,,,,,,,,,,,,,,,,,,,,,,,,,,,,,,,,
12629,1754692293.26802,98.50504398345949,1754692293.3542812,84.0,0.0,11.71130820912228,9.166803733404748,-3.442015212982397,4.130526781030738,3.4344829273445328,-1.2459259166026015,1.213517380635011,-1.236099509665593,-8.888288585923902,-7.391144862371703,-6.080757666207347,2.44145365682968,-5.29594010658937,10.51943082421073,3553.0,2.0,4.0,4.0,4.0,4.0,4.0,4.0,4.0,4.0,4.0,4.0,4.0,4.0,4.0,4.0,100.0,0.6377733945846558,0.40875244140625,-0.55303955078125,0.34686279296875,1.0161287784576416,0.1147478446364402,0.0239261463284492,-46.80552291870117,-97.94766235351562,3.887998819351196,,,,,,,,,,,,,,,,,,,,,,,,,,,,,
12630,1754692293.275823,98.51284718513487,1754692293.3620842,85.0,0.0,13.196415966271502,5.578890085969647,-2.4342793591841883,-0.5307145673638161,1.494287589453393,-0.9267037046157612,3.674084419062069,1.1078947818240297,-1.5519611123055483,-4.082604088832454,-4.85593633918063,-0.8326080468701775,-6.606003522737069,12.42626821287638,3309.0,2.0,4.0,4.0,4.0,4.0,4.0,4.0,4.0,4.0,4.0,4.0,4.0,4.0,4.0,4.0,100.0,,,,,,,,,,,,,,,,,,,,,,,,,,,,,,,,,,,,,,,
12631,1754692293.283626,98.52065014839172,1754692293.369887,86.0,0.0,17.624485285738018,8.441962834793202,0.2372135863820119,1.7630497107865892,1.6171433113385945,-1.2434902800864904,-0.0835814136835608,0.4309862194599816,-3.300852896293719,-1.7396291874211158,-2.8581687449155027,-2.249429861504751,-0.98169194677601,20.11179542055376,3603.0,2.0,4.0,4.0,4.0,4.0,4.0,4.0,4.0,4.0,4.0,4.0,4.0,4.0,4.0,4.0,100.0,,,,,,,,,,,,,,,,,,,,,,,,,,,,,,,,,,,,,,,
12632,1754692293.291429,98.52845311164856,1754692293.3775911,87.0,0.0,20.068878051524337,6.270782195387767,-0.8977490499536884,2.034962739122932,1.2340963513375414,-2.7247498293263,-2.263434870419985,-1.1941368453380503,-3.209859368800096,-2.361362174211933,-1.145945865906867,1.901456662798012,0.3307508783601065,21.642970605236822,3543.0,2.0,4.0,4.0,4.0,4.0,4.0,4.0,4.0,4.0,4.0,4.0,4.0,4.0,4.0,4.0,100.0,,,,,,,,,,,,,,,,,,,,,,,,,,,,,,,,,,,,,,,
12633,1754692293.299232,98.5362560749054,1754692293.385294,88.0,0.0,17.60660069645391,2.094120126705633,0.139920199751117,-2.045532915410064,-1.0980966480737209,-1.294570553168711,2.812491901912012,-0.9633974708130212,-0.985371506020698,-3.334977100497696,-1.6806048448205786,3.5878266591845147,-0.7050960502926102,14.864388879978463,3553.0,2.0,4.0,4.0,4.0,4.0,4.0,4.0,4.0,4.0,4.0,4.0,4.0,4.0,4.0,4.0,100.0,0.6377487778663635,0.40887451171875,-0.55328369140625,0.34637451171875,1.0156404972076416,0.1088883802294731,0.0117189288139343,-48.45044708251953,-97.4990463256836,5.831998348236084,,,,,,,,,,,,,,,,,,,,,,,,,,,,,
12634,1754692293.307035,98.54405903816225,1754692293.3930972,89.0,0.0,9.302936567567484,3.498913113592608,1.5661608673922274,-0.2073983947811939,-7.254751462445711,-1.9766141166333,1.0782046119093138,-3.572290370106657,-4.119634623866659,-5.4170825588184925,0.2637963579659299,-0.6507720693389274,6.040532098777021,10.525008094466555,3309.0,2.0,4.0,4.0,4.0,4.0,4.0,4.0,4.0,4.0,4.0,4.0,4.0,4.0,4.0,4.0,100.0,,,,,,,,,,,,,,,,,,,,,,,,,,,,,,,,,,,,,,,
12635,1754692293.314838,98.55186200141908,1754692293.4008012,90.0,0.0,3.739509688391422,-0.505473908585941,-1.1163108248098297,2.0595774919332825,-10.216140254431252,-1.3255711056377777,-5.425324290579397,-3.2174275922471907,0.0541893127814319,-1.1658383037921567,2.385057778129408,-0.3856304400184172,12.939676878486011,9.31549145551196,3603.0,2.0,4.0,4.0,4.0,4.0,4.0,4.0,4.0,4.0,4.0,4.0,4.0,4.0,4.0,4.0,100.0,,,,,,,,,,,,,,,,,,,,,,,,,,,,,,,,,,,,,,,
12636,1754692293.322641,98.5596649646759,1754692293.408604,91.0,0.0,1.1809045269793046,-7.331478003976315,-1.9787426797983585,-3.698026857828097,-6.267811621202725,0.7688468292790844,-5.575717471015139,-1.4106995709357193,4.384765482624573,2.024438011205405,2.060211320644214,1.0530684204541672,6.27929284054386,4.169515971481417,3543.0,2.0,4.0,4.0,4.0,4.0,4.0,4.0,4.0,4.0,4.0,4.0,4.0,4.0,4.0,4.0,100.0,,,,,,,,,,,,,,,,,,,,,,,,,,,,,,,,,,,,,,,
12637,1754692293.330444,98.56746816635132,1754692293.416307,92.0,0.0,-2.402053874338094,-7.348109978510024,7.184255646944507,-5.413434709935359,-2.504841704219075,1.3348399520162957,1.1925735972989742,0.7434297477606151,-1.271925680706886,-0.0601040538687129,7.201343945248368,2.621093638214802,3.0581913541947188,-2.157853326376994,3553.0,2.0,4.0,4.0,4.0,4.0,4.0,4.0,4.0,4.0,4.0,4.0,4.0,4.0,4.0,4.0,100.0,0.6371449828147888,0.4088134765625,-0.5538330078125,0.3466796875,1.0278477668762207,0.1250019073486328,0.0161135271191597,-46.506446838378906,-98.24673461914062,4.33661413192749,,,,,,,,,,,,,,,,,,,,,,,,,,,,,
12638,1754692293.338247,98.57527112960815,1754692293.4241102,93.0,0.0,-7.069915943568162,-12.028700625698209,17.032100595452334,-3.795229534964278,-3.60364810268868,0.9922909021451004,4.101384284562187,3.6868410012860977,-5.5152621364705965,1.0707366130258151,7.854467587103841,3.062886973104355,5.922502666986361,-7.857371164653728,3309.0,2.0,4.0,4.0,4.0,4.0,4.0,4.0,4.0,4.0,4.0,4.0,4.0,4.0,4.0,4.0,100.0,,,,,,,,,,,,,,,,,,,,,,,,,,,,,,,,,,,,,,,
12639,1754692293.34605,98.583074092865,1754692293.4318142,94.0,0.0,-11.546970356988451,-13.99127177921045,16.19447769766967,-3.814182390438504,-1.5384284268671706,2.7062665992297354,0.6518510631280208,5.64422397355375,1.971744300118104,6.262629859153464,-1.496215035993913,1.1258586487059858,0.3931052421177412,-16.053454847665392,3603.0,2.0,4.0,4.0,4.0,4.0,4.0,4.0,4.0,4.0,4.0,4.0,4.0,4.0,4.0,4.0,100.0,,,,,,,,,,,,,,,,,,,,,,,,,,,,,,,,,,,,,,,
12640,1754692293.353853,98.59087705612184,1754692293.4396172,95.0,0.0,-13.28672606532288,-8.120046802735914,15.945076389873094,-0.0582826663266757,-1.2069302036570375,4.572812858535173,-0.2180879225042815,6.378826599562245,7.477373147884492,6.126627072275397,-3.233155256300023,-0.6825876548082022,-5.30039622721435,-23.29542087092429,3543.0,2.0,4.0,4.0,4.0,4.0,4.0,4.0,4.0,4.0,4.0,4.0,4.0,4.0,4.0,4.0,100.0,,,,,,,,,,,,,,,,,,,,,,,,,,,,,,,,,,,,,,,
12641,1754692293.361656,98.59868001937866,1754692293.44732,96.0,0.0,-14.406263210170296,-13.574906550461804,17.184786610931184,0.2485184694689053,-3.3810788251465453,2.3411781099554503,4.640500112679689,8.629017543148308,5.257759417155427,2.504396714891442,2.1406334502072752,-2.879272067011556,-5.614875965044661,-22.74453294256168,3553.0,2.0,4.0,4.0,4.0,4.0,4.0,4.0,4.0,4.0,4.0,4.0,4.0,4.0,4.0,4.0,100.0,0.6365528106689453,0.40814208984375,-0.554931640625,0.3468017578125,1.0312657356262207,0.1206073090434074,0.0249027237296104,-45.75875473022461,-97.94766235351562,6.43015193939209,,,,,,,,,,,,,,,,,,,,,,,,,,,,,
12642,1754692293.369459,98.6064829826355,1754692293.455023,97.0,0.0,-17.463850068048146,-23.846445882727608,9.692738445143618,-4.777193378651305,6.381499594388856,2.5818051203508503,8.682842265009072,10.705847899460764,6.346424204389109,3.0380361035380474,-1.3684979835931017,-4.919737180692778,-7.282336479729679,-22.309059520296728,3309.0,2.0,4.0,4.0,4.0,4.0,4.0,4.0,4.0,4.0,4.0,4.0,4.0,4.0,4.0,4.0,100.0,,,,,,,,,,,,,,,,,,,,,,,,,,,,,,,,,,,,,,,
12643,1754692293.377262,98.61428618431091,1754692293.462827,98.0,0.0,-16.167949703984902,-16.315747202136606,-0.9585913000791492,-2.088504245029924,16.848696393763987,8.73962739104951,7.866539026830708,8.515112788432418,8.540680252750974,4.774264979329075,-6.429812108997737,-5.250535211911426,-6.428473928573965,-25.216041598082427,3603.0,2.0,4.0,4.0,4.0,4.0,4.0,4.0,4.0,4.0,4.0,4.0,4.0,4.0,4.0,4.0,100.0,,,,,,,,,,,,,,,,,,,,,,,,,,,,,,,,,,,,,,,
12644,1754692293.385065,98.62208914756776,1754692293.4706302,99.0,0.0,-10.51131362208912,-4.085305744231164,-3.450195044549901,2.727347081408652,16.407512489502324,9.344554022550028,6.581955446322127,4.838239812164602,3.104454663825664,4.754381809034612,-4.56152590536044,-5.30619189779668,-3.327396672292025,-24.69534778086222,3543.0,2.0,4.0,4.0,4.0,4.0,4.0,4.0,4.0,4.0,4.0,4.0,4.0,4.0,4.0,4.0,100.0,,,,,,,,,,,,,,,,,,,,,,,,,,,,,,,,,,,,,,,
12645,1754692293.392868,98.62989211082458,1754692293.478333,100.0,0.0,-9.793244857927276,-2.712654494468609,-2.7474802141528585,3.2701070329234767,16.20661775186221,8.781950035317948,8.064616473816784,5.024489307511828,0.6610396557379659,3.924511292940622,-3.2300987890467354,-4.18991379144569,-7.648743573036256,-20.531270048029057,3553.0,2.0,4.0,4.0,4.0,4.0,4.0,4.0,4.0,4.0,4.0,4.0,4.0,4.0,4.0,4.0,100.0,0.636153519153595,0.40704345703125,-0.55706787109375,0.34539794921875,1.0136873722076416,0.125490203499794,0.027832455933094,-47.2541389465332,-97.19996643066406,4.33661413192749,,,,,,,,,,,,,,,,,,,,,,,,,,,,,
12646,1754692293.400671,98.63769507408142,1754692293.486136,101.0,0.0,-15.605981788950146,-1.9216070696608647,-8.799792388044978,3.719591326070997,17.37866800437024,10.406926820215917,3.551517918060938,7.282156609391507,10.185234100022456,3.932413530861425,-3.898086960975149,-3.866192965703874,-9.854963673020109,-16.46158224322579,3309.0,2.0,4.0,4.0,4.0,4.0,4.0,4.0,4.0,4.0,4.0,4.0,4.0,4.0,4.0,4.0,100.0,,,,,,,,,,,,,,,,,,,,,,,,,,,,,,,,,,,,,,,
12647,1754692293.408474,98.64549803733826,1754692293.49384,102.0,0.0,-17.162854879392512,1.1004558698281244,-12.113812909243848,4.129380645981541,12.778050405290628,7.018537085329967,-3.6354689539640495,1.8288103935109348,9.48490754189504,3.338664673524704,-1.286744838564687,-2.811859771571221,-2.6632380187453464,-12.7546190695208,3603.0,2.0,4.0,4.0,4.0,4.0,4.0,4.0,4.0,4.0,4.0,4.0,4.0,4.0,4.0,4.0,100.0,,,,,,,,,,,,,,,,,,,,,,,,,,,,,,,,,,,,,,,
12648,1754692293.416277,98.65330100059508,1754692293.5016432,103.0,0.0,-8.969756584370458,8.24078550253384,-6.769238371811895,8.317199416337047,9.9785091710813,3.33288391776236,-3.6022362003529054,-9.585278663560215,-5.383424655316645,0.6216934409515886,4.666403321984802,1.7041870117339784,5.429731535048717,-8.014814184938729,3543.0,2.0,4.0,4.0,4.0,4.0,4.0,4.0,4.0,4.0,4.0,4.0,4.0,4.0,4.0,4.0,100.0,,,,,,,,,,,,,,,,,,,,,,,,,,,,,,,,,,,,,,,
12649,1754692293.42408,98.66110396385191,1754692293.509346,104.0,0.0,-2.512108723504099,15.96189509687403,-5.204856210636791,11.557826127843072,8.749511187151,-0.9964627491033582,-1.5521980369078676,-10.055770750996343,-9.65445281497412,-0.5559679708701708,1.6179985599867166,4.796705942560237,4.406889188475333,-5.569116886852299,3553.0,2.0,4.0,4.0,4.0,4.0,4.0,4.0,4.0,4.0,4.0,4.0,4.0,4.0,4.0,4.0,100.0,0.6360909342765808,0.406005859375,-0.55999755859375,0.34197998046875,1.010757565498352,0.0786144807934761,-0.0009765774011611,-47.702754974365234,-96.75135803222656,3.1403067111968994,,,,,,,,,,,,,,,,,,,,,,,,,,,,,
12650,1754692293.431883,98.66890716552734,1754692293.517149,105.0,0.0,-3.3596311212783974,15.97237473792964,-6.4857223903561305,9.586058466083417,3.59320585069716,-9.428180032720974,-0.585763278326084,-0.1592865163226804,3.916681883720031,3.705345752252725,-4.191610257746305,3.734498471636272,-2.7367589009126903,-5.495387889453667,3309.0,2.0,4.0,4.0,4.0,4.0,4.0,4.0,4.0,4.0,4.0,4.0,4.0,4.0,4.0,4.0,100.0,,,,,,,,,,,,,,,,,,,,,,,,,,,,,,,,,,,,,,,
12651,1754692293.439686,98.67671012878418,1754692293.524853,106.0,0.0,-2.608277237877303,10.614204872741936,-4.652531381977553,5.189927134297648,-0.9708908084535892,-14.313229911106248,-1.527226847212262,1.99842013922256,6.802568635331625,6.263201177647204,-0.6864484878724966,3.2570274898729963,-6.797019396249254,-6.091513505584828,3603.0,2.0,4.0,4.0,4.0,4.0,4.0,4.0,4.0,4.0,4.0,4.0,4.0,4.0,4.0,4.0,100.0,,,,,,,,,,,,,,,,,,,,,,,,,,,,,,,,,,,,,,,
12652,1754692293.447489,98.68451309204102,1754692293.5326562,107.0,0.0,1.2391683463571894,9.419769157512462,-7.078479948265624,3.220695395890914,-3.3042233796070946,-9.67539286501443,-2.927271244454744,-1.507399251189156,2.2984309563514103,3.670346801817857,2.988079359493156,3.3251567849007984,-4.528602898513384,-2.007480182841676,3543.0,2.0,4.0,4.0,4.0,4.0,4.0,4.0,4.0,4.0,4.0,4.0,4.0,4.0,4.0,4.0,100.0,,,,,,,,,,,,,,,,,,,,,,,,,,,,,,,,,,,,,,,
12653,1754692293.455292,98.69231605529784,1754692293.540359,108.0,0.0,-1.467859489521743,13.65294701750463,-12.001255042846424,2.59023192003906,-4.449381420739428,-2.4059871311242205,-2.48990839379303,0.3499136372024622,4.144097912909729,4.666405885222503,1.6292976987501788,0.1261015523773494,-0.3230432442110214,-0.4986549435120651,3553.0,2.0,4.0,4.0,4.0,4.0,4.0,4.0,4.0,4.0,4.0,4.0,4.0,4.0,4.0,4.0,100.0,0.6352475881576538,0.4058837890625,-0.562744140625,0.33917236328125,0.9697413444519044,0.0698252841830253,-0.0107423514127731,-46.05783081054688,-96.75135803222656,3.887998819351196,,,,,,,,,,,,,,,,,,,,,,,,,,,,,
12654,1754692293.463095,98.70011901855467,1754692293.548162,109.0,0.0,-2.2063572220422145,19.37590976163077,-9.791214215908411,3.5433913932638745,-6.69844843539974,1.9954730695776848,-1.6408906834203378,2.274385423803352,4.184585842262578,2.7492286204569893,0.0406229335331147,-2.823199722437465,-0.3892624194711231,-5.339660041556698,3309.0,2.0,4.0,4.0,4.0,4.0,4.0,4.0,4.0,4.0,4.0,4.0,4.0,4.0,4.0,4.0,100.0,,,,,,,,,,,,,,,,,,,,,,,,,,,,,,,,,,,,,,,
12655,1754692293.470898,98.70792198181152,1754692293.555866,110.0,0.0,3.57799972354988,26.789923611592627,-5.987746325321126,3.319247642408669,-15.331579216141648,3.201667641004775,-1.3820870408959252,-0.3214498263192524,1.9406996317169671,-4.677354821016792,2.573286619802189,0.335067590064142,-1.6698297943561045,-5.416806478304892,3603.0,2.0,4.0,4.0,4.0,4.0,4.0,4.0,4.0,4.0,4.0,4.0,4.0,4.0,4.0,4.0,100.0,,,,,,,,,,,,,,,,,,,,,,,,,,,,,,,,,,,,,,,
12656,1754692293.478701,98.71572518348694,1754692293.563669,111.0,0.0,3.890050784090505,28.214350400110703,-7.417174018394547,-2.7406671278480133,-25.04281676922741,1.614704419080823,-1.639033367091855,-3.5828417356586613,0.5500286495650073,-3.62213685111314,5.709726923999511,5.711542376702852,-1.143575709677492,3.0513340875396864,3543.0,2.0,4.0,4.0,4.0,4.0,4.0,4.0,4.0,4.0,4.0,4.0,4.0,4.0,4.0,4.0,100.0,,,,,,,,,,,,,,,,,,,,,,,,,,,,,,,,,,,,,,,
12657,1754692293.486504,98.72352814674376,1754692293.571372,112.0,0.0,1.4345083967636754,19.69938776715523,-8.470462703585355,-8.877673875865213,-25.432209827806247,-0.0617866534367124,-0.8777189986676888,-3.685382964408774,-2.479172699151178,1.9937670292074188,3.1433999099549226,5.0941261853936055,0.5323859797383363,8.5672333696875,3553.0,2.0,4.0,4.0,4.0,4.0,4.0,4.0,4.0,4.0,4.0,4.0,4.0,4.0,4.0,4.0,100.0,0.6344510316848755,0.4061279296875,-0.5648193359375,0.3369140625,0.9809719920158386,0.0864271000027656,-0.020508125424385,-46.20737075805664,-95.8541259765625,4.486152648925781,,,,,,,,,,,,,,,,,,,,,,,,,,,,,
12658,1754692293.494307,98.7313311100006,1754692293.579175,113.0,0.0,4.55010881977708,17.44832128427518,-3.16635166035664,-8.247968748239117,-21.00119478421672,-0.0793177805935272,0.6226301769065969,-0.9506715159759268,-1.15712406032614,0.2690659937839257,1.1554503498009865,0.72674005216507,-0.5867732157609851,9.442064705735476,3309.0,2.0,4.0,4.0,4.0,4.0,4.0,4.0,4.0,4.0,4.0,4.0,4.0,4.0,4.0,4.0,100.0,,,,,,,,,,,,,,,,,,,,,,,,,,,,,,,,,,,,,,,
12659,1754692293.50211,98.73913407325745,1754692293.586879,114.0,0.0,5.837923054099406,20.30334339448461,-3.757960809523525,-5.183462012499263,-21.22624999771972,1.046542995534196,0.0860341413525702,-0.2169985726214918,0.5900264060413747,1.0087476038837622,0.0002462449900804,1.2433619903430326,-8.115889612462638,10.37757076747937,3603.0,2.0,4.0,4.0,4.0,4.0,4.0,4.0,4.0,4.0,4.0,4.0,4.0,4.0,4.0,4.0,100.0,,,,,,,,,,,,,,,,,,,,,,,,,,,,,,,,,,,,,,,
12660,1754692293.509913,98.74693703651428,1754692293.594682,115.0,0.0,3.408198846341577,14.774089235031909,-8.050346950012852,-5.481841343300118,-18.259159242430258,0.1825167355344206,2.3262057786262744,0.8040599230869816,-0.1600832785358648,8.187245288807219,-4.049795749643351,2.970739087890081,-8.192418734943374,13.4968813938047,3543.0,2.0,4.0,4.0,4.0,4.0,4.0,4.0,4.0,4.0,4.0,4.0,4.0,4.0,4.0,4.0,100.0,,,,,,,,,,,25.0,4.0,35.99008560180664,3.0,46.523887634277344,3.0,32.67558670043945,1.0,47.08816146850586,1.0,38.4908447265625,1.0,39.40410614013672,1.0,45.65721893310547,1.0,38.48686218261719,3.0,42.48073959350586,3.0,38.68845748901367,3.0,40.25439834594727,4.0,34.286624908447266,4.0,41.79607391357422,3.0,41.51179885864258
12661,1754692293.517716,98.75473999977112,1754692293.602385,116.0,0.0,2.195975287595047,4.242457040699719,-5.891473596358992,-7.127030349405231,-11.658698564651331,-4.286629983982493,5.815966759068488,3.750106929633148,-0.7043268682632515,5.123202676913024,-5.226400163837752,-1.621552298136976,1.6503700562925587,11.569145090846632,3553.0,2.0,4.0,4.0,4.0,4.0,4.0,4.0,4.0,4.0,4.0,4.0,4.0,4.0,4.0,4.0,100.0,0.4059472978115082,0.64093017578125,-0.2718505859375,0.592041015625,0.9887846112251282,0.1044937819242477,-0.0151369497179985,-46.05783081054688,-96.75135803222656,3.1403067111968994,,,,,,,,,,,,,,,,,,,,,,,,,,,,,
12662,1754692293.525519,98.76254296302795,1754692293.610088,117.0,0.0,1.9977305127528664,-1.424594206618906,-0.1706557730242934,-6.446846724669115,-9.220688458966208,-1.4889660705137544,6.894390832925353,3.4121512331732333,-0.7772231673832835,-1.5484618849571348,1.935657127205559e-05,-4.479729712108394,4.4515353771964215,5.628105391731594,3309.0,2.0,4.0,4.0,4.0,4.0,4.0,4.0,4.0,4.0,4.0,4.0,4.0,4.0,4.0,4.0,100.0,,,,,,,,,,,,,,,,,,,,,,,,,,,,,,,,,,,,,,,
12663,1754692293.533322,98.77034616470335,1754692293.617892,118.0,0.0,4.29211373927231,-1.3605666785183246,0.9695530215836072,-3.565598341255253,-6.36240881655155,7.920815755001541,6.572786174782806,-1.682633802492063,1.706696923829469,-0.2406430937435004,-1.131000284636201,-5.5108442388568335,-2.5535198252952966,6.483460001330542,3603.0,2.0,4.0,4.0,4.0,4.0,4.0,4.0,4.0,4.0,4.0,4.0,4.0,4.0,4.0,4.0,100.0,,,,,,,,,,,,,,,,,,,,,,,,,,,,,,,,,,,,,,,
12664,1754692293.541125,98.7781491279602,1754692293.625695,119.0,0.0,4.591148598315215,-2.723445664063945,-1.5390570778744743,2.739899809005749,-1.131807932632853,9.518644014887798,3.924400159021445,-5.004269994092226,3.688535399729574,-0.8201983595744764,-8.43573325610572,-9.08223607749045,-4.138326333611019,7.485552558001984,3543.0,2.0,4.0,4.0,4.0,4.0,4.0,4.0,4.0,4.0,4.0,4.0,4.0,4.0,4.0,4.0,100.0,,,,,,,,,,,,,,,,,,,,,,,,,,,,,,,,,,,,,,,
12665,1754692293.548928,98.78595209121704,1754692293.633398,120.0,0.0,2.341185784240196,-8.28307906867579,-0.3320261297917852,7.668005931389388,2.509450213083227,6.114115350645051,4.2253920305010695,-2.1888120567687395,1.8188155701099904,-3.1101114301796144,-6.930623517265786,-7.062217146117774,-0.4584194932115508,-0.5800824574817227,3553.0,2.0,4.0,4.0,4.0,4.0,4.0,4.0,4.0,4.0,4.0,4.0,4.0,4.0,4.0,4.0,100.0,0.406842827796936,0.642333984375,-0.27117919921875,0.5902099609375,1.0009918212890625,0.1035172045230865,-0.027832455933094,-46.506446838378906,-97.94766235351562,2.8412299156188965,,,,,,,,,,,,,,,,,,,,,,,,,,,,,
12666,1754692293.556731,98.79375505447388,1754692293.6411011,121.0,0.0,2.453288895463089,-14.589742637810645,2.087455407715794,3.0991809687288026,4.778820239272505,4.637596165456586,3.795649017111288,-3.754325227807925,-0.9414277657070612,-0.6945316936827055,-3.746377488731099,-1.0744670585951042,-1.1831212651917156,-3.8228334110436606,3309.0,2.0,4.0,4.0,4.0,4.0,4.0,4.0,4.0,4.0,4.0,4.0,4.0,4.0,4.0,4.0,100.0,,,,,,,,,,,,,,,,,,,,,,,,,,,,,,,,,,,,,,,
12667,1754692293.564534,98.80155801773073,1754692293.648905,122.0,0.0,4.1914746272497325,-16.049136829299954,3.3590131063471347,-0.5744245330268711,6.35993589385194,3.449233746531405,-2.181310567801887,-8.775921743602652,-1.2525746306212966,1.899104197946741,-5.170810882789596,-1.2028603885254086,-2.416294330969862,2.369347146651449,3603.0,2.0,4.0,4.0,4.0,4.0,4.0,4.0,4.0,4.0,4.0,4.0,4.0,4.0,4.0,4.0,100.0,,,,,,,,,,,,,,,,,,,,,,,,,,,,,,,,,,,,,,,
12668,1754692293.572337,98.80936098098756,1754692293.656708,123.0,0.0,3.40685509057343,-21.202656947841803,2.8336813068011395,3.019910909471349,9.092719452626028,0.8973897531398904,-2.091627058854698,-3.6674446511262033,-2.8291263378343103,1.6795475546731211,-2.481863000558548,-2.6296986070048263,-1.2273408576674285,5.199745317449327,3543.0,2.0,4.0,4.0,4.0,4.0,4.0,4.0,4.0,4.0,4.0,4.0,4.0,4.0,4.0,4.0,100.0,,,,,,,,,,,,,,,,,,,,,,,,,,,,,,,,,,,,,,,
12669,1754692293.58014,98.81716418266296,1754692293.664411,124.0,0.0,-0.0631979231707191,-35.337277373304914,-1.0261215596428883,-1.2646160757153666,10.91679331176465,-4.67167292696422,3.3844955083236528,5.677086251036599,0.2660923106623158,3.782996899165937,-0.3283933904353944,-2.307302027779315,-3.053452632888593,1.3390431577577149,3553.0,2.0,4.0,4.0,4.0,4.0,4.0,4.0,4.0,4.0,4.0,4.0,4.0,4.0,4.0,4.0,100.0,0.4073466956615448,0.6435546875,-0.27044677734375,0.5888671875,1.0009918212890625,0.116212710738182,-0.0307621881365776,-46.65598678588867,-95.8541259765625,4.187075614929199,,,,,,,,,,,,,,,,,,,,,,,,,,,,,
12670,1754692293.587943,98.8249671459198,1754692293.672114,125.0,0.0,2.283248454117256,-34.2512383267258,-3.308504661237293,-5.5291174709959705,12.417507899949214,-1.1210651468877586,2.762230573027864,8.884966940341656,9.138974451478587,7.078066560211937,-4.086038519514659,-4.615210373487116,-3.3094211206012005,-0.2985161391161455,3309.0,2.0,4.0,4.0,4.0,4.0,4.0,4.0,4.0,4.0,4.0,4.0,4.0,4.0,4.0,4.0,100.0,,,,,,,,,,,,,,,,,,,,,,,,,,,,,,,,,,,,,,,
12671,1754692293.595746,98.83277010917664,1754692293.679918,126.0,0.0,3.604966717229786,-25.482263413016767,-8.097565267952518,1.5526559885216784,12.411248552587608,5.943762257865842,-2.8134412506200306,2.1348628492738726,2.5011650022439653,2.5195943922273045,-4.490415015692975,-7.524028954798155,1.599239620909998,-3.0036615868638137,3603.0,2.0,4.0,4.0,4.0,4.0,4.0,4.0,4.0,4.0,4.0,4.0,4.0,4.0,4.0,4.0,100.0,,,,,,,,,,,,,,,,,,,,,,,,,,,,,,,,,,,,,,,
12672,1754692293.603549,98.84057307243349,1754692293.687621,127.0,0.0,4.737452639040129,-26.07908493754601,-10.488134779337344,5.846989208749363,13.821911915825892,0.782325353838786,2.4484385664497665,-2.1941156564201094,-7.940477241475747,1.9399715843789809,3.012444445080945,-4.0482616976972,0.2512518098482985,-2.1920544054794675,52.0,2.0,4.0,4.0,4.0,4.0,4.0,4.0,4.0,4.0,4.0,4.0,4.0,4.0,4.0,4.0,100.0,,,,,,,,,,,,,,,,,,,,,,,,,,,,,,,,,,,,,,,
12673,1754692293.611352,98.84837603569032,1754692293.695424,0.0,0.0,8.76183937039815,-24.87912478458356,-6.507087041794591,2.8459124289341275,16.031179112622624,-5.822722045864964,8.3945066543277,1.167269180464075,-5.604236156877221,5.0528915325729145,-0.4708904413916457,-0.6037652602000776,-8.692568234712951,3.435540762362791,3315.0,2.0,4.0,4.0,4.0,4.0,4.0,4.0,4.0,4.0,4.0,4.0,4.0,4.0,4.0,4.0,100.0,0.4071694910526275,0.64434814453125,-0.27001953125,0.58831787109375,1.011245846748352,0.1225604638457298,-0.0434576943516731,-45.45967864990234,-97.6485824584961,4.486152648925781,,,,,,,,,,,,,,,,,,,,,,,,,,,,,
12674,1754692293.619155,98.85617899894714,1754692293.7031271,1.0,0.0,7.1221689692633845,-16.734069926071697,-4.188887312639054,1.816601133243693,13.595462530533496,-0.0558575862814905,3.909065069379267,2.730945244637496,-0.7447613791237018,-2.0758160325408426,-5.829655407502287,-1.3912891366753684,-5.709830833789056,5.138092519102884,3524.0,2.0,4.0,4.0,4.0,4.0,4.0,4.0,4.0,4.0,4.0,4.0,4.0,4.0,4.0,4.0,100.0,,,,,,,,,,,,,,,,,,,,,,,,,,,,,,,,,,,,,,,
12675,1754692293.626958,98.86398196220398,1754692293.710931,2.0,0.0,1.7422322418110523,-13.518012424011886,-5.749106051549461,2.5873071811288355,8.489719267230612,1.5042845458933698,-1.6462979112734502,-0.4952436152643713,-0.9408069254122892,-10.136002160533735,1.6239766823150603,-1.8768856002138816,3.0077161109468307,0.0887405821445099,3510.0,2.0,4.0,4.0,4.0,4.0,4.0,4.0,4.0,4.0,4.0,4.0,4.0,4.0,4.0,4.0,100.0,,,,,,,,,,,,,,,,,,,,,,,,,,,,,,,,,,,,,,,
12676,1754692293.634761,98.8717851638794,1754692293.718734,3.0,0.0,0.4975726886192433,-8.03734351197761,-0.621201179686409,4.1146992951395305,9.73343884035387,-5.792756256216194,-0.8628002505487302,1.6496768366920378,-0.6225682537541388,-1.4444991083850027,3.4038777767005968,-0.7349679980410428,1.4270208677004348,-0.732732710981395,3629.0,2.0,4.0,4.0,4.0,4.0,4.0,4.0,4.0,4.0,4.0,4.0,4.0,4.0,4.0,4.0,100.0,,,,,,,,,,,,,,,,,,,,,,,,,,,,,,,,,,,,,,,
12677,1754692293.642564,98.87958812713624,1754692293.726437,4.0,0.0,-1.5154842928136532,-0.0197981518849701,3.364503215520017,5.205200572142076,11.538315771950238,-6.9101311901354165,1.3134154985968962,5.586231137409413,-3.586800743370077,5.393876933044794,-7.571709389553234,-3.1200168737764216,-4.736092893221439,-1.641019224413867,3623.0,2.0,4.0,4.0,4.0,4.0,4.0,4.0,4.0,4.0,4.0,4.0,4.0,4.0,4.0,4.0,100.0,0.4062746167182922,0.64501953125,-0.2698974609375,0.5882568359375,1.008316159248352,0.1040054932236671,-0.0517586022615432,-46.65598678588867,-97.6485824584961,4.486152648925781,,,,,,,,,,,,,,,,,,,,,,,,,,,,,
12678,1754692293.650367,98.88739109039308,1754692293.7341402,5.0,0.0,-1.2220935562708348,1.0401692899950774,2.139486165138891,6.195876721188228,8.054288748296216,0.1742979855090141,0.7316597992922595,4.560114586432604,-6.178797003916685,1.2873561203205952,-5.998089716942474,-1.0173264649178293,-3.133549339067173,-4.361684915156189,3522.0,2.0,4.0,4.0,4.0,4.0,4.0,4.0,4.0,4.0,4.0,4.0,4.0,4.0,4.0,4.0,100.0,,,,,,,,,,,,,,,,,,,,,,,,,,,,,,,,,,,,,,,
12679,1754692293.65817,98.8951940536499,1754692293.741944,6.0,0.0,1.032625368017932,0.7491272592789642,2.931588704465128,6.525944955447073,-1.3532531216658867,0.9499612572305408,-2.4416805155331645,-2.303223362540677,-6.864548101314824,-6.563327629450953,4.6848509662438005,2.615648445922204,0.7507946692900873,-4.492793304777308,3503.0,2.0,4.0,4.0,4.0,4.0,4.0,4.0,4.0,4.0,4.0,4.0,4.0,4.0,4.0,4.0,100.0,,,,,,,,,,,,,,,,,,,,,,,,,,,,,,,,,,,,,,,
12680,1754692293.665973,98.90299701690674,1754692293.749747,7.0,0.0,-1.553869767215673,10.109831082047805,4.447020965305711,7.661303092262443,-2.414608102159235,-2.026892832516495,-3.8098406657784096,-7.84933121182641,-5.013683297305505,-10.517909184854233,9.73973447348979,-0.0231575201462135,7.0260516784815366,-1.6447037559712214,3521.0,2.0,4.0,4.0,4.0,4.0,4.0,4.0,4.0,4.0,4.0,4.0,4.0,4.0,4.0,4.0,100.0,,,,,,,,,,,,,,,,,,,,,,,,,,,,,,,,,,,,,,,
12681,1754692293.673776,98.91079998016356,1754692293.75745,8.0,0.0,-1.9619203957337843,13.683212995730004,0.923757139260772,3.94109653623201,3.724307458694796,-4.497858204110059,-2.627226855052129,-3.578230478658668,0.8163194595852588,-3.409580323968555,6.999081920596666,-2.278207167678545,7.0060493798317225,-2.5381261753083777,3602.0,2.0,4.0,4.0,4.0,4.0,4.0,4.0,4.0,4.0,4.0,4.0,4.0,4.0,4.0,4.0,100.0,0.4043352007865906,0.6456298828125,-0.27001953125,0.5888671875,1.0166170597076416,0.0839856564998626,-0.0576180666685104,-46.20737075805664,-97.05043029785156,2.9907681941986084,,,,,,,,,,,,,,,,,,,,,,,,,,,,,
12682,1754692293.681579,98.918603181839,1754692293.7651532,9.0,0.0,5.696244420178232,7.492483740235116,-1.1987399575886002,-2.0412347342697785,4.097018250147926,-5.788006652605759,-0.9691080200772147,3.436726539785127,-0.1089790373738424,3.6607599703166898,-1.7965972169716906,-0.9828275438206902,-4.320841128668349,-4.144041228973379,3622.0,2.0,4.0,4.0,4.0,4.0,4.0,4.0,4.0,4.0,4.0,4.0,4.0,4.0,4.0,4.0,100.0,,,,,,,,,,,,,,,,,,,,,,,,,,,,,,,,,,,,,,,
12683,1754692293.689382,98.92640614509584,1754692293.7728572,10.0,0.0,5.277102638894803,8.311439861905228,0.0480016360004356,-1.867354894724258,3.1017748363476585,-1.9548282650478088,-1.4677848769731554,2.454355072871067,-2.865006890597442,1.785724292932855,-3.337854489397841,-0.6440945012034263,-6.027357599614106,1.6459815361442909,3616.0,2.0,4.0,4.0,4.0,4.0,4.0,4.0,4.0,4.0,4.0,4.0,4.0,4.0,4.0,4.0,100.0,,,,,,,,,,,,,,,,,,,,,,,,,,,,,,,,,,,,,,,
12684,1754692293.697185,98.93420910835266,1754692293.7806602,11.0,0.0,-4.91696724646755,17.20138294921543,-1.798062221516659,-0.0854111300939735,3.2382878888958544,0.9718902083670288,-4.4937637147257306,-3.7803410546233054,1.2767070808233143,-5.164661172886838,3.2616697755058226,-2.801234794499408,2.978164022647149,4.413052866905389,3563.0,2.0,4.0,4.0,4.0,4.0,4.0,4.0,4.0,4.0,4.0,4.0,4.0,4.0,4.0,4.0,100.0,,,,,,,,,,,,,,,,,,,,,,,,,,,,,,,,,,,,,,,
12685,1754692293.704988,98.9420120716095,1754692293.788363,12.0,0.0,-5.759854961319832,22.679661112020824,-0.932315575019345,-1.335642186994335,1.654734266073831,-9.04401444472569e-05,-2.238996028506733,-2.435991007163864,3.8761139327653495,-5.606899339366407,4.61843612890749,-0.8148700094970422,7.9540755479404766,-0.208933958677278,3561.0,2.0,4.0,4.0,4.0,4.0,4.0,4.0,4.0,4.0,4.0,4.0,4.0,4.0,4.0,4.0,100.0,0.4013004601001739,0.6461181640625,-0.27044677734375,0.5902099609375,1.008804440498352,0.0761730372905731,-0.053223468363285,-47.85229110717773,-98.84489440917967,3.4393835067749023,,,,,,,,,,,,,,,,,,,,,,,,,,,,,
12686,1754692293.712791,98.94981503486632,1754692293.7961662,13.0,0.0,-4.203864116528337,19.75109273709205,-2.2559836105025965,-3.446703334010806,-4.86095468920638,-0.1811746771879256,2.476359923506436,1.844084223661696,1.3506395426250606,-2.698107114070069,4.451054867502364,2.9108850459782047,4.856693217358554,-4.524592346223187,3327.0,2.0,4.0,4.0,4.0,4.0,4.0,4.0,4.0,4.0,4.0,4.0,4.0,4.0,4.0,4.0,100.0,,,,,,,,,,,,,,,,,,,,,,,,,,,,,,,,,,,,,,,
12687,1754692293.720594,98.95761799812315,1754692293.80387,14.0,0.0,-6.960568345288522,19.03902568896021,-5.897991021238596,-0.4616445290432978,-3.089837422676993,5.723337841946176,1.5900849541664854,0.3080767011281011,0.0128747808209652,-0.7815798479666967,7.843537380279685,0.7836524695664764,0.8489977943922611,-2.300462323064295,3616.0,2.0,4.0,4.0,4.0,4.0,4.0,4.0,4.0,4.0,4.0,4.0,4.0,4.0,4.0,4.0,100.0,,,,,,,,,,,,,,,,,,,,,,,,,,,,,,,,,,,,,,,
12688,1754692293.728397,98.96542096138,1754692293.8116732,15.0,0.0,-3.276919556359076,21.713538658635684,-6.282619586434407,-0.3032936466137244,3.782892243190531,6.011287629912317,-3.1626811000463704,-4.527968822980597,-3.5142467427748443,0.2490029077122244,3.1058341860517658,3.086725575954574,-0.3822481309165368,0.6835797642171428,3563.0,2.0,4.0,4.0,4.0,4.0,4.0,4.0,4.0,4.0,4.0,4.0,4.0,4.0,4.0,4.0,100.0,,,,,,,,,,,,,,,,,,,,,,,,,,,,,,,,,,,,,,,
12689,1754692293.7362,98.97322416305542,1754692293.819376,16.0,0.0,2.1359456330302464,21.984748509420683,-3.298259512227446,0.5750230060949661,1.9947011137629715,-2.9193767660334515,-3.146588928905544,-3.816994036207575,-6.298661413578316,1.2973832564199483,-1.9198654190921616,6.335437058641332,2.4189663285091,1.9827781047230248,0.0,2.0,4.0,4.0,4.0,4.0,4.0,4.0,4.0,4.0,4.0,4.0,4.0,4.0,4.0,4.0,100.0,0.3976152241230011,0.646728515625,-0.2713623046875,0.59161376953125,1.0131990909576416,0.0400396734476089,-0.0615243762731552,-48.0018310546875,-97.4990463256836,3.5889220237731934,,,,,,,,,,,,,,,,,,,,,,,,,,,,,
12690,1754692293.744003,98.98102712631226,1754692293.8271792,17.0,0.0,-0.7217496978833822,19.523322140078022,0.0680562772512587,5.812792680438548,-5.029204245841896,-6.890693894314239,-2.431775614312386,-0.2396165647133727,-2.214314007207207,0.8575005024635232,3.1730205564230403,-16.916098085659172,2.9536768404092584,1.7282222639923075,0.0,2.0,4.0,4.0,4.0,4.0,4.0,4.0,4.0,4.0,4.0,4.0,4.0,4.0,4.0,4.0,100.0,,,,,,,,,,,,,,,,,,,,,,,,,,,,,,,,,,,,,,,
12691,1754692293.751806,98.98883008956908,1754692293.834883,18.0,0.0,-0.8582072468784361,20.300831736621177,4.30205131609776,5.325079371850308,-5.566997277604486,-3.1042741063997425,-2.671690185999495,-2.532171317701767,-0.8250096171695702,0.1776659615839264,9.141697849952408,-28.673545235498267,0.3055510143224467,2.101810075745135,0.0,2.0,4.0,4.0,4.0,4.0,4.0,4.0,4.0,4.0,4.0,4.0,4.0,4.0,4.0,4.0,100.0,,,,,,,,,,,,,,,,,,,,,,,,,,,,,,,,,,,,,,,
12692,1754692293.759609,98.99663305282591,1754692293.8426862,19.0,0.0,3.974801210226701,15.605632047975972,5.235166954065676,-2.500108236918664,-1.121348048632285,-2.3035498351997603,-4.05993448193442,-3.5515262436512103,-5.268407172036518,2.9774945345515107,5.360216092886162,-35.40948831121625,0.3268832562824855,2.1973533633412217,0.0,2.0,4.0,4.0,4.0,4.0,4.0,4.0,4.0,4.0,4.0,4.0,4.0,4.0,4.0,4.0,100.0,,,,,,,,,,,,,,,,,,,,,,,,,,,,,,,,,,,,,,,
12693,1754692293.767412,99.00443601608276,1754692293.850389,20.0,0.0,0.4381637711078667,2.6136094001483627,1.5436743589851003,-3.6433224818835854,-0.3760258646964018,-4.418194736575259,-4.201950574617257,1.030662518787068,4.501426640339361,5.43407804500319,-0.5632998621801732,-18.30861256082946,1.3875788838268193,0.1825686760533074,0.0,2.0,4.0,4.0,4.0,4.0,4.0,4.0,4.0,4.0,4.0,4.0,4.0,4.0,4.0,4.0,100.0,0.393802672624588,0.64703369140625,-0.2724609375,0.59332275390625,0.9946441054344176,0.0292973220348358,-0.0703135728836059,-47.10459899902344,-99.44304656982422,2.691691398620605,,,,,,,,,,,,,,,,,,,,,,,,,,,,,
12694,1754692293.775215,99.0122389793396,1754692293.858192,21.0,0.0,-4.411959743475251,-0.6984598052687545,0.8641928037680771,3.9379507720817344,0.0775305947225604,-2.4745705881897777,0.1858483722447488,1.291328651844509,12.53463042423013,6.693938048647709,1.1164417055582303,-13.6345512489535,-1.695315291407411,-1.1415670314619604,0.0,2.0,4.0,4.0,4.0,4.0,4.0,4.0,4.0,4.0,4.0,4.0,4.0,4.0,4.0,4.0,100.0,,,,,,,,,,,,,,,,,,,,,,,,,,,,,,,,,,,,,,,
12695,1754692293.783018,99.020042181015,1754692293.865896,22.0,0.0,-0.9871177986897806,3.2473605030435806,4.866340093559245,6.7018863063994445,1.7358285811969267,-2.504708020061173,-0.4966403600402032,-4.166541164917874,-3.504222605974121,5.0840868064660185,5.606031287988515,-10.132839924807795,-3.6374048933333256,-2.3568403930344743,0.0,2.0,4.0,4.0,4.0,4.0,4.0,4.0,4.0,4.0,4.0,4.0,4.0,4.0,4.0,4.0,100.0,,,,,,,,,,,,,,,,,,,,,,,,,,,,,,,,,,,,,,,
12696,1754692293.790821,99.02784514427184,1754692293.8736992,23.0,0.0,3.334137189087357,2.178431234435209,6.789863627497141,6.011415482773316,0.9033209771618544,-5.625209168692038,-6.796842640502348,-9.326292198577503,-17.69999148057701,-2.6774591805447585,2.951529200151924,2.0779617087441125,1.7995729206708688,-1.6081476919271722,0.0,2.0,4.0,4.0,4.0,4.0,4.0,4.0,4.0,4.0,4.0,4.0,4.0,4.0,4.0,4.0,100.0,,,,,,,,,,,,,,,,,,,,,,,,,,,,,,,,,,,,,,,
12697,1754692293.798624,99.03564810752869,1754692293.881402,24.0,0.0,1.337331390949032,1.969970283100622,4.668733381674713,7.247040078827297,3.7239460260119017,-3.1396081761669734,-4.307483656401644,-9.020589136423666,-7.218654263534688,-6.377837012989573,-2.814742382792872,13.21866120346732,2.603268707433756,0.6273178078661772,0.0,2.0,4.0,4.0,4.0,4.0,4.0,4.0,4.0,4.0,4.0,4.0,4.0,4.0,4.0,4.0,100.0,0.619547426700592,0.40069580078125,-0.57958984375,0.345947265625,1.004898190498352,0.0351567864418029,-0.0722667276859283,-48.15137100219727,-99.44304656982422,3.738460302352905,,,,,,,,,,,,,,,,,,,,,,,,,,,,,
12698,1754692293.806427,99.04345107078552,1754692293.8892062,25.0,0.0,-4.8276831206497945,3.030882563635373,2.422487295420183,5.214594004736341,6.814899047733547,0.9246817136169057,-0.5109173791992134,-7.492838687654398,2.419665742692928,-2.7616020756144053,-4.209999901997776,15.110820980178346,-5.76082400376788,-1.3151979585539948,0.0,2.0,4.0,4.0,4.0,4.0,4.0,4.0,4.0,4.0,4.0,4.0,4.0,4.0,4.0,4.0,100.0,,,,,,,,,,,,,,,,,,,,,,,,,,,,,,,,,,,,,,,
12699,1754692293.81423,99.05125403404236,1754692293.896909,26.0,0.0,-6.993104827088331,3.250666964954604,3.6611640048421634,5.622885685939679,5.4943577637235705,3.584206070835449,-4.217979108312733,-8.304533284999792,-0.910645640577144,-2.420438879245552,0.3136432396053408,9.855768586930395,-3.5362853759646384,-3.942310384450224,0.0,2.0,4.0,4.0,4.0,4.0,4.0,4.0,4.0,4.0,4.0,4.0,4.0,4.0,4.0,4.0,100.0,,,,,,,,,,,,,,,,,,,,,,,,,,,,,,,,,,,,,,,
12700,1754692293.822033,99.0590569972992,1754692293.904712,27.0,0.0,-7.306069164032266,0.8518051137924374,2.4009464495919417,5.383686970893763,-1.334043189007076,0.9157865556120156,-8.159011940693887,-9.529122274953494,0.2045579279100309,-4.434140443835673,5.682181459112456,12.451732063372532,3.5514142854600266,-2.156326699523703,0.0,2.0,4.0,4.0,4.0,4.0,4.0,4.0,4.0,4.0,4.0,4.0,4.0,4.0,4.0,4.0,100.0,,,,,,,,,,,,,,,,,,,,,,,,,,,,,,,,,,,,,,,
12701,1754692293.829836,99.06685996055604,1754692293.912415,28.0,0.0,-6.522045876772779,-3.8566380614235527,0.0297261558592367,3.14986209142063,-2.3850523644566124,-1.3278098596235282,-4.655360784759239,-2.407137586572105,2.7494688095765127,1.2546018548558209,3.188926399821696,19.85228552033351,1.5904845594876065,0.4957184308730689,0.0,2.0,4.0,4.0,4.0,4.0,4.0,4.0,4.0,4.0,4.0,4.0,4.0,4.0,4.0,4.0,100.0,0.6183730363845825,0.3990478515625,-0.580810546875,0.347900390625,1.008316159248352,0.0366216525435447,-0.0654306858777999,-45.16060256958008,-100.19073486328124,2.9907681941986084,,,,,,,,,,,,,,,,,,,,,,,,,,,,,
12702,1754692293.837639,99.07466316223145,1754692293.9202192,29.0,0.0,-3.461327122824656,-5.303517997203613,2.141587320000639,2.809376403923892,2.337496174899883,0.3134048496675348,-0.3456735775695563,2.535102058288288,-0.3662732088052109,4.279565215894621,-4.088316156464913,17.607525395817305,-3.154316493656921,-3.4963117327844486,0.0,2.0,4.0,4.0,4.0,4.0,4.0,4.0,4.0,4.0,4.0,4.0,4.0,4.0,4.0,4.0,100.0,,,,,,,,,,,,,,,,,,,,,,,,,,,,,,,,,,,,,,,
12703,1754692293.845442,99.08246612548828,1754692293.927922,30.0,0.0,1.485783337007092,-1.1231268030363708,5.40411537199509,4.354406693150963,-0.1012571586201147,1.0796734972369677,-0.9737642060171084,-0.1441238815376664,-0.807425469511486,0.5842406844786865,-1.8497331772886128,16.07328521234706,-3.01226477610237,-5.801690762855628,0.0,2.0,4.0,4.0,4.0,4.0,4.0,4.0,4.0,4.0,4.0,4.0,4.0,4.0,4.0,4.0,100.0,,,,,,,,,,,,,,,,,,,,,,,,,,,,,,,,,,,,,,,
12704,1754692293.853245,99.09026908874512,1754692293.935725,31.0,0.0,1.83709269335219,-5.558932716158722,5.687561063038231,-1.6857205054110975,-9.493334181472108,0.0666818055574935,-3.06733384238936,0.7948466873495477,4.576296065319696,2.4168065331937783,1.640797571421956,20.43430622257989,-4.431183349784021,-2.003170943074508,0.0,2.0,4.0,4.0,4.0,4.0,4.0,4.0,4.0,4.0,4.0,4.0,4.0,4.0,4.0,4.0,100.0,,,,,,,,,,,,,,,,,,,,,,,,,,,,,,,,,,,,,,,
12705,1754692293.861048,99.09807205200195,1754692293.943428,32.0,0.0,-1.9726632296094808,-18.44734709951516,2.935765203979116,-7.020550424565755,-7.540013148781583,0.0403052040912541,-4.603614820386866,5.75802669964034,8.225941395902481,5.8932745945359954,-1.33773322947971,19.95108880233849,-4.257749454160631,3.4376636259259783,0.0,2.0,4.0,4.0,4.0,4.0,4.0,4.0,4.0,4.0,4.0,4.0,4.0,4.0,4.0,4.0,100.0,0.6180795431137085,0.397705078125,-0.581787109375,0.34832763671875,1.005386471748352,0.0239261463284492,-0.0751964598894119,-47.2541389465332,-97.19996643066406,3.887998819351196,,,,,,,,,,,,,,,,,,,,,,,,,,,,,
12706,1754692293.868851,99.1058750152588,1754692293.951132,33.0,0.0,-5.673170543811466,-21.66802354500396,-0.5691704442801893,-1.4832458594337368,-0.644088695553819,-0.1999703768165091,-4.904732991905803,3.143458386576185,3.111383372634464,-1.7704203301700543,-1.0741788053073833,10.857512598882296,5.278044664708204,2.629691138927228,0.0,2.0,4.0,4.0,4.0,4.0,4.0,4.0,4.0,4.0,4.0,4.0,4.0,4.0,4.0,4.0,100.0,,,,,,,,,,,,,,,,,,,,,,,,,,,,,,,,,,,,,,,
12707,1754692293.876654,99.11367797851562,1754692293.958935,34.0,0.0,-5.759750746453676,-17.244726323908992,0.9919570317476314,-0.2868239437623856,-1.7725151433422184,3.313428417565035,2.839467339310602,-2.5263652750812184,-0.3802310205031176,-8.03419796099007,1.4354038616976936,7.561850662919994,8.48391784228528,-0.3008928500669867,0.0,2.0,4.0,4.0,4.0,4.0,4.0,4.0,4.0,4.0,4.0,4.0,4.0,4.0,4.0,4.0,100.0,,,,,,,,,,,,,,,,,,,,,,,,,,,,,,,,,,,,,,,
12708,1754692293.884457,99.12148118019104,1754692293.966738,35.0,0.0,-1.198030969307638,-17.07907197641407,4.627416461381017,-7.222482496552857,-2.8406294478868404,8.791891703459441,9.75128344968698,0.1234419408524445,0.0717491575742315,-3.3261011352460628,-2.31861914432875,11.020369453461626,-0.2073406697418249,1.7420126714573598,0.0,2.0,4.0,4.0,4.0,4.0,4.0,4.0,4.0,4.0,4.0,4.0,4.0,4.0,4.0,4.0,100.0,,,,,,,,,,,,,,,,,,,,,,,,,,,,,,,,,,,,,,,
12709,1754692293.89226,99.12928414344788,1754692293.974441,36.0,0.0,-0.4872239640876046,-22.17121349911207,4.594842637561271,-11.539027800943984,-2.787408718578206,2.8143272770899443,5.337255353317289,4.584549038991156,0.7661215169815137,-1.5030556654286895,-5.114260587689785,6.614458267563407,-7.876155335029523,1.7269511027216708,0.0,2.0,4.0,4.0,4.0,4.0,4.0,4.0,4.0,4.0,4.0,4.0,4.0,4.0,4.0,4.0,100.0,0.6182665228843689,0.39691162109375,-0.58245849609375,0.3477783203125,0.9990386962890624,0.0351567864418029,-0.0747081711888313,-45.75875473022461,-99.29351043701172,3.5889220237731934,,,,,,,,,,,,,,,,,,,,,,,,,,,,,
12710,1754692293.900063,99.13708710670473,1754692293.982145,37.0,0.0,-1.0529967740851305,-22.493209194360333,2.9433784659106834,-10.719376216329891,-4.440872560492352,-1.4004418544397763,3.7760912493893386,6.734480047220387,2.5204337147909257,-0.7128529145795426,-0.3688974680983108,1.6124758236931314,-3.3578283705678302,2.7601078432865336,0.0,2.0,4.0,4.0,4.0,4.0,4.0,4.0,4.0,4.0,4.0,4.0,4.0,4.0,4.0,4.0,100.0,,,,,,,,,,,,,,,,,,,,,,,,,,,,,,,,,,,,,,,
12711,1754692293.907866,99.14489006996156,1754692293.989948,38.0,0.0,-1.321649799638891,-19.61519071034516,-0.7224441320843482,-11.493331157447557,-11.4844875578099,-1.049107805226214,3.8767637617004014,4.424454769625044,1.7751487790303315,-1.8426314288183503,-0.4215459947861575,2.150305934617535,1.4319244469060948,2.854857943126916,0.0,2.0,4.0,4.0,4.0,4.0,4.0,4.0,4.0,4.0,4.0,4.0,4.0,4.0,4.0,4.0,100.0,,,,,,,,,,,,,,,,,,,,,,,,,,,,,,,,,,,,,,,
12712,1754692293.915669,99.15269303321838,1754692293.997751,39.0,0.0,0.8185896907546066,-14.7237350627081,0.252367325539808,-8.404070750265191,-14.699253016847932,-0.7839526759123601,3.2648365785560145,4.080223957792214,1.9781716968702767,-7.3157381757866915,1.1418699981315967,2.3653507084125067,3.0802677314620723,1.5433414319902568,0.0,2.0,4.0,4.0,4.0,4.0,4.0,4.0,4.0,4.0,4.0,4.0,4.0,4.0,4.0,4.0,100.0,,,,,,,,,,,,,,,,,,,,,,,,,,,,,,,,,,,,,,,
12713,1754692293.923472,99.16049599647522,1754692294.005454,40.0,0.0,0.3728298662386464,-8.599057817021674,1.4438226037792106,-6.941138873710713,-11.21267905581766,-0.0396536574157266,5.018662213191021,3.1357368450531453,2.997281088195507,-10.262198977588412,5.8858880189450815,-1.5724381991194036,8.224039085714423,0.6035603269793341,0.0,2.0,4.0,4.0,4.0,4.0,4.0,4.0,4.0,4.0,4.0,4.0,4.0,4.0,4.0,4.0,100.0,0.6177204847335815,0.39697265625,-0.58306884765625,0.34765625,1.0224765539169312,0.0234378576278686,-0.0698252841830253,-45.908294677734375,-98.39627838134766,3.4393835067749023,,,,,,,,,,,,,,,,,,,,,,,,,,,,,
12714,1754692293.931275,99.16829895973206,1754692294.013158,41.0,0.0,-1.0096742646060193,-6.7740970165446015,-1.5183961301295312,-11.363373685041095,-8.062292428521687,-1.2574930277155545,5.298528553427786,1.35597480719116,3.665043867134955,-4.594155286377827,4.775843025443464,0.0141284675132737,12.096361694996403,3.3445715669895435,0.0,2.0,4.0,4.0,4.0,4.0,4.0,4.0,4.0,4.0,4.0,4.0,4.0,4.0,4.0,4.0,100.0,,,,,,,,,,,,,,,,,,,,,,,,,,,,,,,,,,,,,,,
12715,1754692293.939078,99.17610216140748,1754692294.020961,42.0,0.0,1.5438420634718568,-6.463190346208648,-4.587215635003759,-10.04384636143186,-9.813843739294043,-3.620936142360279,3.7540048657988336,6.395542167551412,3.832822282971847,-1.1883585006530666,-1.7178637762090148,1.983704841983581,5.112519200846236,6.257239207398925,0.0,2.0,4.0,4.0,4.0,4.0,4.0,4.0,4.0,4.0,4.0,4.0,4.0,4.0,4.0,4.0,100.0,,,,,,,,,,,,,,,,,,,,,,,,,,,,,,,,,,,,,,,
12716,1754692293.946881,99.1839051246643,1754692294.028764,43.0,0.0,1.9840790280799752,4.044779904475888,-0.1156976224870618,-2.292707369990751,-9.045124583126892,-1.9029396086298789,6.223190571475186,9.550322119850025,6.056026769577272,-4.919804980665106,-2.737084875056155,-2.0971913022008835,-1.916224649032813,2.295901619785525,0.0,2.0,4.0,4.0,4.0,4.0,4.0,4.0,4.0,4.0,4.0,4.0,4.0,4.0,4.0,4.0,100.0,,,,,,,,,,,,,,,,,,,,,,,,,,,,,,,,,,,,,,,
12717,1754692293.954684,99.19170808792114,1754692294.036467,44.0,0.0,0.111281419687117,11.00295387888255,3.973659663766199,-3.6829895111955855,0.4387789832452711,1.4234770307979543,6.504156964179771,3.990352510812869,2.938814301471126,-6.191111963263296,-4.115237182884442,-6.322245169915362,-3.228231523379094,-1.974790364392988,0.0,2.0,4.0,4.0,4.0,4.0,4.0,4.0,4.0,4.0,4.0,4.0,4.0,4.0,4.0,4.0,100.0,0.6167296171188354,0.39697265625,-0.5838623046875,0.34808349609375,1.0249179601669312,0.0336919203400611,-0.0766613259911537,-47.2541389465332,-98.24673461914062,3.887998819351196,,,,,,,,,,,,,,,,,,,,,,,,,,,,,
12718,1754692293.962487,99.19951105117798,1754692294.044171,45.0,0.0,1.61698187410488,10.02797909747946,1.2781912916105682,-5.98638802569954,2.296909042482497,3.343659495429023,5.655954171720481,1.7169628330333069,-2.141919920950528,-4.510661948196372,-9.607328902790556,-6.341679143836387,-2.31459689846534,2.058133726380987,0.0,2.0,4.0,4.0,4.0,4.0,4.0,4.0,4.0,4.0,4.0,4.0,4.0,4.0,4.0,4.0,100.0,,,,,,,,,,,,,,,,,,,,,,,,,,,,,,,,,,,,,,,
12719,1754692293.97029,99.2073140144348,1754692294.051974,46.0,0.0,3.979291432839915,14.20448572775686,-4.040221158950402,-2.4813778253193,-6.427894172069131,4.751846335351189,7.294937094501989,5.609839334310806,-0.5379395396117559,-5.530699001569786,-9.139173426509473,-5.394485005205837,-1.886953573414616,6.894349683451679,0.0,2.0,4.0,4.0,4.0,4.0,4.0,4.0,4.0,4.0,4.0,4.0,4.0,4.0,4.0,4.0,100.0,,,,,,,,,,,,,,,,,,,,,,,,,,,,,,,,,,,,,,,
12720,1754692293.978093,99.21511697769164,1754692294.059777,47.0,0.0,3.587859187358333,16.41913146080236,-4.61517184970586,-6.983193703384643,-8.695276438104486,3.0321734917333174,6.718806803035875,7.145978439206772,2.408476614886638,-4.175283985863246,-2.726262921185992,-3.8656985599905616,-2.4692790725444524,4.208015245605964,0.0,2.0,4.0,4.0,4.0,4.0,4.0,4.0,4.0,4.0,4.0,4.0,4.0,4.0,4.0,4.0,100.0,,,,,,,,,,,,,,,,,,,,,,,,,,,,,,,,,,,,,,,
12721,1754692293.985896,99.22292017936708,1754692294.06748,48.0,0.0,4.241105800302648,14.053383350809328,-1.170554748480754,-8.954250361075538,-1.865774243227861,0.44045851541523,3.920381302158603,4.830842608017065,-0.7622029336562264,-4.010337317923131,-2.5738101331216967,-2.4285383560068112,-0.0498070280295905,1.91603749182741,0.0,2.0,4.0,4.0,4.0,4.0,4.0,4.0,4.0,4.0,4.0,4.0,4.0,4.0,4.0,4.0,100.0,0.6155053973197937,0.39666748046875,-0.58477783203125,0.34906005859375,0.9985504150390624,0.0214847028255462,-0.0893568322062492,-48.59998321533203,-99.14396667480467,3.4393835067749023,,,,,,,,,,,,,,,,,,,,,,,,,,,,,
12722,1754692293.993699,99.2307231426239,1754692294.075184,49.0,0.0,3.2402245122565603,17.682457190787687,-0.118397782482674,0.1857151116891202,-0.2752710513360341,0.3982342902244511,0.8116939487489674,-1.4212344807257011,-4.028832626313573,-7.116913528434992,-6.044537637912612,-2.2633178663632805,2.682577830245151,3.4124567033126425,0.0,2.0,4.0,4.0,4.0,4.0,4.0,4.0,4.0,4.0,4.0,4.0,4.0,4.0,4.0,4.0,100.0,,,,,,,,,,,,,,,,,,,,,,,,,,,,,,,,,,,,,,,
12723,1754692294.001502,99.23852610588074,1754692294.082987,50.0,0.0,0.5421620878252043,14.508760759410166,0.4225038285427445,-3.043608962628128,1.4384512109492107,1.6743590030392852,1.6182845164486253,-5.197120160629197,0.2072067415930405,-3.3773238577181246,-4.701593022676093,-0.8335056755607866,-0.046927416952144,1.313718186230858,0.0,2.0,4.0,4.0,4.0,4.0,4.0,4.0,4.0,4.0,4.0,4.0,4.0,4.0,4.0,4.0,100.0,,,,,,,,,,,,,,,,,,,,,,,,,,,,,,,,,,,,,,,
12724,1754692294.009305,99.24632906913756,1754692294.09079,51.0,0.0,2.6308907235958827,4.090084482616646,1.254684597871062,-16.44413206571454,6.922015331291902,0.1819277969077006,5.627122671693257,-2.7827346864758624,0.1653656688160367,0.6185048334334056,-0.9823535361231848,-1.0862853980250406,-2.9446487417827143,-4.289218923540659,0.0,2.0,4.0,4.0,4.0,4.0,4.0,4.0,4.0,4.0,4.0,4.0,4.0,4.0,4.0,4.0,100.0,,,,,,,,,,,25.0,1.0,44.47027969360352,3.0,49.063575744628906,1.0,43.76893615722656,1.0,44.06338882446289,1.0,49.57038879394531,1.0,44.15614700317383,1.0,52.25794982910156,1.0,46.63949966430664,3.0,48.2066650390625,3.0,39.644527435302734,1.0,53.68721771240234,1.0,51.243385314941406,1.0,54.987770080566406,1.0,58.210227966308594
12725,1754692294.017108,99.2541320323944,1754692294.098393,52.0,0.0,7.429849394195202,10.829233331994686,3.9254138544129935,-5.812216736303441,7.254259370055564,-2.8450119925295496,2.1035686910105085,-4.359764267932775,-3.008630604835531,-2.038676945628964,0.9342979389985828,-1.6062056704653571,2.343312526531776,-2.8166984023299904,0.0,2.0,4.0,4.0,4.0,4.0,4.0,4.0,4.0,4.0,4.0,4.0,4.0,4.0,4.0,4.0,100.0,0.6147334575653076,0.39630126953125,-0.5853271484375,0.34991455078125,0.9897611737251282,0.0283207446336746,-0.0864271000027656,-47.702754974365234,-99.59258270263672,3.1403067111968994,,,,,,,,,,,,,,,,,,,,,,,,,,,,,
12726,1754692294.024911,99.26193499565125,1754692294.106197,53.0,0.0,4.905018210373299,15.360695907555936,3.2680808315971888,10.002546408061306,4.466132416600857,-4.155007499561208,-9.577570167899497,-11.861521912941528,-2.3687677628359154,-5.963220963062241,-2.0040607120627385,-0.7881496952873306,0.7713985894526729,0.8103738320964737,0.0,2.0,4.0,4.0,4.0,4.0,4.0,4.0,4.0,4.0,4.0,4.0,4.0,4.0,4.0,4.0,100.0,,,,,,,,,,,,,,,,,,,,,,,,,,,,,,,,,,,,,,,
12727,1754692294.032714,99.26973795890808,1754692294.1139002,54.0,0.0,4.64854846679799,6.738373447193396,1.5006808014078956,11.36622328353286,7.413402638753439,-1.474115239233754,-10.507142077042602,-12.895326598351687,-3.9203304868026976,-4.036840590772783,-0.5259506276505022,1.5767816616918822,-5.923237107077114,2.231226014561969,0.0,2.0,4.0,4.0,4.0,4.0,4.0,4.0,4.0,4.0,4.0,4.0,4.0,4.0,4.0,4.0,100.0,,,,,,,,,,,,,,,,,,,,,,,,,,,,,,,,,,,,,,,
12728,1754692294.040517,99.2775411605835,1754692294.1217031,55.0,0.0,7.440294804275197,0.5087231945844337,0.9789397031185558,15.079915404883591,5.836315976337971,-3.2990436251466804,-7.271507972255733,-10.394096214432068,-9.561957799487177,-1.1391592242831052,3.5447922922193698,1.5640261475359123,-4.60722217435756,2.448943686329073,0.0,2.0,4.0,4.0,4.0,4.0,4.0,4.0,4.0,4.0,4.0,4.0,4.0,4.0,4.0,4.0,100.0,,,,,,,,,,,,,,,,,,,,,,,,,,,,,,,,,,,,,,,
12729,1754692294.04832,99.28534412384032,1754692294.1294072,56.0,0.0,2.2626167841234235,-8.987809044972579,0.2973348244184706,18.06608752920951,0.4176769537938014,-8.839187384022495,-9.551832321426588,-4.8201941523322205,-0.2865763744627259,3.019500692108835,4.082494770670877,2.110689666986985,-3.0010483946365696,4.081795596936757,0.0,2.0,4.0,4.0,4.0,4.0,4.0,4.0,4.0,4.0,4.0,4.0,4.0,4.0,4.0,4.0,100.0,0.6143792867660522,0.395751953125,-0.58563232421875,0.35064697265625,0.9980621337890624,0.0239261463284492,-0.093263141810894,-47.2541389465332,-98.9944305419922,4.33661413192749,,,,,,,,,,,,,,,,,,,,,,,,,,,,,
12730,1754692294.056123,99.29314708709715,1754692294.13721,57.0,0.0,-2.797866317314856,-17.560688902387938,-2.1394636358427306,9.731603888511472,2.237035295354417,-9.61429098837516,-9.168874099577351,0.1179393499241996,7.760696864869715,2.721739520944084,4.695622445161916,2.900053398293494,-5.124056657894471,2.084619046535863,0.0,2.0,4.0,4.0,4.0,4.0,4.0,4.0,4.0,4.0,4.0,4.0,4.0,4.0,4.0,4.0,100.0,,,,,,,,,,,,,,,,,,,,,,,,,,,,,,,,,,,,,,,
12731,1754692294.063926,99.300950050354,1754692294.144913,58.0,0.0,3.084267824339719,-14.931555318990462,-2.070754058962933,7.988409691696603,8.974279453812784,-4.0174104073254,-1.7023625521311203,-2.07566457116954,-2.335890713746352,1.399966053967006,9.843402976671229,3.2971878509110013,-1.8332858006268395,-0.0993547463272932,0.0,2.0,4.0,4.0,4.0,4.0,4.0,4.0,4.0,4.0,4.0,4.0,4.0,4.0,4.0,4.0,100.0,,,,,,,,,,,,,,,,,,,,,,,,,,,,,,,,,,,,,,,
12732,1754692294.071729,99.30875301361084,1754692294.1527162,59.0,0.0,3.536663613157998,-18.75759350743556,-2.214623473360461,12.961950679488382,6.74221096608062,-3.163138058177537,-2.1684494822347915,-7.280559476077087,-12.175942524926995,3.200043274580821,6.7895355899595415,-0.6677369862873093,-0.6970163631190189,2.1742574754402995,0.0,2.0,4.0,4.0,4.0,4.0,4.0,4.0,4.0,4.0,4.0,4.0,4.0,4.0,4.0,4.0,100.0,,,,,,,,,,,,,,,,,,,,,,,,,,,,,,,,,,,,,,,
12733,1754692294.079532,99.31655597686768,1754692294.1604202,60.0,0.0,-0.1953020156819604,-20.76549687242587,-0.7852189339841118,16.582527174448472,5.035165420601146,0.3569798063609539,-6.1651387559517445,-2.525032712082435,-5.193107366159353,5.847629185541422,-0.140256492670602,-1.7070830095111944,-0.039252063031796,7.205649954741688,0.0,2.0,4.0,4.0,4.0,4.0,4.0,4.0,4.0,4.0,4.0,4.0,4.0,4.0,4.0,4.0,100.0,0.3822649419307709,0.649658203125,-0.2764892578125,0.59613037109375,1.0127108097076416,0.0385748073458671,-0.0917982757091522,-47.2541389465332,-98.9944305419922,2.0935378074646,,,,,,,,,,,,,,,,,,,,,,,,,,,,,
12734,1754692294.087335,99.32435917854308,1754692294.1682231,61.0,0.0,0.1571972931216123,-17.727819884935684,-0.9187817643763764,12.75588743721994,7.815985267013389,6.140448356969159,-4.8087730256992245,1.7853392880161891,1.2427829564841204,2.1678568624703303,-1.7018583876973707,-2.3953562243544866,-3.3306256113172594,-0.3371800236640183,0.0,2.0,4.0,4.0,4.0,4.0,4.0,4.0,4.0,4.0,4.0,4.0,4.0,4.0,4.0,4.0,100.0,,,,,,,,,,,,,,,,,,,,,,,,,,,,,,,,,,,,,,,
12735,1754692294.095138,99.33216214179993,1754692294.175926,62.0,0.0,1.927799638501881,-23.302502060901872,-1.890684222942412,6.670245617902936,11.340771803805808,3.412949004483096,2.1782014302254424,2.6292238697794232,0.0345973628051865,0.3454661014026783,-0.5208331761280647,-4.703771003644135,-6.84597843766943,-9.59438511809077,0.0,2.0,4.0,4.0,4.0,4.0,4.0,4.0,4.0,4.0,4.0,4.0,4.0,4.0,4.0,4.0,100.0,,,,,,,,,,,,,,,,,,,,,,,,,,,,,,,,,,,,,,,
12736,1754692294.102941,99.33996510505676,1754692294.1837292,63.0,0.0,-0.4488712153651022,-26.282084403444856,-0.5209816677123627,7.288186782999331,10.417643954761957,-1.3718313243028888,6.150068773323824,5.7624237529240645,-0.6047413812501645,1.5615136456850678,-1.1402039859461863,-6.716668847703545,-5.058413966176545,-3.237307824032428,0.0,2.0,4.0,4.0,4.0,4.0,4.0,4.0,4.0,4.0,4.0,4.0,4.0,4.0,4.0,4.0,100.0,,,,,,,,,,,,,,,,,,,,,,,,,,,,,,,,,,,,,,,
12737,1754692294.110744,99.3477680683136,1754692294.1914332,64.0,0.0,-3.7838205246446535,-20.73036016360564,-0.8768593032048386,7.522051767097508,5.868106510627712,0.9779805031873536,2.977137677194804,5.728668870819746,-0.854627155419422,1.2174053834057474,-2.39076926719261,-9.037382750626222,-2.883490360834031,1.8332225228629968,3329.0,2.0,4.0,4.0,4.0,4.0,4.0,4.0,4.0,4.0,4.0,4.0,4.0,4.0,4.0,4.0,100.0,0.3814566135406494,0.64971923828125,-0.27667236328125,0.59649658203125,1.063004493713379,0.0224612802267074,-0.0947280079126358,-48.0018310546875,-98.24673461914062,3.5889220237731934,,,,,,,,,,,,,,,,,,,,,,,,,,,,,
12738,1754692294.118547,99.35557103157043,1754692294.1992362,65.0,0.0,-0.3958631684428439,-20.6471242257459,-4.423499546091222,-0.6469769245105965,4.749220719066528,1.6639854101598246,1.9473897577493915,3.269637655635364,0.332238479407664,2.2567734483262427,0.3934527281770386,-8.674520539253223,-0.4859070640581251,-2.808319218482353,3520.0,2.0,4.0,4.0,4.0,4.0,4.0,4.0,4.0,4.0,4.0,4.0,4.0,4.0,4.0,4.0,100.0,,,,,,,,,,,,,,,,,,,,,,,,,,,,,,,,,,,,,,,
12739,1754692294.12635,99.36337399482728,1754692294.206939,66.0,0.0,3.56655193017545,-22.896289239559025,-5.215950336169641,-9.583879605585167,6.697468376154887,-1.6198783822570988,3.9548439915346014,1.9919424562525307,1.8396339819454115,5.023409914614007,1.6628793191979128,-7.86807964829282,2.64002697253963,-4.865205941684195,3520.0,2.0,4.0,4.0,4.0,4.0,4.0,4.0,4.0,4.0,4.0,4.0,4.0,4.0,4.0,4.0,100.0,,,,,,,,,,,,,,,,,,,,,,,,,,,,,,,,,,,,,,,
12740,1754692294.134153,99.3711769580841,1754692294.2147422,67.0,0.0,1.1169382051928096,-16.098716363381072,-3.765106730240632,-10.038413220422854,3.8329179401878255,-1.300308872578853,3.910559972409601,5.188818887778098,2.792090904183852,7.733133817234602,-4.183744503299067,-7.595863523561775,4.772681629173121,-2.4033469158555363,3614.0,2.0,4.0,4.0,4.0,4.0,4.0,4.0,4.0,4.0,4.0,4.0,4.0,4.0,4.0,4.0,100.0,,,,,,,,,,,,,,,,,,,,,,,,,,,,,,,,,,,,,,,
12741,1754692294.141956,99.37898015975952,1754692294.222446,68.0,0.0,0.7873206913680519,-1.5695621642595938,-4.140176061107184,-4.234432372955041,0.0809717215918794,1.85869273117288,2.1672811345577543,6.48229742597988,4.690757664119076,7.097291206932653,-5.904891461026352,-7.06181382744461,3.426893454159483,-2.6114215074832714,3649.0,2.0,4.0,4.0,4.0,4.0,4.0,4.0,4.0,4.0,4.0,4.0,4.0,4.0,4.0,4.0,100.0,0.3797135353088379,0.64996337890625,-0.27691650390625,0.59722900390625,1.0258945226669312,-0.0034180209040641,-0.1030289158225059,-47.2541389465332,-98.9944305419922,3.1403067111968994,,,,,,,,,,,,,,,,,,,,,,,,,,,,,
12742,1754692294.149759,99.38678312301636,1754692294.2302492,69.0,0.0,-0.2239457169789602,9.30098782867026,-4.724620331341157,-4.262207910893267,0.61189763594939,2.546344746106115,1.6006556514275871,2.493889329216927,5.181521055169924,5.628619601862283,-2.0702181244791973,-9.281070366168931,-0.6964156103485948,-5.690775118343026,3507.0,2.0,4.0,4.0,4.0,4.0,4.0,4.0,4.0,4.0,4.0,4.0,4.0,4.0,4.0,4.0,100.0,,,,,,,,,,,,,,,,,,,,,,,,,,,,,,,,,,,,,,,
12743,1754692294.157562,99.3945860862732,1754692294.237952,70.0,0.0,-2.129331631116344,9.120669539465185,-3.350797106666647,-7.905286227279845,2.5294891603465146,2.877792943861408,3.306536178196751,2.5923948739112745,3.203771127397744,7.079423841105239,-1.8941023836370328,-14.47368774318116,-3.829216984096917,-7.06371385669641,3528.0,2.0,4.0,4.0,4.0,4.0,4.0,4.0,4.0,4.0,4.0,4.0,4.0,4.0,4.0,4.0,100.0,,,,,,,,,,,,,,,,,,,,,,,,,,,,,,,,,,,,,,,
12744,1754692294.165365,99.40238904953004,1754692294.245755,71.0,0.0,0.3863743410155393,14.652038157794664,0.4536045966877964,-3.323494527913794,-0.010166730109745,4.38878959163992,1.703810494685854,2.7844538930716,-0.1887246121733596,7.412998243008019,-1.8058574552638904,-14.374596526910976,-4.358801176536076,-4.990898759316792,3512.0,2.0,4.0,4.0,4.0,4.0,4.0,4.0,4.0,4.0,4.0,4.0,4.0,4.0,4.0,4.0,100.0,,,,,,,,,,,,,,,,,,,,,,,,,,,,,,,,,,,,,,,
12745,1754692294.173168,99.41019201278688,1754692294.253459,72.0,0.0,-2.914127302714576,29.373756305420383,2.338138136758801,4.8032539492213004,-6.73524538288774,4.880794586003788,-3.995051261113247,-3.33262985924074,-1.5202426528928186,2.605009944515416,4.008659413202906,-9.28449054346737,0.6980534460329295,-1.8828611256619183,3624.0,2.0,4.0,4.0,4.0,4.0,4.0,4.0,4.0,4.0,4.0,4.0,4.0,4.0,4.0,4.0,100.0,0.3776820003986358,0.64990234375,-0.2774658203125,0.59832763671875,0.9834134578704834,-0.020508125424385,-0.1069352254271507,-49.19813919067383,-99.29351043701172,3.1403067111968994,,,,,,,,,,,,,,,,,,,,,,,,,,,,,
12746,1754692294.180971,99.4179949760437,1754692294.261162,73.0,0.0,-8.832250547448211,28.269812311140186,0.8263581918329237,2.270456042446085,-7.607756219152407,2.34958777969564,-4.006921204382024,-5.260324918778906,-0.2891344318534266,0.2213364403121431,14.34825905337243,-4.793372160416084,6.472381470154687,3.4216893423647434,3609.0,2.0,4.0,4.0,4.0,4.0,4.0,4.0,4.0,4.0,4.0,4.0,4.0,4.0,4.0,4.0,100.0,,,,,,,,,,,,,,,,,,,,,,,,,,,,,,,,,,,,,,,
12747,1754692294.188774,99.42579817771912,1754692294.268965,74.0,0.0,-4.950195360373613,17.377551367988332,-0.8538546574678492,-5.34279134195603,-5.084694932618362,-0.7332890616290513,0.7616788326398876,-1.3081514429105423,-4.320757793902516,0.1121430871216091,15.589166230312372,0.0916624736745745,6.250568562473887,7.78147045399956,3627.0,2.0,4.0,4.0,4.0,4.0,4.0,4.0,4.0,4.0,4.0,4.0,4.0,4.0,4.0,4.0,100.0,,,,,,,,,,,,,,,,,,,,,,,,,,,,,,,,,,,,,,,
12748,1754692294.196577,99.43360114097597,1754692294.276768,75.0,0.0,-0.3559567063857685,18.38948481601983,0.8894380086721867,-3.578390203081653,-6.972500499397029,-1.902476887691592,-2.87058881037774,-4.103438152705166,-7.084694334431788,-2.562713775278553,8.682640346761673,4.524719906577502,6.055827385846442,5.855968467565617,3562.0,2.0,4.0,4.0,4.0,4.0,4.0,4.0,4.0,4.0,4.0,4.0,4.0,4.0,4.0,4.0,100.0,,,,,,,,,,,,,,,,,,,,,,,,,,,,,,,,,,,,,,,
12749,1754692294.20438,99.4414041042328,1754692294.284472,76.0,0.0,-3.504933315869721,19.638667030955503,3.3007081394814577,0.6555215966052401,-11.941831940908967,-5.101513410603047,-11.05766267695185,-9.087411738741366,-0.074919297160477,-1.6140592794852182,5.793273337408891,8.622745283456652,6.273779520593052,0.5459222296228745,3586.0,2.0,4.0,4.0,4.0,4.0,4.0,4.0,4.0,4.0,4.0,4.0,4.0,4.0,4.0,4.0,100.0,0.375271201133728,0.6494140625,-0.2783203125,0.5999755859375,0.9741359353065492,-0.025391012430191,-0.1000991836190223,-49.04859924316406,-102.7328872680664,4.187075614929199,,,,,,,,,,,,,,,,,,,,,,,,,,,,,
12750,1754692294.212183,99.44920706748962,1754692294.292175,77.0,0.0,-3.9371580450917065,13.411597040800046,2.889261183322418,-1.6706219942972496,-12.571748018095292,-6.76491161599202,-9.201239453300474,-7.550778017282624,3.199610815595719,4.770258351810156,4.55340842419659,15.006324011152032,1.1541445479152517,0.5762666843509976,3323.0,2.0,4.0,4.0,4.0,4.0,4.0,4.0,4.0,4.0,4.0,4.0,4.0,4.0,4.0,4.0,100.0,,,,,,,,,,,,,,,,,,,,,,,,,,,,,,,,,,,,,,,
12751,1754692294.219986,99.45701003074646,1754692294.299978,78.0,0.0,-1.8813027795510493,12.10231508067892,3.813267438399464,-3.6106797270201128,-10.817236192465488,0.1467248634806424,-5.301699294603793,-4.279002775828928,-2.2458476846706503,4.410601266935203,2.7812089917713934,11.744146474447293,-3.41397236934489,7.200108245489275,3627.0,2.0,4.0,4.0,4.0,4.0,4.0,4.0,4.0,4.0,4.0,4.0,4.0,4.0,4.0,4.0,100.0,,,,,,,,,,,,,,,,,,,,,,,,,,,,,,,,,,,,,,,
12752,1754692294.227789,99.4648129940033,1754692294.307781,79.0,0.0,-2.875190509669153,11.60442377157375,4.904380767049645,0.8427147445132164,-11.362522631829904,-0.118458358173882,-10.451016425114574,-5.024592469621837,-3.7239751310962106,-5.898513314882109,5.092737171626652,6.456611284696521,0.902383785371569,9.46432965188484,3562.0,2.0,4.0,4.0,4.0,4.0,4.0,4.0,4.0,4.0,4.0,4.0,4.0,4.0,4.0,4.0,100.0,,,,,,,,,,,,,,,,,,,,,,,,,,,,,,,,,,,,,,,
12753,1754692294.235592,99.47261595726012,1754692294.315485,80.0,0.0,1.839276482515487,4.078517741525701,2.7227026080101666,2.187684713304151,-9.828933347815363,-10.89495097134366,-15.10891743293385,-7.575753724499719,-0.6206065961703473,-8.654093051833826,11.444637210185846,21.9999487381767,6.022271827148387,8.100789516553249,3586.0,2.0,4.0,4.0,4.0,4.0,4.0,4.0,4.0,4.0,4.0,4.0,4.0,4.0,4.0,4.0,100.0,0.3736165165901184,0.6484375,-0.27886962890625,0.601806640625,1.010757565498352,-0.0195315480232238,-0.090821698307991,-48.15137100219727,-101.2375030517578,2.691691398620605,,,,,,,,,,,,,,,,,,,,,,,,,,,,,
12754,1754692294.243395,99.48041915893556,1754692294.323288,81.0,0.0,6.885089671098001,-4.225282191906274,3.3025445941950125,-0.8059634638523789,-3.31340518344706,-8.28242994845715,-7.9455193762408385,-3.256398746449406,2.040933195336663,0.0712368442543152,9.58051229559004,-7.527042485596041,6.186334951869128,7.631792214489621,3323.0,2.0,4.0,4.0,4.0,4.0,4.0,4.0,4.0,4.0,4.0,4.0,4.0,4.0,4.0,4.0,100.0,,,,,,,,,,,,,,,,,,,,,,,,,,,,,,,,,,,,,,,
12755,1754692294.251198,99.48822212219238,1754692294.330991,82.0,0.0,-0.3543154190807911,-11.779505064370966,1.9967054476736337,-3.051702826568232,1.6130446526370577,3.4992706743563247,0.5521977937354166,2.5431527635022064,3.419020964250052,-1.1415545530518614,-2.1947098975603296,-27.68447291239923,-0.2199678469541197,-0.251400177399006,3627.0,2.0,4.0,4.0,4.0,4.0,4.0,4.0,4.0,4.0,4.0,4.0,4.0,4.0,4.0,4.0,100.0,,,,,,,,,,,,,,,,,,,,,,,,,,,,,,,,,,,,,,,
12756,1754692294.259001,99.49602508544922,1754692294.338794,83.0,0.0,-2.7217671176833846,-13.533283384069136,0.8210941121890301,2.087778210100396,10.32847484510762,7.264016474096252,5.0137337930334525,3.067239281312368,5.749971401418634,-6.065627261070631,-2.251577546889393,-46.11023243497471,-1.620978918001356,-4.395521814061112,3562.0,2.0,4.0,4.0,4.0,4.0,4.0,4.0,4.0,4.0,4.0,4.0,4.0,4.0,4.0,4.0,100.0,,,,,,,,,,,,,,,,,,,,,,,,,,,,,,,,,,,,,,,
12757,1754692294.266804,99.50382804870604,1754692294.346498,84.0,0.0,2.7830191143020784,-11.935296569233287,-0.5510407910569484,2.16684025651648,11.943197505053831,-0.1575903195698629,-0.8321237342688619,-5.23644086156537,-0.1185596903560508,-5.969789322250563,2.762165621587883,-14.243843060592551,6.78795511005842,1.9667495187127315,3586.0,2.0,4.0,4.0,4.0,4.0,4.0,4.0,4.0,4.0,4.0,4.0,4.0,4.0,4.0,4.0,100.0,0.3721010684967041,0.64727783203125,-0.27923583984375,0.60382080078125,1.009292721748352,-0.0371099412441253,-0.0805676355957984,-48.0018310546875,-101.08796691894533,3.5889220237731934,,,,,,,,,,,,,,,,,,,,,,,,,,,,,
12758,1754692294.274607,99.51163101196288,1754692294.354301,85.0,0.0,5.182632817231905,-9.70854941271412,3.209883444299038,1.1625615814127457,6.927315403777783,1.4007368792963175,-0.2249340530170513,-4.345777945453875,-0.585669056233229,-2.4825603396843974,-2.677616342966332,-3.859084477283005,2.960297504108638,0.4471838270833075,3323.0,2.0,4.0,4.0,4.0,4.0,4.0,4.0,4.0,4.0,4.0,4.0,4.0,4.0,4.0,4.0,100.0,,,,,,,,,,,,,,,,,,,,,,,,,,,,,,,,,,,,,,,
12759,1754692294.28241,99.51943397521973,1754692294.362004,86.0,0.0,2.3671991320568964,-13.231641780090456,9.523554703150523,4.973995257459876,13.542409695119945,8.541304959955426,12.586723566507146,5.93721415154215,2.6810505671754186,-3.751356574080262,-15.000142362373651,-8.695091428529565,-14.842675039180849,-12.05431606557994,3627.0,2.0,4.0,4.0,4.0,4.0,4.0,4.0,4.0,4.0,4.0,4.0,4.0,4.0,4.0,4.0,100.0,,,,,,,,,,,,,,,,,,,,,,,,,,,,,,,,,,,,,,,
12760,1754692294.290213,99.52723717689514,1754692294.369807,87.0,0.0,2.6180695592125858,-18.545269260299733,7.558480737180275,1.828810680837364,20.99105694680577,3.05593095110828,13.60217120321397,5.906932622731915,-3.430430083076203,-9.16083322367092,-13.144744676325786,9.135320156365765,-11.638989825605565,-8.376961244323297,3562.0,2.0,4.0,4.0,4.0,4.0,4.0,4.0,4.0,4.0,4.0,4.0,4.0,4.0,4.0,4.0,100.0,,,,,,,,,,,,,,,,,,,,,,,,,,,,,,,,,,,,,,,
12761,1754692294.298016,99.53504014015198,1754692294.377511,88.0,0.0,0.973453671888592,-18.21826796777691,2.2791185262397,-5.982836321850527,8.167174758823649,-6.00878181557141,0.881629796974039,2.375483335593572,-3.408778111026322,-8.28020033743428,-1.4093688480545552,17.205430411870793,8.879756918966223,4.291297950235503,3586.0,2.0,4.0,4.0,4.0,4.0,4.0,4.0,4.0,4.0,4.0,4.0,4.0,4.0,4.0,4.0,100.0,0.3707300722599029,0.64593505859375,-0.279541015625,0.60595703125,1.0254062414169312,-0.0361333638429641,-0.0634775310754776,-47.40367889404297,-100.48981475830078,3.4393835067749023,,,,,,,,,,,,,,,,,,,,,,,,,,,,,
12762,1754692294.305819,99.5428431034088,1754692294.385214,89.0,0.0,-3.8370346886804896,-18.428386824045504,0.0084901637027883,-8.101605922815054,-7.722449276454938,-4.729631055874563,-4.058371981404946,5.565885127038598,5.2651002164411125,-0.0901935695129054,3.9334520925380616,18.116843722401825,19.13985146519797,3.5081888227909417,3323.0,2.0,4.0,4.0,4.0,4.0,4.0,4.0,4.0,4.0,4.0,4.0,4.0,4.0,4.0,4.0,100.0,,,,,,,,,,,,,,,,,,,,,,,,,,,,,,,,,,,,,,,
12763,1754692294.313622,99.55064606666564,1754692294.393017,90.0,0.0,-7.675409252370628,-28.76130693981532,-5.168533434885831,-12.368326637946666,-6.824517941543036,-2.808775266167231,-0.977105577394468,8.318484091385017,7.482320546759638,-1.4079232721128392,6.650188182452439,21.5906213632652,13.010534147455928,3.054346762891328,3627.0,2.0,4.0,4.0,4.0,4.0,4.0,4.0,4.0,4.0,4.0,4.0,4.0,4.0,4.0,4.0,100.0,,,,,,,,,,,,,,,,,,,,,,,,,,,,,,,,,,,,,,,
12764,1754692294.321425,99.55844902992249,1754692294.40082,91.0,0.0,-11.347601533857356,-36.08119384007699,-10.334343880714584,-19.331743072321785,-2.3941045029291104,-5.511798046322326,1.3473278017400503,7.287635550542348,6.142006579304109,-3.0037338748233537,7.294082200941887,17.945851948363327,18.0240310718155,6.467010373202868,3562.0,2.0,4.0,4.0,4.0,4.0,4.0,4.0,4.0,4.0,4.0,4.0,4.0,4.0,4.0,4.0,100.0,,,,,,,,,,,,,,,,,,,,,,,,,,,,,,,,,,,,,,,
12765,1754692294.329228,99.56625199317932,1754692294.408524,92.0,0.0,-13.253883611777042,-28.75048906597351,-10.716871651129736,-16.353977921592218,-3.18311902645803,-2.3693582900574484,2.319808559709031,4.585286045364114,6.113496837526213,3.9616708728516414,6.38188529815659,17.917215203167302,21.893795796492785,-0.7109133478057856,3586.0,2.0,4.0,4.0,4.0,4.0,4.0,4.0,4.0,4.0,4.0,4.0,4.0,4.0,4.0,4.0,100.0,0.3692580163478851,0.64483642578125,-0.27978515625,0.60791015625,1.0376135110855105,-0.0576180666685104,-0.0761730372905731,-47.85229110717773,-100.9384307861328,3.4393835067749023,,,,,,,,,,,,,,,,,,,,,,,,,,,,,
12766,1754692294.337031,99.57405495643616,1754692294.416227,93.0,0.0,-12.527854054046315,-21.59000299787988,-11.195088599126052,-9.230710348550588,-1.032230942902629,3.091809302661545,2.1317686084142906,3.157480672333236,2.605997612743863,5.034592529670931,7.814952614717527,15.376786711408728,11.262202945354716,-5.758707434370649,3323.0,2.0,4.0,4.0,4.0,4.0,4.0,4.0,4.0,4.0,4.0,4.0,4.0,4.0,4.0,4.0,100.0,,,,,,,,,,,,,,,,,,,,,,,,,,,,,,,,,,,,,,,
12767,1754692294.344834,99.58185815811156,1754692294.4239302,94.0,0.0,-10.658741287950733,-18.584388671586083,-12.942223285897825,-7.664964132773974,2.2625434907704687,2.268040727988165,3.1956540626370327,5.643692690631298,0.3031871296798556,-1.7355580184684811,5.899586696108173,10.160636190691577,1.6633240551962274,-0.2922273150292938,3627.0,2.0,4.0,4.0,4.0,4.0,4.0,4.0,4.0,4.0,4.0,4.0,4.0,4.0,4.0,4.0,100.0,,,,,,,,,,,,,,,,,,,,,,,,,,,,,,,,,,,,,,,
12768,1754692294.352637,99.5896611213684,1754692294.4317331,95.0,0.0,-8.39032303981432,-10.180884812232051,-7.48914767156586,-4.597437944578559,5.602353837951597,-0.2608723960390477,5.186055907941665,7.485588089336744,1.163200432967443,-2.8385277481204128,-0.0181066512993481,13.575208322228974,-1.0680471094142092,2.433735508542469,3562.0,2.0,4.0,4.0,4.0,4.0,4.0,4.0,4.0,4.0,4.0,4.0,4.0,4.0,4.0,4.0,100.0,,,,,,,,,,,,,,,,,,,,,,,,,,,,,,,,,,,,,,,
12769,1754692294.36044,99.59746408462524,1754692294.439537,96.0,0.0,-3.7688107965495874,4.390784088912824,0.0313314731602076,-0.4622372690091652,7.667082474993549,-1.6017481388917076,1.7144471304536637,3.506741965530182,-3.2146771883458314,1.0989911970277717,-3.227167918550549,14.931114690531558,-4.636923237183964,-1.0728491699251208,3586.0,2.0,4.0,4.0,4.0,4.0,4.0,4.0,4.0,4.0,4.0,4.0,4.0,4.0,4.0,4.0,100.0,0.5997499227523804,0.38946533203125,-0.588623046875,0.37701416015625,0.9887846112251282,-0.0405279621481895,-0.0717784389853477,-49.945831298828125,-100.78889465332033,3.1403067111968994,,,,,,,,,,,,,,,,,,,,,,,,,,,,,
12770,1754692294.368243,99.60526704788208,1754692294.44724,97.0,0.0,-0.218511848685182,15.34586969093408,1.4050485490318465,2.2821840899503627,3.897644211443378,-0.9636543661760584,-1.5686349174777092,1.708332567831178,-8.42988063729598,0.623538544430005,-4.281759721539572,8.69556014039864,-6.582978840316343,-3.268302618904442,3323.0,2.0,4.0,4.0,4.0,4.0,4.0,4.0,4.0,4.0,4.0,4.0,4.0,4.0,4.0,4.0,100.0,,,,,,,,,,,,,,,,,,,,,,,,,,,,,,,,,,,,,,,
12771,1754692294.376046,99.61307001113892,1754692294.455043,98.0,0.0,-0.3582530413818006,20.38392035426168,2.103929736482854,5.744152888971797,-5.286653362923431,-0.8974111932374456,-2.6434418114735365,2.4713097409236013,-4.88960453188875,0.3397923016337643,-2.6133657130898484,6.82654602739521,-1.6732502809428809,0.6272484496117556,3627.0,2.0,4.0,4.0,4.0,4.0,4.0,4.0,4.0,4.0,4.0,4.0,4.0,4.0,4.0,4.0,100.0,,,,,,,,,,,,,,,,,,,,,,,,,,,,,,,,,,,,,,,
12772,1754692294.383849,99.62087297439577,1754692294.462846,99.0,0.0,1.034692049981004,28.05521365076084,2.9705649265115426,9.606055382886098,-7.669120223768459,-0.2487459309631958,-4.424644971680664,-1.0596306773481956,-2.1834052115086706,1.5876872186631772,-1.9344945494276544,7.290364518582464,-6.637119187344069,-0.1666678259080072,3562.0,2.0,4.0,4.0,4.0,4.0,4.0,4.0,4.0,4.0,4.0,4.0,4.0,4.0,4.0,4.0,100.0,,,,,,,,,,,,,,,,,,,,,,,,,,,,,,,,,,,,,,,
12773,1754692294.391652,99.62867617607117,1754692294.47055,100.0,0.0,6.718995516308496,39.381550073508606,3.615377535681546,15.819121124432058,-0.3759529390117677,3.0037858250661884,-3.86294993289539,-3.182407917389355,-2.750176577966158,-1.128631925159425,-7.173202869313172,4.680955931674362,-16.69968124381421,-6.158711998518811,3586.0,2.0,4.0,4.0,4.0,4.0,4.0,4.0,4.0,4.0,4.0,4.0,4.0,4.0,4.0,4.0,100.0,0.5993157029151917,0.388671875,-0.5882568359375,0.37908935546875,0.992690920829773,-0.0444342717528343,-0.0693369954824447,-48.0018310546875,-101.83566284179688,4.33661413192749,,,,,,,,,,,,,,,,,,,,,,,,,,,,,
12774,1754692294.399455,99.636479139328,1754692294.4782531,101.0,0.0,9.329315844992776,48.891711004204296,1.761556300325026,17.551375781645618,-2.1010790884434414,6.619261171837422,-2.5510710960894016,-1.4191234883579114,0.693962654317545,-4.153730548874194,-10.325109205703995,1.1502240952849547,-17.344458457809935,-7.900114689615805,3323.0,2.0,4.0,4.0,4.0,4.0,4.0,4.0,4.0,4.0,4.0,4.0,4.0,4.0,4.0,4.0,100.0,,,,,,,,,,,,,,,,,,,,,,,,,,,,,,,,,,,,,,,
12775,1754692294.407258,99.64428210258484,1754692294.486056,102.0,0.0,7.75649181530315,51.21606992316328,0.8837938860817189,12.733136567657482,-9.045600128997478,4.719332837932313,-2.026854872272281,-3.349325914486883,4.6235707232623895,-2.2999228801289178,-7.345188775965482,1.28802209963186,-12.512632040758549,-3.8386158800202,3627.0,2.0,4.0,4.0,4.0,4.0,4.0,4.0,4.0,4.0,4.0,4.0,4.0,4.0,4.0,4.0,100.0,,,,,,,,,,,,,,,,,,,,,,,,,,,,,,,,,,,,,,,
12776,1754692294.415061,99.65208506584167,1754692294.493859,103.0,0.0,8.272026309307535,50.55551920054643,3.838464395573397,11.047740834096317,-4.983600306892527,2.995309163254319,0.3181480552353832,-7.113380639906495,1.815848692892928,-4.327700495350086,-5.910026117594384,2.8996977460616336,-12.094718682591406,-2.556167250775048,3562.0,2.0,4.0,4.0,4.0,4.0,4.0,4.0,4.0,4.0,4.0,4.0,4.0,4.0,4.0,4.0,100.0,,,,,,,,,,,,,,,,,,,,,,,,,,,,,,,,,,,,,,,
12777,1754692294.422864,99.65988802909852,1754692294.501563,104.0,0.0,7.761878062975597,47.31366715778097,2.686471577808902,12.983293657880608,-2.051052888159461,4.834382374068923,3.527274027191311,-6.94163542097192,-0.6051305726554119,-9.219313909913922,-4.080108128345614,-0.97741808127455,-11.64840022988676,-3.334418308634099,3586.0,2.0,4.0,4.0,4.0,4.0,4.0,4.0,4.0,4.0,4.0,4.0,4.0,4.0,4.0,4.0,100.0,0.5994770526885986,0.3883056640625,-0.58758544921875,0.3802490234375,0.9946441054344176,-0.0390630960464477,-0.0620126649737358,-49.04859924316406,-100.9384307861328,5.23384428024292,,,,,,,,,,,,,,,,,,,,,,,,,,,,,
12778,1754692294.430667,99.66769099235536,1754692294.509266,105.0,0.0,5.132048581686775,41.58467641390229,-1.8614143992836605,9.214702330963462,-8.969312684805175,4.331592749587742,3.576081701590681,-2.9713010414625955,2.8903811803047006,-2.221010126782005,-2.5526561062347923,-3.3130447927360933,-6.498041853926509,-1.19167395772007,3323.0,2.0,4.0,4.0,4.0,4.0,4.0,4.0,4.0,4.0,4.0,4.0,4.0,4.0,4.0,4.0,100.0,,,,,,,,,,,,,,,,,,,,,,,,,,,,,,,,,,,,,,,
12779,1754692294.43847,99.67549395561218,1754692294.517069,106.0,0.0,3.5302568873585187,36.16410031111764,-0.7952286377185374,3.9743971838634025,-5.702550431979944,3.161699241475617,0.9243205650927848,-1.8804536566381105,3.611867523227829,-0.0074550589124555,-7.408667972365947,0.756870414496916,-8.06175639123262,-5.690009755154733,3627.0,2.0,4.0,4.0,4.0,4.0,4.0,4.0,4.0,4.0,4.0,4.0,4.0,4.0,4.0,4.0,100.0,,,,,,,,,,,,,,,,,,,,,,,,,,,,,,,,,,,,,,,
12780,1754692294.446272,99.6832959651947,1754692294.5247722,107.0,0.0,6.68265897716924,26.768107867422486,4.790376582038107,4.333902554786846,3.193982006617489,2.446290330088459,1.023628497890286,-3.673088302559108,-1.6512234972558415,-11.261370972959185,-8.44803821328037,0.6113463485878583,-13.102181077315436,-6.284837938155988,3562.0,2.0,4.0,4.0,4.0,4.0,4.0,4.0,4.0,4.0,4.0,4.0,4.0,4.0,4.0,4.0,100.0,,,,,,,,,,,,,,,,,,,,,,,,,,,,,,,,,,,,,,,
12781,1754692294.454076,99.69110012054443,1754692294.532576,108.0,0.0,6.987912394222462,15.27730541429412,3.748859196070157,2.83804639061384,-3.431691851269875,1.5603812340729064,3.02321701585754,-2.154337303850184,-4.496333703104824,-10.061923902333888,-5.022443406996331,-1.0881409783895606,-12.532308966356254,4.0422742951051305,3586.0,2.0,4.0,4.0,4.0,4.0,4.0,4.0,4.0,4.0,4.0,4.0,4.0,4.0,4.0,4.0,100.0,0.6001812219619751,0.38818359375,-0.586669921875,0.38067626953125,1.0205234289169312,-0.0244144350290298,-0.0561532005667686,-48.0018310546875,-101.83566284179688,4.635690689086914,,,,,,,,,,,,,,,,,,,,,,,,,,,,,
12782,1754692294.461879,99.69890308380128,1754692294.5402792,109.0,0.0,0.7003211122404878,3.865131314829739,2.13086849105224,-0.97168647804898,-8.484779177637904,-0.685677307930348,4.758571209288164,-0.2390896943653047,-2.586198526011742,-0.5217607295062976,-8.364107822008066,2.1732231325699445,-9.95380073680991,8.463975802554558,3323.0,2.0,4.0,4.0,4.0,4.0,4.0,4.0,4.0,4.0,4.0,4.0,4.0,4.0,4.0,4.0,100.0,,,,,,,,,,,,,,,,,,,,,,,,,,,,,,,,,,,,,,,
12783,1754692294.469682,99.7067060470581,1754692294.547982,110.0,0.0,1.281707776724545,-6.691036264417505,6.093601897234805,-1.0766265338128846,0.5271885436800972,-1.278699177671058,6.134551663090463,-0.2104009458720952,-1.9691845738602185,-2.1607290425535552,-10.854361779035967,4.886743953365169,-11.053438521509804,8.933704571396959,3627.0,2.0,4.0,4.0,4.0,4.0,4.0,4.0,4.0,4.0,4.0,4.0,4.0,4.0,4.0,4.0,100.0,,,,,,,,,,,,,,,,,,,,,,,,,,,,,,,,,,,,,,,
12784,1754692294.477485,99.71450901031494,1754692294.5557852,111.0,0.0,7.830159285237642,-13.49850305094742,6.184526141963033,-2.2351398966402485,3.3003158637429806,-1.1915836437115104,4.923713426676841,-0.8851068359608689,-5.096001971488022,-2.5995879115744174,-6.450912583825357,3.7833909689552456,-10.164903121957195,13.07794293351708,3562.0,2.0,4.0,4.0,4.0,4.0,4.0,4.0,4.0,4.0,4.0,4.0,4.0,4.0,4.0,4.0,100.0,,,,,,,,,,,,,,,,,,,,,,,,,,,,,,,,,,,,,,,
12785,1754692294.485288,99.72231197357178,1754692294.563489,112.0,0.0,9.628293001941302,-15.308248330619108,4.060866017840681,-2.2171444010402865,2.342165772230828,-1.224804348724092,-1.841506902215088,-1.246030300389748,-1.6616465862350651,5.028477913436063,-3.798414468488545,1.78810074853277,-4.940268297564899,10.557743070614151,3586.0,2.0,4.0,4.0,4.0,4.0,4.0,4.0,4.0,4.0,4.0,4.0,4.0,4.0,4.0,4.0,100.0,0.6016770005226135,0.38800048828125,-0.585693359375,0.3800048828125,1.0210117101669312,-0.0107423514127731,-0.0527351796627044,-49.79629135131836,-101.68611907958984,5.981536388397217,,,,,,,,,,,,,,,,,,,,,,,,,,,,,
12786,1754692294.493091,99.7301151752472,1754692294.5712922,113.0,0.0,7.991247223283409,-13.96664283183074,4.119592104925943,3.015234841481089,4.345910756966788,0.928991942587146,-7.476738383009632,-4.729502735983914,0.0573543459175027,5.232400055659383,-5.134709937794668,-1.8960918367272088,-2.079871201248324,0.584292539047766,3323.0,2.0,4.0,4.0,4.0,4.0,4.0,4.0,4.0,4.0,4.0,4.0,4.0,4.0,4.0,4.0,100.0,,,,,,,,,,,,,,,,,,,,,,,,,,,,,,,,,,,,,,,
12787,1754692294.500893,99.73791718482973,1754692294.578995,114.0,0.0,7.8494392855751585,-19.637459994607863,1.2615002363783103,3.944276970634405,-1.1491439765317182,-1.0326983939515912,-4.016081050296066,-4.646698560295931,1.0695787864207205,3.48819015303809,0.1338900750284892,-1.1372019446956756,0.4331931905040846,0.4208820268473801,3627.0,2.0,4.0,4.0,4.0,4.0,4.0,4.0,4.0,4.0,4.0,4.0,4.0,4.0,4.0,4.0,100.0,,,,,,,,,,,,,,,,,,,,,,,,,,,,,,,,,,,,,,,
12788,1754692294.508697,99.74572110176086,1754692294.5867982,115.0,0.0,2.342740930982842,-32.3361509353268,-4.621679704713273,-4.88399333851757,-1.897062198908856,-6.724059470862898,-2.362225255581137,-0.4893357965111988,4.572969390173881,6.191160968531591,2.211799689488004,0.5763782737161876,4.239384061527431,5.657141784709808,3562.0,2.0,4.0,4.0,4.0,4.0,4.0,4.0,4.0,4.0,4.0,4.0,4.0,4.0,4.0,4.0,100.0,,,,,,,,,,,25.0,1.0,45.48535919189453,3.0,46.3250846862793,1.0,44.628719329833984,1.0,45.215423583984375,1.0,50.782596588134766,1.0,44.106571197509766,1.0,50.93758392333984,1.0,47.137577056884766,3.0,48.94219970703125,3.0,39.66933441162109,1.0,56.64489364624024,1.0,58.3660888671875,1.0,59.66519927978516,1.0,57.92217254638672
12789,1754692294.5165,99.7535240650177,1754692294.594502,116.0,0.0,-1.362636105991612,-34.66938640840425,-2.533853556252041,-5.922310730268862,9.493786519323123,-4.7208381466923015,-2.40083746036197,3.741098254777455,1.1892105429813569,5.706810230849726,-1.9619535631110807,-1.1584351298508295,8.009128598721702,4.487407017808721,3586.0,2.0,4.0,4.0,4.0,4.0,4.0,4.0,4.0,4.0,4.0,4.0,4.0,4.0,4.0,4.0,100.0,0.6034473776817322,0.387939453125,-0.58489990234375,0.37847900390625,1.0136873722076416,0.0048828870058059,-0.0424811169505119,-47.40367889404297,-99.89166259765624,5.23384428024292,,,,,,,,,,,,,,,,,,,,,,,,,,,,,
12790,1754692294.524303,99.76132702827454,1754692294.6023052,117.0,0.0,0.4283964385111289,-33.175237856977844,1.167592264625739,-3.4350727034572515,8.701127478941828,-0.2959005122390294,0.5816428503792963,6.838471189376662,-4.58009026204553,1.9689993322415944,-1.0565941114707016,-0.9536082145706928,4.4793533562975085,-1.840528047477335,3323.0,2.0,4.0,4.0,4.0,4.0,4.0,4.0,4.0,4.0,4.0,4.0,4.0,4.0,4.0,4.0,100.0,,,,,,,,,,,,,,,,,,,,,,,,,,,,,,,,,,,,,,,
12791,1754692294.532106,99.76912999153136,1754692294.610008,118.0,0.0,-0.4022871452772278,-36.90439719859398,-0.6972682922802278,-7.793339334785855,-1.744488319580455,-1.622190581345535,4.236120321658632,4.6054845462175535,-0.3239827243297668,2.7299436672595903,3.931890205706054,-0.5680979406080269,2.628371336161649,-7.5285835690557406,3627.0,2.0,4.0,4.0,4.0,4.0,4.0,4.0,4.0,4.0,4.0,4.0,4.0,4.0,4.0,4.0,100.0,,,,,,,,,,,,,,,,,,,,,,,,,,,,,,,,,,,,,,,
12792,1754692294.539909,99.7769329547882,1754692294.617811,119.0,0.0,-4.5101392020795,-35.017319273092,-3.688574864330605,-6.301634058081419,-2.365837717924279,1.8475717059925216,7.077572727306887,2.175330034941652,7.698779665411365,7.672136730076744,7.258062531484683,-4.909373195188692,4.373450511282016,-6.224358626429677,3562.0,2.0,4.0,4.0,4.0,4.0,4.0,4.0,4.0,4.0,4.0,4.0,4.0,4.0,4.0,4.0,100.0,,,,,,,,,,,,,,,,,,,,,,,,,,,,,,,,,,,,,,,
12793,1754692294.547711,99.78473496437071,1754692294.625515,120.0,0.0,-11.440848281931435,-32.74827875626323,-9.213081448217224,-3.2941920917834864,-0.7154868804333887,6.315632248438135,6.322021343438166,3.8429544337794255,8.295591089374113,8.622229055321725,6.2737918243558966,-7.271267319871811,0.5072930475974431,-5.658725262082214,3586.0,2.0,4.0,4.0,4.0,4.0,4.0,4.0,4.0,4.0,4.0,4.0,4.0,4.0,4.0,4.0,100.0,0.6052232384681702,0.38836669921875,-0.58392333984375,0.376708984375,1.0239413976669312,0.0136720836162567,-0.0542000457644462,-47.40367889404297,-101.2375030517578,5.23384428024292,,,,,,,,,,,,,,,,,,,,,,,,,,,,,
12794,1754692294.555514,99.79253816604614,1754692294.6333182,121.0,0.0,-13.220536307547093,-32.27511753023629,-11.45708200135897,-6.747163829840076,0.095141505799063,2.19977444148725,3.896993248008755,6.378279464958439,9.809778408020236,5.04497828505481,5.930474212065462,-2.327699680957096,3.32265610974099,-5.484680079293696,3323.0,2.0,4.0,4.0,4.0,4.0,4.0,4.0,4.0,4.0,4.0,4.0,4.0,4.0,4.0,4.0,100.0,,,,,,,,,,,,,,,,,,,,,,,,,,,,,,,,,,,,,,,
12795,1754692294.563318,99.8003420829773,1754692294.641021,122.0,0.0,-8.714412156360595,-25.419672001565687,-7.185680610965392,-5.569766858639923,1.767085773414692,0.987902062900048,1.0301723213624427,4.621568052888051,10.09926437537888,2.841104842141249,6.051391530515048,-1.410910643713578,10.337071205290158,-4.267155550352982,3627.0,2.0,4.0,4.0,4.0,4.0,4.0,4.0,4.0,4.0,4.0,4.0,4.0,4.0,4.0,4.0,100.0,,,,,,,,,,,,,,,,,,,,,,,,,,,,,,,,,,,,,,,
12796,1754692294.571121,99.80814504623412,1754692294.6488252,123.0,0.0,-7.123971185398148,-21.371838476123173,-4.084498391672184,1.8619228553012024,-1.7861932048830909,4.5825737174864685,0.2699177280315439,-0.090453626206397,3.594466186079956,4.525317749529279,7.586714506989722,-5.58770461890839,4.690312154462447,-4.290479296180308,3562.0,2.0,4.0,4.0,4.0,4.0,4.0,4.0,4.0,4.0,4.0,4.0,4.0,4.0,4.0,4.0,100.0,,,,,,,,,,,,,,,,,,,,,,,,,,,,,,,,,,,,,,,
12797,1754692294.578924,99.81594800949097,1754692294.656528,124.0,0.0,-6.2187779614092165,-26.050606395913803,-2.035497406275738,2.754263359572576,-0.8440911590892597,3.7686600820911167,2.308929777055198,-0.6742563001162694,0.3878304101658045,4.719581381548721,7.459544145073266,-1.6313385343615323,-2.2043390430047225,-0.2658401469507794,3586.0,2.0,4.0,4.0,4.0,4.0,4.0,4.0,4.0,4.0,4.0,4.0,4.0,4.0,4.0,4.0,100.0,0.6063119769096375,0.38897705078125,-0.583251953125,0.3753662109375,1.0283360481262207,0.0048828870058059,-0.0415045395493507,-48.7495231628418,-100.04119873046876,5.084306240081787,,,,,,,,,,,,,,,,,,,,,,,,,,,,,
12798,1754692294.586727,99.8237509727478,1754692294.664331,125.0,0.0,-2.1163501370911035,-23.44136787985872,1.013937845840701,-1.2758602873427662,4.975655218385327,0.4596072419267329,0.3630134493078003,-0.4536630119860092,-2.6144026992933505,0.0386767344493819,4.597191010682764,1.841554569859,-1.98726654205484,4.35104088862272,3323.0,2.0,4.0,4.0,4.0,4.0,4.0,4.0,4.0,4.0,4.0,4.0,4.0,4.0,4.0,4.0,100.0,,,,,,,,,,,,,,,,,,,,,,,,,,,,,,,,,,,,,,,
12799,1754692294.59453,99.83155417442322,1754692294.672034,126.0,0.0,0.7476526756199178,-11.637862772508072,1.1546443125216117,-0.0632823991527971,6.34276944863808,0.7541643378207823,-0.9001730528216854,-0.4267693283646281,-4.239641227678987,-0.3721856893012614,2.54557096147704,-0.8940508563219396,-5.032901141770083,1.956070245830176,3627.0,2.0,4.0,4.0,4.0,4.0,4.0,4.0,4.0,4.0,4.0,4.0,4.0,4.0,4.0,4.0,100.0,,,,,,,,,,,,,,,,,,,,,,,,,,,,,,,,,,,,,,,
12800,1754692294.602332,99.83935618400574,1754692294.6798382,127.0,0.0,-0.3044355491574606,-4.947056884568156,-0.8115238574473551,-0.168068517446045,5.016706937618437,2.541137092329336,4.098276375604655,1.89997919174084,-1.4982347342220237,1.48734873792273,-0.3393119632050911,-4.0239307174324495,-3.251125073252524,-0.2657533081855945,52.0,2.0,4.0,4.0,4.0,4.0,4.0,4.0,4.0,4.0,4.0,4.0,4.0,4.0,4.0,4.0,100.0,,,,,,,,,,,,,,,,,,,,,,,,,,,,,,,,,,,,,,,
12801,1754692294.610136,99.84716010093688,1754692294.687541,0.0,0.0,-1.517829496785339,-5.4299099810735925,-1.1122413071183246,-6.378900186299575,0.723861826111829,0.2674657293028986,3.8000706963549646,4.838971522376255,0.9628530164360428,0.6455385098639681,0.0334778545430936,-5.797301421681254,0.517303186590766,0.4424236974911082,3327.0,2.0,4.0,4.0,4.0,4.0,4.0,4.0,4.0,4.0,4.0,4.0,4.0,4.0,4.0,4.0,100.0,0.3667024374008178,0.64202880859375,-0.2816162109375,0.611572265625,1.0263828039169312,-0.0131837949156761,-0.058106355369091,-48.59998321533203,-100.9384307861328,5.23384428024292,,,,,,,,,,,,,,,,,,,,,,,,,,,,,
12802,1754692294.617939,99.85496306419373,1754692294.695344,1.0,0.0,-0.3190257784267203,-2.9967262997820114,1.2348336919108365,-7.064416273027263,-0.9921479137069298,-0.4974157498872671,1.3500632043847247,7.804061374778513,0.046243713602081,4.657196679700547,2.6914541586789085,-4.613830651197048,-1.6029174813408815,0.7803663134641567,3517.0,2.0,4.0,4.0,4.0,4.0,4.0,4.0,4.0,4.0,4.0,4.0,4.0,4.0,4.0,4.0,100.0,,,,,,,,,,,,,,,,,,,,,,,,,,,,,,,,,,,,,,,
12803,1754692294.625742,99.86276602745056,1754692294.703047,2.0,0.0,-0.2855619048328321,2.5698673598594155,0.4063681403676469,-2.0605615967529616,-0.7551632252084914,-3.005144950510441,4.315428064310652,4.694918290737348,-2.705656312072336,4.98432907012824,0.9361951279637992,-3.0115861548770795,0.5681168499585851,-1.3792607513551616,3512.0,2.0,4.0,4.0,4.0,4.0,4.0,4.0,4.0,4.0,4.0,4.0,4.0,4.0,4.0,4.0,100.0,,,,,,,,,,,,,,,,,,,,,,,,,,,,,,,,,,,,,,,
12804,1754692294.633545,99.8705689907074,1754692294.7108512,3.0,0.0,1.2295779201159007,6.888716635793173,-0.2572407466881827,1.648225574988885,-1.9480966778855304,-6.180312878633629,6.857949464683827,0.366309722283006,-2.064220372972557,-3.754387756505309,2.486718922265993,-1.4612743421075152,3.1721140461889377,-4.32255654346767,3617.0,2.0,4.0,4.0,4.0,4.0,4.0,4.0,4.0,4.0,4.0,4.0,4.0,4.0,4.0,4.0,100.0,,,,,,,,,,,,,,,,,,,,,,,,,,,,,,,,,,,,,,,
12805,1754692294.641348,99.87837195396423,1754692294.718554,4.0,0.0,3.653540851230304,11.742145336069685,-0.3044101615875263,3.9113239225710856,-5.781110579395005,-2.323576174385068,3.444218972695438,-1.6834291257479492,-0.8751439723229453,-7.343007461523626,6.238662019661518,-2.329875782227333,0.4186753923450794,-6.737375868906071,3632.0,2.0,4.0,4.0,4.0,4.0,4.0,4.0,4.0,4.0,4.0,4.0,4.0,4.0,4.0,4.0,100.0,0.367345243692398,0.64190673828125,-0.28118896484375,0.61151123046875,1.0190584659576416,-0.0073243305087089,-0.0625009536743164,-47.85229110717773,-100.9384307861328,5.23384428024292,,,,,,,,,,,,,,,,,,,,,,,,,,,,,
12806,1754692294.64915,99.88617396354675,1754692294.726257,5.0,0.0,2.6173647192287035,18.840847159844657,-2.837477725914028,2.743181264287728,-7.743336624303424,3.581522745515599,-0.944073019311304,-3.3437891680208622,2.274030740011881,-3.174904207029499,1.2544210889924443,-6.195269735750458,3.872638568187881,-1.9325428602659256,3511.0,2.0,4.0,4.0,4.0,4.0,4.0,4.0,4.0,4.0,4.0,4.0,4.0,4.0,4.0,4.0,100.0,,,,,,,,,,,,,,,,,,,,,,,,,,,,,,,,,,,,,,,
12807,1754692294.656953,99.89397716522215,1754692294.73406,6.0,0.0,-1.2412926498126922,21.35976140859753,-2.80230355602356,0.6386511019200611,-4.395557807930288,2.5110318499337723,-1.3569890725411256,-0.9218887900196364,7.9592437327260654,-0.5075543159363747,-1.0638031867442237,-5.49549064287379,10.457535608533648,1.941845063200219,3502.0,2.0,4.0,4.0,4.0,4.0,4.0,4.0,4.0,4.0,4.0,4.0,4.0,4.0,4.0,4.0,100.0,,,,,,,,,,,,,,,,,,,,,,,,,,,,,,,,,,,,,,,
12808,1754692294.664757,99.90178108215332,1754692294.741864,7.0,0.0,-4.180443862685252,19.329428164345927,-0.9418410997125192,0.9505665134599894,-2.130739417490304,-3.106997221885422,-1.4575020768318154,0.4683459571508592,3.599056629868528,-1.9240236862794973,4.689140157623797,-0.6257793529068749,3.535264705096097,-0.0050309599762385,3513.0,2.0,4.0,4.0,4.0,4.0,4.0,4.0,4.0,4.0,4.0,4.0,4.0,4.0,4.0,4.0,100.0,,,,,,,,,,,,,,,,,,,,,,,,,,,,,,,,,,,,,,,
12809,1754692294.67256,99.90958404541016,1754692294.749567,8.0,0.0,-1.4901088853715123,21.70328850514824,1.875873306224264,0.8962776163477315,-1.108475738198024,-2.450644547999957,-0.6477755615945284,0.5830302513424499,-6.381160858517262,-1.2585948320173088,3.4064160802169567,1.149773843266928,-1.5543288348156352,13.9966313160823,3599.0,2.0,4.0,4.0,4.0,4.0,4.0,4.0,4.0,4.0,4.0,4.0,4.0,4.0,4.0,4.0,100.0,0.3673619925975799,0.6416015625,-0.28106689453125,0.61187744140625,1.0263828039169312,-0.0126955062150955,-0.0473640039563179,-48.0018310546875,-102.13473510742188,5.084306240081787,,,,,,,,,,,,,,,,,,,,,,,,,,,,,
12810,1754692294.680363,99.917387008667,1754692294.75727,9.0,0.0,-2.097495076319433,22.9820931254684,2.9153496788311486,-0.281223083960981,-1.1392680374621025,-0.8834761077119992,-2.106574487886178,1.1946708075914785,-5.181517559076497,0.6889106199331536,-4.96388878567052,-0.3974688009012652,3.802875645022709,34.89744882746652,3614.0,2.0,4.0,4.0,4.0,4.0,4.0,4.0,4.0,4.0,4.0,4.0,4.0,4.0,4.0,4.0,100.0,,,,,,,,,,,,,,,,,,,,,,,,,,,,,,,,,,,,,,,
12811,1754692294.688166,99.92518997192384,1754692294.765073,10.0,0.0,-4.0057269550272565,21.614709264150207,3.438669843147892,2.660241040645616,-0.5392619329206525,-2.7985567252514727,-5.0255522001436645,-2.6053338768863057,1.410784682484319,-0.7592502059357855,-3.984314206911421,2.337476143402256,0.2939008744620253,33.19420824404304,3605.0,2.0,4.0,4.0,4.0,4.0,4.0,4.0,4.0,4.0,4.0,4.0,4.0,4.0,4.0,4.0,100.0,,,,,,,,,,,,,,,,,,,,,,,,,,,,,,,,,,,,,,,
12812,1754692294.695969,99.93299317359924,1754692294.772877,11.0,0.0,-1.6581910501864456,27.50839882037954,2.902325198148361,8.485657525909033,-2.225560130002208,-3.4902578057336484,-9.877740108805568,-7.53925623971972,-2.9435610045589726,-5.780534629967036,7.239107872177016,5.103453270589768,-4.92731635043387,19.761351655440563,3563.0,2.0,4.0,4.0,4.0,4.0,4.0,4.0,4.0,4.0,4.0,4.0,4.0,4.0,4.0,4.0,100.0,,,,,,,,,,,,,,,,,,,,,,,,,,,,,,,,,,,,,,,
12813,1754692294.703771,99.94079518318176,1754692294.78058,12.0,0.0,1.7150000673987904,30.594244298204643,2.9289188759940714,11.000009306527858,-5.251125365733429,-5.865402904158515,-12.064385351276911,-7.18563600064445,-8.45220205446222,-5.557204571396511,7.822867390345976,3.134040658759289,1.0729058487903274,12.767326654289349,3555.0,2.0,4.0,4.0,4.0,4.0,4.0,4.0,4.0,4.0,4.0,4.0,4.0,4.0,4.0,4.0,100.0,0.3667873740196228,0.641357421875,-0.28131103515625,0.61236572265625,1.010757565498352,-0.0034180209040641,-0.0527351796627044,-48.15137100219727,-102.2842788696289,5.532921314239502,,,,,,,,,,,,,,,,,,,,,,,,,,,,,
12814,1754692294.711574,99.9485981464386,1754692294.788283,13.0,0.0,3.1746973627504644,18.917621848791384,3.865470390393909,10.950609388116334,-0.0601067322668882,-4.456913392416084,-5.863462883111481,-3.2846113884425563,-3.0353573854995943,0.1442694659216954,-6.113279152853977,-1.2926740877038014,2.316712415627478,2.0370703496132023,3342.0,2.0,4.0,4.0,4.0,4.0,4.0,4.0,4.0,4.0,4.0,4.0,4.0,4.0,4.0,4.0,100.0,,,,,,,,,,,,,,,,,,,,,,,,,,,,,,,,,,,,,,,
12815,1754692294.719378,99.95640206336977,1754692294.796086,14.0,0.0,5.033546022740666,7.808047634307513,1.44883374354049,9.883842844791616,7.036067611104954,1.8320945329633105,1.731754822770199,-2.6210236351648746,-1.750524253527601,-2.777517250049641,-11.572457911942363,-2.8971639832725486,-9.52259952975055,-7.031911689363824,3605.0,2.0,4.0,4.0,4.0,4.0,4.0,4.0,4.0,4.0,4.0,4.0,4.0,4.0,4.0,4.0,100.0,,,,,,,,,,,,,,,,,,,,,,,,,,,,,,,,,,,,,,,
12816,1754692294.727181,99.9642050266266,1754692294.80389,15.0,0.0,5.9360714797495575,5.171171486020398,3.074584158152561,6.685411862192382,4.131924830479079,2.041114931768448,5.08483729845932,-1.9449788077371293,-9.880431205752188,-6.08099605608129,-5.327126205857326,-0.9793601491836624,-13.877628511079934,-6.999522685011812,3563.0,2.0,4.0,4.0,4.0,4.0,4.0,4.0,4.0,4.0,4.0,4.0,4.0,4.0,4.0,4.0,100.0,,,,,,,,,,,,,,,,,,,,,,,,,,,,,,,,,,,,,,,
12817,1754692294.734984,99.97200798988342,1754692294.811593,16.0,0.0,4.395850461838904,-1.0184970410592769,6.760084947682458,3.098105562703836,-3.477022420065282,-4.077010533245016,1.1490847449998682,2.254583361023265,-0.181359201393775,3.438270222280039,-2.21870574128036,0.3938107350717246,-6.54308083146509,-8.126562913202292,0.0,2.0,4.0,4.0,4.0,4.0,4.0,4.0,4.0,4.0,4.0,4.0,4.0,4.0,4.0,4.0,100.0,0.3664489388465881,0.64117431640625,-0.2813720703125,0.61273193359375,1.0171053409576416,-0.0034180209040641,-0.0468757152557373,-50.09536743164063,-100.9384307861328,6.280613422393799,,,,,,,,,,,,,,,,,,,,,,,,,,,,,
12818,1754692294.742787,99.97981095314026,1754692294.819296,17.0,0.0,2.77409487700956,-7.540201244750875,5.024496898787987,2.112595749198448,-3.8550495911432847,-6.617858109817604,-4.4057545167717365,4.078467823758132,14.298774206681486,7.844678292444627,-1.357259739413763,4.082913431790843,-3.430008034428198,-6.847424430151165,0.0,2.0,4.0,4.0,4.0,4.0,4.0,4.0,4.0,4.0,4.0,4.0,4.0,4.0,4.0,4.0,100.0,,,,,,,,,,,,,,,,,,,,,,,,,,,,,,,,,,,,,,,
12819,1754692294.750589,99.98761296272278,1754692294.827099,18.0,0.0,-0.4059459760934487,-7.927041562824456,0.5407491270397031,1.5508546693603191,0.7025756748938647,-2.2054711085303325,-4.193627058375228,1.005941964353383,1.0828184791438389,-0.3481862868453618,1.3509104450621408,5.850232750272312,-0.3724818739616466,-4.9650350227440185,0.0,2.0,4.0,4.0,4.0,4.0,4.0,4.0,4.0,4.0,4.0,4.0,4.0,4.0,4.0,4.0,100.0,,,,,,,,,,,,,,,,,,,,,,,,,,,,,,,,,,,,,,,
12820,1754692294.758392,99.9954161643982,1754692294.834903,19.0,0.0,0.8190278962301818,-8.197849003275223,3.2414413996029907,-0.2848959476996242,6.297231714334885,3.0509448175394027,-0.8832194694732607,-1.8577542534430904,-13.32782651603793,-1.0870547725362485,-0.5871363867195214,0.8300881161021607,3.172725275750963,-10.58349298351959,0.0,2.0,4.0,4.0,4.0,4.0,4.0,4.0,4.0,4.0,4.0,4.0,4.0,4.0,4.0,4.0,100.0,,,,,,,,,,,,,,,,,,,,,,,,,,,,,,,,,,,,,,,
12821,1754692294.766195,100.00321912765504,1754692294.842606,20.0,0.0,5.187406511097663,-8.702977807818286,8.125194503410341,-1.281028168241562,9.33832751369738,4.263460414443955,1.1258574895080642,0.0553290196888269,-8.57484004304996,2.650592471770153,-4.560055653449297,-2.005208810147621,-0.2489467635725191,-14.584876121649527,0.0,2.0,4.0,4.0,4.0,4.0,4.0,4.0,4.0,4.0,4.0,4.0,4.0,4.0,4.0,4.0,100.0,0.3658619821071625,0.64105224609375,-0.2816162109375,0.61309814453125,1.0151522159576416,-0.0156252384185791,-0.0551766231656074,-48.45044708251953,-100.04119873046876,6.43015193939209,,,,,,,,,,,,,,,,,,,,,,,,,,,,,
12822,1754692294.773999,100.01102304458618,1754692294.8503091,21.0,0.0,5.857226072098172,-4.485671670790737,6.335479635643594,-1.507759198240194,7.854331878474738,0.0923487644360534,4.009285103828631,2.168466295703809,-3.952251682198323,0.9160558089626534,-5.2856226422111945,1.843358181212068,-3.569503273704697,-9.441719685548662,0.0,2.0,4.0,4.0,4.0,4.0,4.0,4.0,4.0,4.0,4.0,4.0,4.0,4.0,4.0,4.0,100.0,,,,,,,,,,,,,,,,,,,,,,,,,,,,,,,,,,,,,,,
12823,1754692294.781802,100.01882600784302,1754692294.858212,22.0,0.0,5.305670846245334,-0.7643373447582462,1.3679834141120182,-2.6574516047913903,5.36339751474668,-6.222936534809946,2.136987817872864,1.577097333009874,-3.6247381703971087,3.3896612234474333,-4.569562570653602,3.208554359286495,-1.2440958043345065,-10.270540867898603,0.0,2.0,4.0,4.0,4.0,4.0,4.0,4.0,4.0,4.0,4.0,4.0,4.0,4.0,4.0,4.0,100.0,,,,,,,,,,,,,,,,,,,,,,,,,,,,,,,,,,,,,,,
12824,1754692294.789605,100.02662897109984,1754692294.866015,23.0,0.0,4.054361134505768,-1.6170202514275047,-1.4327709268775948,0.919784530390814,1.0693111350103095,-5.451510816277107,-4.9523444501026574,-0.1070688241819084,0.8790345303511344,4.167303751727729,0.3851925415494293,0.1940874934500129,0.7787609067456174,-14.768973510960508,0.0,2.0,4.0,4.0,4.0,4.0,4.0,4.0,4.0,4.0,4.0,4.0,4.0,4.0,4.0,4.0,100.0,,,,,,,,,,,,,,,,,,,,,,,,,,,,,,,,,,,,,,,
12825,1754692294.797408,100.03443217277528,1754692294.873719,24.0,0.0,3.863731659622289,-2.85501211130034,-0.146117560617796,5.016882341094032,-4.317939157391294,-1.922931870068652,-5.324919228025493,-3.208341133190089,5.936534026878661,1.4055632692579536,5.311272018736844,1.0494214814070515,1.8136862648895828,-11.2569493094243,0.0,2.0,4.0,4.0,4.0,4.0,4.0,4.0,4.0,4.0,4.0,4.0,4.0,4.0,4.0,4.0,100.0,0.3652134835720062,0.6409912109375,-0.28179931640625,0.61346435546875,1.0131990909576416,-0.0083009079098701,-0.0473640039563179,-48.7495231628418,-100.78889465332033,5.831998348236084,,,,,,,,,,,,,,,,,,,,,,,,,,,,,
12826,1754692294.80521,100.0422341823578,1754692294.8815222,25.0,0.0,2.119564169139096,-4.221684660217932,-2.923454589309756,0.3726878497280381,-5.948709847067391,1.2269420339424073,-0.7327903711495196,-3.821419922432312,4.418011041892271,0.6126668844993333,4.321770084461889,3.1458039455827134,3.184092046074113,-9.581544637729335,0.0,2.0,4.0,4.0,4.0,4.0,4.0,4.0,4.0,4.0,4.0,4.0,4.0,4.0,4.0,4.0,100.0,,,,,,,,,,,,,,,,,,,,,,,,,,,,,,,,,,,,,,,
12827,1754692294.813013,100.05003714561462,1754692294.889225,26.0,0.0,0.2721263204375646,-1.3318066965407525,-6.393155718706566,-0.8032062988195321,-2.491499237721655,7.355579572382339,2.5167717587855805,-1.868331892203969,-0.6221080786708626,-0.2030264548784544,2.40260510989674,2.153747990779266,3.324980610549801,-10.622799312998724,0.0,2.0,4.0,4.0,4.0,4.0,4.0,4.0,4.0,4.0,4.0,4.0,4.0,4.0,4.0,4.0,100.0,,,,,,,,,,,,,,,,,,,,,,,,,,,,,,,,,,,,,,,
12828,1754692294.820816,100.05784010887146,1754692294.897028,27.0,0.0,0.7612233849058896,1.138528715419426,-6.099776243931927,3.7918738356620736,-0.7500598407213772,5.096086771182428,2.1735671938777443,-3.657615585280354,-2.319054561517504,-0.4027069378102794,1.7298435923048885,-1.7710377498387686,1.6132633972577253,-12.638206796848834,0.0,2.0,4.0,4.0,4.0,4.0,4.0,4.0,4.0,4.0,4.0,4.0,4.0,4.0,4.0,4.0,100.0,,,,,,,,,,,,,,,,,,,,,,,,,,,,,,,,,,,,,,,
12829,1754692294.82862,100.0656440258026,1754692294.904832,28.0,0.0,1.7491047414819718,0.1238081316856209,-2.786890263498151,3.424820037014399,-0.6454992009461762,-1.47967421801917,0.4696483403236584,-2.445454995955004,2.954143286193869,6.244522504580857,0.4890094425487064,-0.6191826587696028,-0.0872145783050086,-7.406098692428202,0.0,2.0,4.0,4.0,4.0,4.0,4.0,4.0,4.0,4.0,4.0,4.0,4.0,4.0,4.0,4.0,100.0,0.3646279871463775,0.64080810546875,-0.28204345703125,0.6138916015625,1.010269284248352,-0.0117189288139343,-0.0542000457644462,-49.19813919067383,-102.13473510742188,5.084306240081787,,,,,,,,,,,,,,,,,,,,,,,,,,,,,
12830,1754692294.836423,100.07344698905943,1754692294.9125352,29.0,0.0,-2.6631751859666224,-1.2458822136716776,0.1200140676743899,-2.559620120295051,-2.302340173152345,0.2696598261720169,3.896283405918609,3.0581493889978333,0.6862413677310428,7.682545894371913,-3.55254052006768,4.263003351742725,-2.650648908177629,1.973777856543791,0.0,2.0,4.0,4.0,4.0,4.0,4.0,4.0,4.0,4.0,4.0,4.0,4.0,4.0,4.0,4.0,100.0,,,,,,,,,,,,,,,,,,,,,,,,,,,,,,,,,,,,,,,
12831,1754692294.844226,100.08124995231628,1754692294.920238,30.0,0.0,-1.990157517193552,4.149740812379491,-0.3979804144224772,0.3353384961272923,-1.541800347665344,3.130262693042709,7.713652639632414,2.311829620576077,-7.512971392514487,-4.40383627762651,-5.439441257457133,2.5563437471618045,-5.745648478268208,4.655859895617027,0.0,2.0,4.0,4.0,4.0,4.0,4.0,4.0,4.0,4.0,4.0,4.0,4.0,4.0,4.0,4.0,100.0,,,,,,,,,,,,,,,,,,,,,,,,,,,,,,,,,,,,,,,
12832,1754692294.852028,100.0890519618988,1754692294.9280422,31.0,0.0,3.608765522141937,8.167588917443197,-1.0972566140188178,3.1553098007127005,-0.8401558104049514,-1.5070988852078813,2.583916418835713,-1.2422388462535423,-4.910765707040639,-4.999347099049203,-1.2206304709841902,0.1681544073209693,-4.493584512722521,3.432846455587594,0.0,2.0,4.0,4.0,4.0,4.0,4.0,4.0,4.0,4.0,4.0,4.0,4.0,4.0,4.0,4.0,100.0,,,,,,,,,,,,,,,,,,,,,,,,,,,,,,,,,,,,,,,
12833,1754692294.859831,100.09685516357422,1754692294.935745,32.0,0.0,-3.519821625128543,-1.0333144054982313,-1.1833842357689264,-5.204559233776536,-8.03756070491022,-2.8588766732298154,-1.5720485628482948,2.624463181099827,3.933419478739552,7.509696647667397,6.666529855942144,4.435618261828267,-0.719101430405999,0.808842647911888,0.0,2.0,4.0,4.0,4.0,4.0,4.0,4.0,4.0,4.0,4.0,4.0,4.0,4.0,4.0,4.0,100.0,0.3638951182365417,0.64044189453125,-0.2822265625,0.6146240234375,1.0307774543762207,-0.0341802090406417,-0.0439459830522537,-48.45044708251953,-101.38704681396484,6.131074905395508,,,,,,,,,,,,,,,,,,,,,,,,,,,,,
12834,1754692294.867634,100.10465812683104,1754692294.943548,33.0,0.0,-9.652555723314492,1.3658336723369189,-2.733431851574608,-5.4745994900850405,-13.464368387853083,-1.164053703031243,0.0470375580434279,3.070357927799648,8.64085631268648,4.585659315866394,8.536143708107318,2.884677797803249,1.3868307780120972,-4.857252179389491,0.0,2.0,4.0,4.0,4.0,4.0,4.0,4.0,4.0,4.0,4.0,4.0,4.0,4.0,4.0,4.0,100.0,,,,,,,,,,,,,,,,,,,,,,,,,,,,,,,,,,,,,,,
12835,1754692294.875437,100.11246109008788,1754692294.951251,34.0,0.0,1.654107110045743,24.08415108486156,-1.5059324142050627,7.228401986117433,-5.792270337564105,-0.8254020798151487,0.4930538311648433,-1.7804421725388693,6.089129189979531,-7.527133000785625,1.689251711046154,-4.942810028156373,3.509521526135586,-3.2341575118332457,0.0,2.0,4.0,4.0,4.0,4.0,4.0,4.0,4.0,4.0,4.0,4.0,4.0,4.0,4.0,4.0,100.0,,,,,,,,,,,,,,,,,,,,,,,,,,,,,,,,,,,,,,,
12836,1754692294.883241,100.12026500701904,1754692294.9590552,35.0,0.0,6.838491362515754,36.59634838510493,0.4384136749811773,12.77428296981344,-0.8839393218387954,3.8759099985680336,-0.7444361346944675,-1.2155018129694213,-0.7874276658523627,-11.621617918460911,-7.241243106987156,-7.962955003274317,-1.7329998814117855,1.0499811432176216,0.0,2.0,4.0,4.0,4.0,4.0,4.0,4.0,4.0,4.0,4.0,4.0,4.0,4.0,4.0,4.0,100.0,,,,,,,,,,,,,,,,,,,,,,,,,,,,,,,,,,,,,,,
12837,1754692294.891044,100.12806797027588,1754692294.966758,36.0,0.0,3.0018459157959683,35.25502119864865,1.4656915062033136,8.641782645950627,-0.6768927958968902,8.508613737968119,1.5241110915044942,3.787875041766768,-1.6093222913190743,-7.646196157805605,-9.96354459956268,-4.660531980648045,-11.939461228920834,-2.8327764874065338,0.0,2.0,4.0,4.0,4.0,4.0,4.0,4.0,4.0,4.0,4.0,4.0,4.0,4.0,4.0,4.0,100.0,0.6038623452186584,0.38812255859375,-0.5826416015625,0.381103515625,0.9956206679344176,-0.0375982299447059,-0.050782024860382,-48.59998321533203,-101.2375030517578,6.280613422393799,,,,,,,,,,,,,,,,,,,,,,,,,,,,,
12838,1754692294.898847,100.1358711719513,1754692294.974561,37.0,0.0,3.763230430205908,40.031681427507806,3.695417625452933,10.228530932992612,3.7355341812207135,6.77095884486323,1.678424554897788,1.0596672046093545,-2.247909203950826,-7.452369085745545,-10.868929376145502,-4.388109365307287,-17.206747312841458,-7.296255427128585,0.0,2.0,4.0,4.0,4.0,4.0,4.0,4.0,4.0,4.0,4.0,4.0,4.0,4.0,4.0,4.0,100.0,,,,,,,,,,,,,,,,,,,,,,,,,,,,,,,,,,,,,,,
12839,1754692294.906649,100.1436731815338,1754692294.982264,38.0,0.0,6.834104054239901,43.28495692306649,6.83770677327982,15.43333901507856,8.26199655870721,4.900233290822939,1.2186959983699808,-2.8903688640967857,-5.919762287186245,-8.006714247393234,-17.069740768330234,-4.4545311603707205,-19.79559954583885,-6.52607780505889,0.0,2.0,4.0,4.0,4.0,4.0,4.0,4.0,4.0,4.0,4.0,4.0,4.0,4.0,4.0,4.0,100.0,,,,,,,,,,,,,,,,,,,,,,,,,,,,,,,,,,,,,,,
12840,1754692294.914452,100.15147614479064,1754692294.990068,39.0,0.0,6.172676314206058,38.61392929804339,5.81982482409245,13.889063937076628,7.823828159411335,6.323082561514696,-0.8277530537270081,-0.1441072883343963,-5.324504947553066,-9.016265780218362,-19.6477525065888,-3.0029526299803706,-25.94308477096496,-10.622238056594083,0.0,2.0,4.0,4.0,4.0,4.0,4.0,4.0,4.0,4.0,4.0,4.0,4.0,4.0,4.0,4.0,100.0,,,,,,,,,,,,,,,,,,,,,,,,,,,,,,,,,,,,,,,
12841,1754692294.922255,100.15927910804749,1754692294.997771,40.0,0.0,4.73682025877099,38.41507328420505,3.4791888940268336,11.90275406938474,8.789365897420453,9.072269151123804,-5.865434541541049,3.5896411496129303,0.7282483031086713,-10.88069721520958,-12.6556460756118,-4.57713274618925,-24.59938604441652,-12.3941023177548,0.0,2.0,4.0,4.0,4.0,4.0,4.0,4.0,4.0,4.0,4.0,4.0,4.0,4.0,4.0,4.0,100.0,0.6029423475265503,0.38824462890625,-0.58203125,0.38336181640625,1.0005035400390625,-0.0488288700580596,-0.0449225604534149,-49.19813919067383,-101.83566284179688,5.383382797241211,,,,,,,,,,,,,,,,,,,,,,,,,,,,,
12842,1754692294.930058,100.16708207130432,1754692295.005574,41.0,0.0,2.2077275793925537,29.01350009333362,4.269782778489002,11.28294630134576,9.552273456880243,9.434711067354216,-6.582237345407634,0.8060869676781977,3.971401421268979,-12.134665713828896,-6.977178787116941,-7.130293681658372,-15.776883088801355,-8.362566403963797,0.0,2.0,4.0,4.0,4.0,4.0,4.0,4.0,4.0,4.0,4.0,4.0,4.0,4.0,4.0,4.0,100.0,,,,,,,,,,,,,,,,,,,,,,,,,,,,,,,,,,,,,,,
12843,1754692294.937862,100.17488598823547,1754692295.013277,42.0,0.0,2.784303348757078,16.67550449377046,6.580188173587942,12.73786064573602,9.61010793124666,8.338173740244713,-5.57751428469777,-3.843389679855079,2.8396646471447298,-13.568169343319312,-7.204300448816355,-6.7934259555322,-10.577617373296732,-4.327999989649413,0.0,2.0,4.0,4.0,4.0,4.0,4.0,4.0,4.0,4.0,4.0,4.0,4.0,4.0,4.0,4.0,100.0,,,,,,,,,,,,,,,,,,,,,,,,,,,,,,,,,,,,,,,
12844,1754692294.945665,100.18268895149232,1754692295.021081,43.0,0.0,5.236115493285354,8.155616169452799,5.792592741617966,7.965539993951381,13.79205838538138,5.311943520100897,-7.876149227070243,-2.0770810949967995,0.7861005260213574,-9.984521718627263,-8.815859856846316,-5.060766798392876,-10.321692487605048,-2.112755160565655,0.0,2.0,4.0,4.0,4.0,4.0,4.0,4.0,4.0,4.0,4.0,4.0,4.0,4.0,4.0,4.0,100.0,,,,,,,,,,,,,,,,,,,,,,,,,,,,,,,,,,,,,,,
12845,1754692294.953467,100.19049096107484,1754692295.028784,44.0,0.0,1.983100557701448,-6.185758122268169,6.048149595429379,2.4069123399902423,17.16161237360103,1.882801399725224,-4.711267794170624,2.490962115115792,1.605353925787142,-4.704157545826263,-1.4450981899641988,-1.66168184275665,-4.897417527836922,-0.067230644656945,0.0,2.0,4.0,4.0,4.0,4.0,4.0,4.0,4.0,4.0,4.0,4.0,4.0,4.0,4.0,4.0,100.0,0.6025018692016602,0.38818359375,-0.58123779296875,0.38531494140625,1.0122225284576416,-0.0537117570638656,-0.0415045395493507,-49.945831298828125,-99.59258270263672,5.383382797241211,,,,,,,,,,,,,,,,,,,,,,,,,,,,,
12846,1754692294.96127,100.19829416275024,1754692295.0366871,45.0,0.0,-5.611525361864267,-26.26389411092504,4.202539638564588,-2.5468942044723804,9.47512897885764,-2.345472473373036,-1.5473917237292767,1.3129972067875428,-0.459557377596127,-4.966416415632182,4.7626511613646585,0.9783897994305448,3.307554479937437,1.3003742930152953,0.0,2.0,4.0,4.0,4.0,4.0,4.0,4.0,4.0,4.0,4.0,4.0,4.0,4.0,4.0,4.0,100.0,,,,,,,,,,,,,,,,,,,,,,,,,,,,,,,,,,,,,,,
12847,1754692294.969073,100.20609712600708,1754692295.04449,46.0,0.0,-4.807174300483041,-36.42356436992992,0.750871722860154,-9.258754660708348,3.529896914204926,-2.4904175227639485,-0.8985465145233889,1.1868460883083003,-2.496488232548529,-0.7354168061911537,2.964363648909,3.2839607793029586,4.93265590095001,1.718787615949566,0.0,2.0,4.0,4.0,4.0,4.0,4.0,4.0,4.0,4.0,4.0,4.0,4.0,4.0,4.0,4.0,100.0,,,,,,,,,,,,,,,,,,,,,,,,,,,,,,,,,,,,,,,
12848,1754692294.976876,100.21390008926392,1754692295.052293,47.0,0.0,-1.2162188969303998,-38.89397444496296,-2.642908457044882,-16.347562030951735,4.811563951877474,-2.234117263836083,-0.5542729302250109,5.779990552390359,-0.2857979680119342,6.985777720543524,-0.0693882676072235,0.0066281134278369,4.2195854469547385,0.133581766228076,0.0,2.0,4.0,4.0,4.0,4.0,4.0,4.0,4.0,4.0,4.0,4.0,4.0,4.0,4.0,4.0,100.0,,,,,,,,,,,,,,,,,,,,,,,,,,,,,,,,,,,,,,,
12849,1754692294.984679,100.22170305252077,1754692295.059997,48.0,0.0,-3.858510941369445,-47.39697555272016,-4.899110650279567,-16.447921604027783,4.825470448173633,-3.0477229243875854,0.0980537869157842,11.17003955630878,-0.8945770891961047,9.02454311948884,2.430725837103523,-3.990235538588081,10.226423177893023,4.4367964213482765,0.0,2.0,4.0,4.0,4.0,4.0,4.0,4.0,4.0,4.0,4.0,4.0,4.0,4.0,4.0,4.0,100.0,0.6021521091461182,0.387939453125,-0.58074951171875,0.3868408203125,1.0161287784576416,-0.0380865186452865,-0.0468757152557373,-49.19813919067383,-100.78889465332033,6.131074905395508,,,,,,,,,,,,,,,,,,,,,,,,,,,,,
12850,1754692294.992483,100.2295069694519,1754692295.0679002,49.0,0.0,-9.16719226972225,-52.33115315377279,-7.17591177381189,-11.410360047221616,-1.6706595725098623,-4.608683280634409,-0.4580743241330083,12.093234758605035,1.7749428946232229,8.700925362845851,6.5180663413076445,-3.0806056476875483,19.305330208424152,10.871665438709556,0.0,2.0,4.0,4.0,4.0,4.0,4.0,4.0,4.0,4.0,4.0,4.0,4.0,4.0,4.0,4.0,100.0,,,,,,,,,,,,,,,,,,,,,,,,,,,,,,,,,,,,,,,
12851,1754692295.000286,100.23731017112732,1754692295.0757031,50.0,0.0,-11.423077953525024,-47.23506853490966,-7.518514354128854,-12.608576135757572,-6.793975144605099,-6.301881037323653,-0.6293235990200969,8.092633009672738,8.006166505842941,10.077448628044351,9.117341144260138,-2.477961746170365,19.699527518871093,7.622856365732389,0.0,2.0,4.0,4.0,4.0,4.0,4.0,4.0,4.0,4.0,4.0,4.0,4.0,4.0,4.0,4.0,100.0,,,,,,,,,,,,,,,,,,,,,,,,,,,,,,,,,,,,,,,
12852,1754692295.008088,100.24511218070984,1754692295.083506,51.0,0.0,-10.542951274054644,-38.96764302118606,-2.920330880461165,-11.534399736506998,-4.704482285963309,-2.4399276266530023,2.5515028978653618,3.9200152639774615,2.9655913989000737,9.024841219945417,10.755141384697367,-2.7311467954613136,12.971763208844663,3.3587780277958927,0.0,2.0,4.0,4.0,4.0,4.0,4.0,4.0,4.0,4.0,4.0,4.0,4.0,4.0,4.0,4.0,100.0,,,,,,,,,,,25.0,3.0,44.492557525634766,3.0,48.688758850097656,1.0,43.48251724243164,1.0,44.837982177734375,1.0,52.13080596923828,1.0,45.423439025878906,1.0,51.26513671875,1.0,47.137088775634766,3.0,50.4700813293457,3.0,41.02770233154297,1.0,57.24565124511719,1.0,60.93844604492188,1.0,60.3828353881836,1.0,58.948577880859375
12853,1754692295.015891,100.25291514396667,1754692295.0912092,52.0,0.0,-10.319437754144474,-38.99473134270875,-2.9795104019917744,-8.9428237203133,-1.6072676503486036,0.5966069535393217,5.69619599482985,3.3429553622941057,-6.242515767483837,4.862871890733459,7.721494672161953,-1.4179369382686673,10.086593169592106,3.4447965515259966,0.0,2.0,4.0,4.0,4.0,4.0,4.0,4.0,4.0,4.0,4.0,4.0,4.0,4.0,4.0,4.0,100.0,0.6020734310150146,0.387451171875,-0.58038330078125,0.38800048828125,1.004898190498352,-0.0292973220348358,-0.0317387655377388,-48.7495231628418,-102.5833511352539,7.925536155700684,,,,,,,,,,,,,,,,,,,,,,,,,,,,,
12854,1754692295.023694,100.26071810722352,1754692295.0989132,53.0,0.0,-9.642514064666614,-42.36812925810415,-7.416500174672421,-12.75284774865537,-1.4238457289289386,-1.922551385727786,8.370679467750449,6.124508577553513,-4.165947125220157,5.882395246258,9.477212431703208,0.6982854036490949,9.803230187810584,2.223655187088696,0.0,2.0,4.0,4.0,4.0,4.0,4.0,4.0,4.0,4.0,4.0,4.0,4.0,4.0,4.0,4.0,100.0,,,,,,,,,,,,,,,,,,,,,,,,,,,,,,,,,,,,,,,
12855,1754692295.031497,100.26852107048036,1754692295.1067162,54.0,0.0,-4.726270045670816,-39.23423087288208,-8.433225497724806,-15.343406409243896,-3.8854825432822224,-5.355019408827928,9.608698244492672,6.487569385004946,2.139681509893336,10.78844672211747,11.676204096044358,2.34061125886322,2.3449884003401,0.6539214436793657,0.0,2.0,4.0,4.0,4.0,4.0,4.0,4.0,4.0,4.0,4.0,4.0,4.0,4.0,4.0,4.0,100.0,,,,,,,,,,,,,,,,,,,,,,,,,,,,,,,,,,,,,,,
12856,1754692295.0393,100.27632403373718,1754692295.1145191,55.0,0.0,-0.01463846442374,-32.52404398857669,-3.842470916593072,-11.093723796993515,-5.06435422360363,-4.60403829196747,10.734584189432384,3.480721826205638,-0.8963087362578221,7.354610658466584,6.195003422948787,4.236552099101857,-3.374390239236334,5.014572723170943,0.0,2.0,4.0,4.0,4.0,4.0,4.0,4.0,4.0,4.0,4.0,4.0,4.0,4.0,4.0,4.0,100.0,,,,,,,,,,,,,,,,,,,,,,,,,,,,,,,,,,,,,,,
12857,1754692295.047104,100.28412795066832,1754692295.1222222,56.0,0.0,-1.8437136526384847,-25.38524688545237,-3.690822750020629,-6.748133209026832,-4.664143229855085,-3.561424227344446,10.15477801284544,1.1741250509591057,-3.2926790283803484,3.2287632946341773,3.1078461038583782,5.116680009120159,4.877905208932248,7.170653688511379,0.0,2.0,4.0,4.0,4.0,4.0,4.0,4.0,4.0,4.0,4.0,4.0,4.0,4.0,4.0,4.0,100.0,0.6024435758590698,0.38677978515625,-0.579833984375,0.388916015625,1.0029449462890625,-0.0288090333342552,-0.0312504768371582,-48.45044708251953,-101.83566284179688,6.878767013549805,,,,,,,,,,,,,,,,,,,,,,,,,,,,,
12858,1754692295.054906,100.29192996025084,1754692295.129926,57.0,0.0,-3.351892593071512,-17.94674604715908,-8.158837469924833,-3.423633981298167,-4.042204536155055,-2.137579586369497,8.466765771475934,-3.4067166478174613,-0.5774541633981016,6.993844089526306,7.526497986069557,2.518851240495337,9.15568993222621,3.384581641933096,0.0,2.0,4.0,4.0,4.0,4.0,4.0,4.0,4.0,4.0,4.0,4.0,4.0,4.0,4.0,4.0,100.0,,,,,,,,,,,,,,,,,,,,,,,,,,,,,,,,,,,,,,,
12859,1754692295.062709,100.29973316192628,1754692295.1377292,58.0,0.0,-1.127883302617363,-9.76212776961546,-8.426093724927512,-0.9282223247902834,-3.966071688535692,1.8386247386322907,7.792467138108634,-8.976012107635313,2.039076152964583,5.89370163140876,9.942670945037037,-2.637545279823996,4.156749578508254,0.6252721256622067,0.0,2.0,4.0,4.0,4.0,4.0,4.0,4.0,4.0,4.0,4.0,4.0,4.0,4.0,4.0,4.0,100.0,,,,,,,,,,,,,,,,,,,,,,,,,,,,,,,,,,,,,,,
12860,1754692295.070512,100.3075361251831,1754692295.145532,59.0,0.0,0.4560141072819306,-3.0064236979925454,-5.9785177280374455,-0.770529969623226,-3.956908691681406,0.6387879197344546,4.64281139296088,-6.641881149205005,3.43086330409858,1.107056071443708,3.0705683543259283,-1.814026822162873,5.592850893695527,0.3185540369926229,0.0,2.0,4.0,4.0,4.0,4.0,4.0,4.0,4.0,4.0,4.0,4.0,4.0,4.0,4.0,4.0,100.0,,,,,,,,,,,,,,,,,,,,,,,,,,,,,,,,,,,,,,,
12861,1754692295.078315,100.31533908843994,1754692295.153235,60.0,0.0,1.2156548851745017,0.0473907638757395,-4.616519817624919,-0.8262707187895444,-4.042746496001143,-6.164938728096729,-1.6197474069276154,-2.563746861306697,2.0781624154138285,1.1413621381175858,1.2253599402047826,3.3467042665025133,5.217752960616565,1.3799972596512475,0.0,2.0,4.0,4.0,4.0,4.0,4.0,4.0,4.0,4.0,4.0,4.0,4.0,4.0,4.0,4.0,100.0,0.6029292345046997,0.3861083984375,-0.57928466796875,0.3896484375,1.0161287784576416,-0.0214847028255462,-0.0297856107354164,-49.19813919067383,-100.78889465332033,6.131074905395508,,,,,,,,,,,,,,,,,,,,,,,,,,,,,
12862,1754692295.086118,100.32314205169678,1754692295.160939,61.0,0.0,3.663603054763911,2.2457616199781967,-1.4897857882878327,-3.104862836945728,-9.040604035305847,-9.604743995498126,-5.892369758787396,-7.90102278471241,1.4179346640404162,2.4737134662846927,8.029883267715007,3.9799206979092494,2.141336813109632,2.2082718206080187,0.0,2.0,4.0,4.0,4.0,4.0,4.0,4.0,4.0,4.0,4.0,4.0,4.0,4.0,4.0,4.0,100.0,,,,,,,,,,,,,,,,,,,,,,,,,,,,,,,,,,,,,,,
12863,1754692295.093921,100.3309450149536,1754692295.1687422,62.0,0.0,10.04668222806123,6.190322404147366,1.380116799303153,-4.516648724975482,-9.928779045308318,-6.304234787240773,-2.4645971826950586,-12.41048856187416,-1.2934730682592883,0.5386985016687618,4.745366131215008,1.530112211951575,0.0804253317913321,4.822103432999313,0.0,2.0,4.0,4.0,4.0,4.0,4.0,4.0,4.0,4.0,4.0,4.0,4.0,4.0,4.0,4.0,100.0,,,,,,,,,,,,,,,,,,,,,,,,,,,,,,,,,,,,,,,
12864,1754692295.101725,100.33874917030334,1754692295.1765451,63.0,0.0,10.213034885333345,11.5889596786987,0.9935343684400664,-2.445685545334584,-6.232413985505502,-3.304852919239295,-0.9259774791708536,-8.210842136802569,0.6272493311484482,1.2809719449518866,-5.458837386047492,4.918649375682378,-1.1438890764780467,7.931870209952137,0.0,2.0,4.0,4.0,4.0,4.0,4.0,4.0,4.0,4.0,4.0,4.0,4.0,4.0,4.0,4.0,100.0,,,,,,,,,,,,,,,,,,,,,,,,,,,,,,,,,,,,,,,
12865,1754692295.109527,100.34655117988586,1754692295.184348,64.0,0.0,0.8791054234324918,12.60020028068763,0.3728509073639259,-0.0976700678948248,-8.216553134843736,-4.408702048900551,-5.370639763648825,-5.900684351790943,3.879733444678976,0.958327087322658,-5.79716610056451,7.48857423566821,3.7869950176461487,4.391125220383373,3313.0,2.0,4.0,4.0,4.0,4.0,4.0,4.0,4.0,4.0,4.0,4.0,4.0,4.0,4.0,4.0,100.0,0.6028819680213928,0.38555908203125,-0.57891845703125,0.39080810546875,1.0229648351669312,-0.0317387655377388,-0.0385748073458671,-48.7495231628418,-101.83566284179688,6.43015193939209,,,,,,,,,,,,,,,,,,,,,,,,,,,,,
12866,1754692295.11733,100.3543541431427,1754692295.192152,65.0,0.0,-0.0686559264056541,11.733367104402303,-0.1018822445437308,2.82590666398687,-7.26635398004214,-5.128424296320873,-3.335227493039156,-4.796834210203315,2.249460284627048,0.5013751773733475,-5.947354412197228,4.976373903762806,9.092098546290115,2.7258577482045894,3530.0,2.0,4.0,4.0,4.0,4.0,4.0,4.0,4.0,4.0,4.0,4.0,4.0,4.0,4.0,4.0,100.0,,,,,,,,,,,,,,,,,,,,,,,,,,,,,,,,,,,,,,,
12867,1754692295.125133,100.36215710639954,1754692295.199955,66.0,0.0,3.4460366275734486,11.318854323948472,-2.084182078131562,1.2869663070550814,-4.233571295442744,-6.429303092349073,-2.4248146418249235,-3.8856464427531137,0.6880047267131886,1.402303578126066,-15.94265847316592,1.5713319232418144,5.048400210025648,3.490946067024197,3504.0,2.0,4.0,4.0,4.0,4.0,4.0,4.0,4.0,4.0,4.0,4.0,4.0,4.0,4.0,4.0,100.0,,,,,,,,,,,,,,,,,,,,,,,,,,,,,,,,,,,,,,,
12868,1754692295.132936,100.36996006965636,1754692295.2077582,67.0,0.0,-0.3534257614368812,13.114076569236715,0.3997165463952683,-0.5018296930251722,-4.365275747767953,-5.413966809687224,-4.257870917855541,-3.5055124764148218,2.8127081686021143,2.635896527242096,-11.76589127737492,2.770317606492938,8.168306319559235,4.546020611412189,3622.0,2.0,4.0,4.0,4.0,4.0,4.0,4.0,4.0,4.0,4.0,4.0,4.0,4.0,4.0,4.0,100.0,,,,,,,,,,,,,,,,,,,,,,,,,,,,,,,,,,,,,,,
12869,1754692295.140739,100.3777630329132,1754692295.2155612,68.0,0.0,-4.902684166745985,14.59085042331435,2.025983443676978,-0.6992873781086928,-5.253541602608948,-4.19145008996702,-4.174840582152228,-3.692886578133312,3.654605369048568,1.3013684276638742,1.136558787195554,2.853897006178613,14.69518726570618,1.2492068736792137,3621.0,2.0,4.0,4.0,4.0,4.0,4.0,4.0,4.0,4.0,4.0,4.0,4.0,4.0,4.0,4.0,100.0,0.6024746894836426,0.3848876953125,-0.57867431640625,0.3924560546875,1.0014801025390625,-0.0375982299447059,-0.0224612802267074,-49.19813919067383,-101.38704681396484,7.177844047546387,,,,,,,,,,,,,,,,,,,,,,,,,,,,,
12870,1754692295.148542,100.38556599617004,1754692295.223364,69.0,0.0,-0.2235376493807734,15.033673394350558,1.5502592801614128,1.964506092544184,-4.674270612837859,-2.220414957625394,-3.9662562169104376,-4.033772154457779,2.2772039979455485,-2.1061634432811616,3.153621741520624,-0.5672304263151773,9.36226151101721,-0.674622894048639,3505.0,2.0,4.0,4.0,4.0,4.0,4.0,4.0,4.0,4.0,4.0,4.0,4.0,4.0,4.0,4.0,100.0,,,,,,,,,,,,,,,,,,,,,,,,,,,,,,,,,,,,,,,
12871,1754692295.156345,100.39336895942688,1754692295.231168,70.0,0.0,2.078472841221412,11.396376077218122,-0.24195619130154,4.405672324810041,-6.739638332657194,-0.123462113392577,-4.811348223613493,-7.189186903460211,1.579603353983714,-2.790071026414296,0.5738270691782077,-2.132517939168281,6.813899578834537,1.05610400589336,3508.0,2.0,4.0,4.0,4.0,4.0,4.0,4.0,4.0,4.0,4.0,4.0,4.0,4.0,4.0,4.0,100.0,,,,,,,,,,,,,,,,,,,,,,,,,,,,,,,,,,,,,,,
12872,1754692295.164148,100.4011721611023,1754692295.238871,71.0,0.0,0.934854752047272,11.462567127006082,-0.9674802929010866,5.478988431871244,-4.590774694825427,0.798786382725325,-2.545093844919734,-7.473203810405607,-1.5020343224599628,-0.1506838948338327,0.1028487245827136,0.3855607109604761,7.285435138596426,0.3981479398790952,3495.0,2.0,4.0,4.0,4.0,4.0,4.0,4.0,4.0,4.0,4.0,4.0,4.0,4.0,4.0,4.0,100.0,,,,,,,,,,,,,,,,,,,,,,,,,,,,,,,,,,,,,,,
12873,1754692295.171951,100.40897512435912,1754692295.246774,72.0,0.0,0.7240490855911332,15.003328306994293,1.9080668682468345,3.551090303038137,3.142195785458199,1.9813318181191164,-1.0780833721664465,-2.685629250895971,-3.3334152997562967,-0.9347946607349228,0.0562713579215881,-0.9242390737353788,-1.732602023241924,-2.3938443266920046,3601.0,2.0,4.0,4.0,4.0,4.0,4.0,4.0,4.0,4.0,4.0,4.0,4.0,4.0,4.0,4.0,100.0,0.6015770435333252,0.38427734375,-0.57818603515625,0.3951416015625,1.0034332275390625,-0.0566414892673492,-0.0322270542383194,-47.85229110717773,-103.7796630859375,5.23384428024292,,,,,,,,,,,,,,,,,,,,,,,,,,,,,
12874,1754692295.179754,100.41677808761597,1754692295.2545772,73.0,0.0,0.8907615350548213,10.98153966177358,6.225261681925417,1.500105031227008,5.53474331234554,3.354987558387052,0.6282423691158101,-0.1593353875633738,-6.127839867304488,-4.496771776981063,-1.0695964524330748,-3.3652169048651785,-7.829580459853219,-1.779947748923064,3606.0,2.0,4.0,4.0,4.0,4.0,4.0,4.0,4.0,4.0,4.0,4.0,4.0,4.0,4.0,4.0,100.0,,,,,,,,,,,,,,,,,,,,,,,,,,,,,,,,,,,,,,,
12875,1754692295.187557,100.4245810508728,1754692295.26248,74.0,0.0,-1.660008597139722,3.831321467142288,4.646738323540603,-0.0979725725630942,3.428965359341192,0.4783005887045419,2.346580349138776,0.6047754785988673,-8.621805996679768,-2.3093331458987905,-1.114640799320341,-1.2164196924161388,-8.571234248172004,0.6593852449971109,3627.0,2.0,4.0,4.0,4.0,4.0,4.0,4.0,4.0,4.0,4.0,4.0,4.0,4.0,4.0,4.0,100.0,,,,,,,,,,,,,,,,,,,,,,,,,,,,,,,,,,,,,,,
12876,1754692295.19536,100.43238401412964,1754692295.2702842,75.0,0.0,-6.7025812953799,-0.0154135340031871,0.6137657199855084,-1.8162793604025185,0.6549406686116299,-1.3927862109504758,-2.923943011123015,3.273589276440702,5.287528794645709,2.5495380287037506,2.6975998647534425,2.136203023518533,-10.793290719309994,-2.7299683354632407,3539.0,2.0,4.0,4.0,4.0,4.0,4.0,4.0,4.0,4.0,4.0,4.0,4.0,4.0,4.0,4.0,100.0,,,,,,,,,,,,,,,,,,,,,,,,,,,,,,,,,,,,,,,
12877,1754692295.203164,100.44018816947936,1754692295.2780871,76.0,0.0,-3.889566909039047,-2.632415585813476,1.2346143997290824,-1.1639588147583595,-1.712940979736402,3.445575168440712,-2.8972263798670497,4.369145563099494,17.531065562505148,2.680952956581507,6.712884464953561,1.0453992354239858,-8.134646175560363,-3.2306844401402373,3577.0,2.0,4.0,4.0,4.0,4.0,4.0,4.0,4.0,4.0,4.0,4.0,4.0,4.0,4.0,4.0,100.0,0.3523907363414764,0.633544921875,-0.28619384765625,0.62652587890625,0.993179202079773,-0.0766613259911537,-0.0297856107354164,-49.04859924316406,-101.2375030517578,6.280613422393799,,,,,,,,,,,,,,,,,,,,,,,,,,,,,
12878,1754692295.210966,100.44799017906188,1754692295.28579,77.0,0.0,0.841729117303089,-4.893381951145443,-0.6487771583416588,-2.9332334013648733,1.1635998713312574,5.1694810489574365,4.258542937008656,-0.1138781765317844,2.912505962073624,-1.0992121814584834,1.6670223467807546,-3.270018190416181,-4.555318049502262,1.122749582281699,3313.0,2.0,4.0,4.0,4.0,4.0,4.0,4.0,4.0,4.0,4.0,4.0,4.0,4.0,4.0,4.0,100.0,,,,,,,,,,,,,,,,,,,,,,,,,,,,,,,,,,,,,,,
12879,1754692295.218769,100.45579314231873,1754692295.293493,78.0,0.0,-1.2681878912275693,-4.838653042819658,0.4112324491712229,-3.1404227224306283,8.046451869588566,5.399963653662837,8.163142365152055,0.2353892436909177,-9.405135076497515,-0.3487035649117729,1.3929968112466329,-0.7185589340537604,-6.536098531437062,3.436254608514957,3627.0,2.0,4.0,4.0,4.0,4.0,4.0,4.0,4.0,4.0,4.0,4.0,4.0,4.0,4.0,4.0,100.0,,,,,,,,,,,,,,,,,,,,,,,,,,,,,,,,,,,,,,,
12880,1754692295.226572,100.46359610557556,1754692295.3012972,79.0,0.0,-8.13278563874195,-6.615995825927655,1.776989431416098,-0.2155002075691641,6.632726239165606,7.163566882862199,5.844132204120399,1.5377655783645992,-2.113098327208661,-3.552110173671224,4.828947576729718,-2.732959446743223,-10.570616769382866,0.4699655686818573,3539.0,2.0,4.0,4.0,4.0,4.0,4.0,4.0,4.0,4.0,4.0,4.0,4.0,4.0,4.0,4.0,100.0,,,,,,,,,,,,,,,,,,,,,,,,,,,,,,,,,,,,,,,
12881,1754692295.234375,100.4713990688324,1754692295.3091002,80.0,0.0,-4.765220266424478,-7.4796889777394995,2.823759494585772,2.9121353339355096,2.247642477372608,6.405827741958035,3.835751973052026,2.43737489355766,0.2193158711929186,-8.471878855284615,4.384947651061282,-11.134903356232428,-7.917528570649722,1.6046811735195092,3577.0,2.0,4.0,4.0,4.0,4.0,4.0,4.0,4.0,4.0,4.0,4.0,4.0,4.0,4.0,4.0,100.0,0.351056307554245,0.63201904296875,-0.2862548828125,0.6287841796875,1.006363034248352,-0.1230487525463104,-0.0014648661017417,-49.34767532348633,-102.7328872680664,7.028305530548096,,,,,,,,,,,,,,,,,,,,,,,,,,,,,
12882,1754692295.242178,100.47920203208923,1754692295.316803,81.0,0.0,2.951545139224237,-8.11955010641779,6.116396933636935,1.8347126784390468,5.323578980818439,-1.293708684943084,2.313291617652596,2.007580235066854,-8.250482576368285,-7.151551880720689,4.748676067152047,-7.944615016758888,-2.15774950112015,1.4958803964011906,3313.0,2.0,4.0,4.0,4.0,4.0,4.0,4.0,4.0,4.0,4.0,4.0,4.0,4.0,4.0,4.0,100.0,,,,,,,,,,,,,,,,,,,,,,,,,,,,,,,,,,,,,,,
12883,1754692295.249981,100.48700499534608,1754692295.324506,82.0,0.0,3.106911367559832,-9.540918620566146,7.586314905110129,1.1980186835321265,13.765420661783963,-3.9873983239135953,2.7315959859492693,-0.5902592894790644,-8.567798890007026,-5.9560215823076135,6.432732184748573,-0.2252838849131251,-0.06779380064998,-2.1657907380854624,3627.0,2.0,4.0,4.0,4.0,4.0,4.0,4.0,4.0,4.0,4.0,4.0,4.0,4.0,4.0,4.0,100.0,,,,,,,,,,,,,,,,,,,,,,,,,,,,,,,,,,,,,,,
12884,1754692295.257784,100.4948079586029,1754692295.33231,83.0,0.0,2.212560195027038,-9.78848749899356,7.422096428958923,3.748339728395479,16.047554427936632,2.0823252032510595,2.787753572935401,-3.015929894353519,-7.312752309041969,-12.73074251187694,2.5577995701215173,-2.8419060450300435,-0.8413169453855858,-2.941285656565867,3539.0,2.0,4.0,4.0,4.0,4.0,4.0,4.0,4.0,4.0,4.0,4.0,4.0,4.0,4.0,4.0,100.0,,,,,,,,,,,,,,,,,,,,,,,,,,,,,,,,,,,,,,,
12885,1754692295.265587,100.50261116027832,1754692295.340013,84.0,0.0,2.725203127819384,-10.330696891970604,9.502682786985986,2.822501048785796,14.70686831433062,6.468609169019089,0.4505566042279838,0.4262899669037665,-4.937077940871461,-18.03232530010069,2.5652853319579094,-4.1026019701012615,0.049843831277883,-13.01173122530605,3577.0,2.0,4.0,4.0,4.0,4.0,4.0,4.0,4.0,4.0,4.0,4.0,4.0,4.0,4.0,4.0,100.0,0.3505836725234985,0.63018798828125,-0.2857666015625,0.631103515625,1.0249179601669312,-0.1171892881393432,0.0097657740116119,-48.0018310546875,-102.88243103027344,5.831998348236084,,,,,,,,,,,,,,,,,,,,,,,,,,,,,
12886,1754692295.27339,100.51041412353516,1754692295.347816,85.0,0.0,0.0079385119906874,-16.089076827556255,6.515132182493289,-4.47943567103448,14.213271626975256,5.062753557629549,-2.3717828212666063,6.280921935989227,0.5218388136268004,-16.929756760063356,5.008606161517946,-1.558400767016792,-2.191517785447104,-23.52851706080901,3313.0,2.0,4.0,4.0,4.0,4.0,4.0,4.0,4.0,4.0,4.0,4.0,4.0,4.0,4.0,4.0,100.0,,,,,,,,,,,,,,,,,,,,,,,,,,,,,,,,,,,,,,,
12887,1754692295.281193,100.518217086792,1754692295.355519,86.0,0.0,-0.7760316354425925,-15.67027420043874,3.028271313556928,-4.238563285251217,15.83914816856381,3.749271542918308,-1.7216767020428565,6.773207814422534,1.699193834628062,-14.14074497322295,6.03774727702725,-0.9571998812799904,-0.7832651870866414,-24.6189467134233,3627.0,2.0,4.0,4.0,4.0,4.0,4.0,4.0,4.0,4.0,4.0,4.0,4.0,4.0,4.0,4.0,100.0,,,,,,,,,,,,,,,,,,,,,,,,,,,,,,,,,,,,,,,
12888,1754692295.288996,100.52602005004884,1754692295.363323,87.0,0.0,-0.7325096404053113,-4.9826794273236885,2.2732796818002896,3.683806382942152,13.104562621891404,4.347316876935423,-2.9458799724440325,0.0886520539296213,-4.775065407075232,-15.58928278559111,3.843488111345181,-1.4201587032845566,3.82787560453707,-13.544368989663925,3539.0,2.0,4.0,4.0,4.0,4.0,4.0,4.0,4.0,4.0,4.0,4.0,4.0,4.0,4.0,4.0,100.0,,,,,,,,,,,,,,,,,,,,,,,,,,,,,,,,,,,,,,,
12889,1754692295.296799,100.53382301330566,1754692295.371026,88.0,0.0,-2.4694533527853366,3.198435772701117,1.2255985218053809,3.2396796214626136,8.228731822312596,4.96712327173563,-5.036740046469191,-3.290458869715991,-4.831392069078362,-13.131655934288943,2.387530393734864,1.712676581779391,2.067063021558937,-13.029345321154238,3577.0,2.0,4.0,4.0,4.0,4.0,4.0,4.0,4.0,4.0,4.0,4.0,4.0,4.0,4.0,4.0,100.0,0.3499949276447296,0.629150390625,-0.285400390625,0.63262939453125,1.0214999914169312,-0.1010757610201835,-0.0048828870058059,-50.09536743164063,-103.03196716308594,5.981536388397217,,,,,,,,,,,,,,,,,,,,,,,,,,,,,
12890,1754692295.304602,100.5416259765625,1754692295.3789291,89.0,0.0,-2.235244012924653,-0.0524341879366545,-0.8799567600347871,-3.480716681008147,4.507368962424749,-0.5305585724698574,-1.6057140259357254,1.499729243773487,2.950175764766442,-3.8475342749232766,3.8308260881250646,2.7232198873940945,1.080958428134096,-9.062853572935497,3313.0,2.0,4.0,4.0,4.0,4.0,4.0,4.0,4.0,4.0,4.0,4.0,4.0,4.0,4.0,4.0,100.0,,,,,,,,,,,,,,,,,,,,,,,,,,,,,,,,,,,,,,,
12891,1754692295.312405,100.54942917823792,1754692295.386732,90.0,0.0,1.3413310060124104,-3.136452997909032,-1.9584900695034548,-6.919995910539797,-2.198627739475228,-9.572387095829413,-0.4780714336455958,4.16172230370023,1.2153088752653505,-0.0045116433296925,0.876763814735682,1.2062971899405284,2.5949650756236906,1.8223445603777009,3627.0,2.0,4.0,4.0,4.0,4.0,4.0,4.0,4.0,4.0,4.0,4.0,4.0,4.0,4.0,4.0,100.0,,,,,,,,,,,,,,,,,,,,,,,,,,,,,,,,,,,,,,,
12892,1754692295.320208,100.55723214149477,1754692295.394535,91.0,0.0,4.263993462314886,6.725122211074051,-0.5963334467527943,-4.130698729051744,-3.4953022843509984,-3.887190336756646,-1.680563316845053,3.968135567349293,-4.978689495770993,6.581184926697517,-4.349709993105478,1.1808106037734092,0.2464497512679031,6.092982763853854,3539.0,2.0,4.0,4.0,4.0,4.0,4.0,4.0,4.0,4.0,4.0,4.0,4.0,4.0,4.0,4.0,100.0,,,,,,,,,,,,,,,,,,,,,,,,,,,,,,,,,,,,,,,
12893,1754692295.328011,100.5650351047516,1754692295.402239,92.0,0.0,0.4548311146870105,12.463874573937744,-2.130803727538307,-1.6828823809512985,-5.367825106224075,3.402451854834169,0.6989903649661642,2.4536734349059657,-2.36931776033299,11.385316373534522,-6.540962631188279,-0.8269429005707138,-9.5505250618167,3.6398929748212936,3577.0,2.0,4.0,4.0,4.0,4.0,4.0,4.0,4.0,4.0,4.0,4.0,4.0,4.0,4.0,4.0,100.0,0.3499557375907898,0.62860107421875,-0.2850341796875,0.63336181640625,1.0288243293762207,-0.081055924296379,-0.0170901045203208,-49.79629135131836,-103.03196716308594,5.23384428024292,,,,,,,,,,,,,,,,,,,,,,,,,,,,,
12894,1754692295.335814,100.57283806800842,1754692295.410042,93.0,0.0,-4.070280973568288,16.540722342642084,-4.394849875109912,0.1522692685214224,-12.450395727259776,-1.99643509638895,4.251129951461053,2.7444423969770924,11.998964660820777,7.710102368661637,-7.038596594840101,-2.0746184565266503,-8.385342800021817,5.388342784634233,3313.0,2.0,4.0,4.0,4.0,4.0,4.0,4.0,4.0,4.0,4.0,4.0,4.0,4.0,4.0,4.0,100.0,,,,,,,,,,,,,,,,,,,,,,,,,,,,,,,,,,,,,,,
12895,1754692295.343617,100.58064103126526,1754692295.417745,94.0,0.0,-1.7837837299589123,29.062315648009672,-4.885896479192951,0.3206491553396802,-19.22848266828666,-4.626857305397579,1.1504443682547674,1.5473497806570151,13.833917463992776,6.599907560324965,-8.057222059957411,-1.2845559226320518,-1.9231539065878849,8.298931850927175,3627.0,2.0,4.0,4.0,4.0,4.0,4.0,4.0,4.0,4.0,4.0,4.0,4.0,4.0,4.0,4.0,100.0,,,,,,,,,,,,,,,,,,,,,,,,,,,,,,,,,,,,,,,
12896,1754692295.35142,100.5884439945221,1754692295.425548,95.0,0.0,3.887211879821109,41.23849008414373,-2.952627545372877,0.9907201746630676,-21.90693083780087,0.5968294111315231,-1.5242013180292702,-4.840824820806745,-0.8750093323107535,9.61747041543532,-3.360377144721668,2.519753835810036,-2.642677105712835,11.57658446259194,3539.0,2.0,4.0,4.0,4.0,4.0,4.0,4.0,4.0,4.0,4.0,4.0,4.0,4.0,4.0,4.0,100.0,,,,,,,,,,,,,,,,,,,,,,,,,,,,,,,,,,,,,,,
12897,1754692295.359223,100.59624695777892,1754692295.433252,96.0,0.0,4.626591584328111,43.45129560227255,-1.667079873482777,2.9806831023446136,-21.54005943483721,-0.9943365861055612,0.674967545844396,-7.451811421608141,-8.082719008502096,6.953261498690921,-3.2990891669266205,3.727519361827348,-6.0492559678295095,13.297463518187527,3577.0,2.0,4.0,4.0,4.0,4.0,4.0,4.0,4.0,4.0,4.0,4.0,4.0,4.0,4.0,4.0,100.0,0.3492130637168884,0.628173828125,-0.28485107421875,0.63427734375,1.0283360481262207,-0.0654306858777999,-0.0087891966104507,-51.14213943481445,-104.37781524658205,5.831998348236084,,,,,,,,,,,,,,,,,,,,,,,,,,,,,
12898,1754692295.367026,100.60405015945436,1754692295.441055,97.0,0.0,2.37551594260674,37.66171422330251,-3.2712848905217697,0.8907010707665677,-20.89123117966085,-4.572893950405273,3.8793421096446536,0.8255014642967353,-1.6046027206767803,7.913799341907975,-12.259326875237209,1.4777209742891273,-11.808713231841352,11.779983590043116,3313.0,2.0,4.0,4.0,4.0,4.0,4.0,4.0,4.0,4.0,4.0,4.0,4.0,4.0,4.0,4.0,100.0,,,,,,,,,,,,,,,,,,,,,,,,,,,,,,,,,,,,,,,
12899,1754692295.374829,100.61185312271118,1754692295.448758,98.0,0.0,-2.5627989109802343,27.75386140410416,-5.7457154633111145,-4.787710450251723,-26.73004775459634,-2.436431344031405,6.891913152246673,6.145464910048816,2.416715242424345,15.1401896433577,-15.029521299343685,0.0785628638546427,-17.14229212556114,6.934348053589986,3627.0,2.0,4.0,4.0,4.0,4.0,4.0,4.0,4.0,4.0,4.0,4.0,4.0,4.0,4.0,4.0,100.0,,,,,,,,,,,,,,,,,,,,,,,,,,,,,,,,,,,,,,,
12900,1754692295.382632,100.61965608596802,1754692295.456561,99.0,0.0,-4.15364140473514,24.303090162625608,-5.003835747466951,-2.6758920698704287,-27.57152605738895,-0.5861384586806935,7.10337491780399,4.766706573339775,3.3928661094254267,17.725742474918547,-8.765837180158655,-0.2331170142161909,-11.599169870468245,4.493052012204203,3539.0,2.0,4.0,4.0,4.0,4.0,4.0,4.0,4.0,4.0,4.0,4.0,4.0,4.0,4.0,4.0,100.0,,,,,,,,,,,,,,,,,,,,,,,,,,,,,,,,,,,,,,,
12901,1754692295.390435,100.62745904922484,1754692295.464265,100.0,0.0,-0.0721084003053533,24.807026454877303,-4.243809060574733,2.4529687825315136,-20.06424939584673,-2.5639206091028086,0.8506713594314874,0.477920738978753,1.9129833519249928,16.284733615834227,-7.781409477999261,-0.6949275869674807,-2.363587636491104,6.872523895057327,3577.0,2.0,4.0,4.0,4.0,4.0,4.0,4.0,4.0,4.0,4.0,4.0,4.0,4.0,4.0,4.0,100.0,0.3467449843883514,0.6275634765625,-0.285400390625,0.635986328125,1.006851315498352,-0.0649423971772193,-0.0112306401133537,-50.09536743164063,-103.7796630859375,5.532921314239502,,,,,,,,,,,,,,,,,,,,,,,,,,,,,
12902,1754692295.398238,100.63526201248168,1754692295.472068,101.0,0.0,4.133787849752537,28.058421386984776,-4.189221213886356,4.248751460233564,-16.636764939085822,-0.2727346752562312,-2.753749882296632,-4.701408389192636,-1.928299421886948,12.840146213939136,-6.295590767262581,-0.0018386648307,0.7633045481707654,9.658420577577148,3313.0,2.0,4.0,4.0,4.0,4.0,4.0,4.0,4.0,4.0,4.0,4.0,4.0,4.0,4.0,4.0,100.0,,,,,,,,,,,,,,,,,,,,,,,,,,,,,,,,,,,,,,,
12903,1754692295.406041,100.64306497573853,1754692295.4797711,102.0,0.0,2.2010453104450107,23.437241871891388,-2.668546317486175,4.983758361157129,-17.208104762183098,1.0026666472118675,-3.461527970271959,-6.748460772035628,-0.7930961518931099,5.466263028670824,-2.2916010767543185,0.7779688591509739,-3.212195631831378,7.202550052528409,3627.0,2.0,4.0,4.0,4.0,4.0,4.0,4.0,4.0,4.0,4.0,4.0,4.0,4.0,4.0,4.0,100.0,,,,,,,,,,,,,,,,,,,,,,,,,,,,,,,,,,,,,,,
12904,1754692295.413844,100.65086817741394,1754692295.487574,103.0,0.0,-1.073937013296188,17.26808342052874,-1.1954615658571015,8.675915851830553,-8.835942124214114,1.1255893786295132,-2.0394975453274924,-5.913014105147965,2.988795727059653,4.10819584979464,-3.846278506204442,1.1214137499089816,-6.781809954072912,2.919375775087076,3539.0,2.0,4.0,4.0,4.0,4.0,4.0,4.0,4.0,4.0,4.0,4.0,4.0,4.0,4.0,4.0,100.0,,,,,,,,,,,,,,,,,,,,,,,,,,,,,,,,,,,,,,,
12905,1754692295.421647,100.65867114067078,1754692295.495278,104.0,0.0,-4.270362772387671,16.158773308267882,-2.547973409293263,10.498221919068785,0.5847513685175727,2.9238807011411154,-0.3083269217386259,-8.982961733244792,0.8232696643490272,5.210072082411898,-7.812827091451254,1.348886365938597,-8.204685952598084,1.4458750034732477,3577.0,2.0,4.0,4.0,4.0,4.0,4.0,4.0,4.0,4.0,4.0,4.0,4.0,4.0,4.0,4.0,100.0,0.3428585231304168,0.62701416015625,-0.28680419921875,0.63800048828125,1.0024566650390625,-0.0776379033923149,-0.0249027237296104,-51.29167556762695,-103.7796630859375,7.775997638702393,,,,,,,,,,,,,,,,,,,,,,,,,,,,,
12906,1754692295.42945,100.6664741039276,1754692295.503181,105.0,0.0,-4.063605955304695,16.29065737606578,-1.9138489801437688,12.412270235207586,6.166702367324149,3.912899086069217,0.1103917697725478,-8.318210863296201,-2.620731716860803,3.278620101407057,-4.517497297901002,-0.0388662858998145,-6.024315887742716,1.335141980960259,3313.0,2.0,4.0,4.0,4.0,4.0,4.0,4.0,4.0,4.0,4.0,4.0,4.0,4.0,4.0,4.0,100.0,,,,,,,,,,,,,,,,,,,,,,,,,,,,,,,,,,,,,,,
12907,1754692295.437253,100.67427706718443,1754692295.5109842,106.0,0.0,-0.9944625227252571,5.740436037223958,-2.38367517914628,12.03535243392173,12.507383584349668,2.2084026951371243,0.433692125649145,-3.810605683047356,-3.6346470543115856,6.518113772649144,-1.4765661191112258,0.0421627153638155,-6.7646659329828935,-3.56998975239128,3627.0,2.0,4.0,4.0,4.0,4.0,4.0,4.0,4.0,4.0,4.0,4.0,4.0,4.0,4.0,4.0,100.0,,,,,,,,,,,,,,,,,,,,,,,,,,,,,,,,,,,,,,,
12908,1754692295.445056,100.68208003044128,1754692295.5187871,107.0,0.0,3.173812870337997,-9.364216971491942,-1.705047303170204,8.524218397453978,14.188798635966805,0.1768785789715821,-0.6967406126407241,-0.3334411105995514,-0.3689025896921976,12.646679982058458,-4.132653883245666,3.886094050038764,-9.803589019919857,-4.337664116070073,3539.0,2.0,4.0,4.0,4.0,4.0,4.0,4.0,4.0,4.0,4.0,4.0,4.0,4.0,4.0,4.0,100.0,,,,,,,,,,,,,,,,,,,,,,,,,,,,,,,,,,,,,,,
12909,1754692295.452859,100.68988299369812,1754692295.52649,108.0,0.0,0.3704459598457106,-16.278387610752816,-0.310642902004929,4.608356753458793,11.569752374451127,-1.337704981958268,-5.259949874084668,1.5648533464586762,1.3580872675311184,4.337099686218153,-1.276095482337951,1.9284376743307805,-9.374279149591985,-2.297380881865138,3577.0,2.0,4.0,4.0,4.0,4.0,4.0,4.0,4.0,4.0,4.0,4.0,4.0,4.0,4.0,4.0,100.0,0.5843062996864319,0.37896728515625,-0.57904052734375,0.42388916015625,1.004409909248352,-0.093263141810894,-0.0224612802267074,-49.945831298828125,-103.92919921875,6.878767013549805,,,,,,,,,,,,,,,,,,,,,,,,,,,,,
12910,1754692295.460662,100.69768595695496,1754692295.534194,109.0,0.0,-2.300998810273825,-15.925536055882104,-0.0256644227577567,6.883232137732364,18.91318797022467,3.0906219637906247,-1.7683020394350135,3.237190267207268,-0.4058410782470787,-2.9970388616473542,4.990371905880863,0.4189320898387336,-6.209848220363085,-2.2459379701229523,3313.0,2.0,4.0,4.0,4.0,4.0,4.0,4.0,4.0,4.0,4.0,4.0,4.0,4.0,4.0,4.0,100.0,,,,,,,,,,,,,,,,,,,,,,,,,,,,,,,,,,,,,,,
12911,1754692295.468465,100.70548915863036,1754692295.5419972,110.0,0.0,0.2687336008270904,-19.62850184408944,-1.2918949248623903,7.768426227859436,22.23490676809297,6.270496478788573,1.8292074331579893,3.111695004122339,-1.6927261565892875,-0.0136377766530131,-1.2176839613521224,-0.9936932186506056,-6.479923546591408,-7.869095654311877,3627.0,2.0,4.0,4.0,4.0,4.0,4.0,4.0,4.0,4.0,4.0,4.0,4.0,4.0,4.0,4.0,100.0,,,,,,,,,,,,,,,,,,,,,,,,,,,,,,,,,,,,,,,
12912,1754692295.476268,100.7132921218872,1754692295.5498002,111.0,0.0,3.641045324523674,-24.71429231344544,1.4488441007303834,4.157537614925076,15.204928845069134,0.5582504945438984,-4.222051616381378,1.59322289918029,1.7678465429273444,1.5349413559958691,-3.372228736567905,-2.715984896932042,-0.8148917598778382,-10.570866092623676,3539.0,2.0,4.0,4.0,4.0,4.0,4.0,4.0,4.0,4.0,4.0,4.0,4.0,4.0,4.0,4.0,100.0,,,,,,,,,,,,,,,,,,,,,,,,,,,,,,,,,,,,,,,
12913,1754692295.484071,100.72109508514404,1754692295.5575042,112.0,0.0,3.971762885432725,-27.041884828076093,6.178675193827928,6.373677226952566,12.182341783761728,-6.284151333376087,-9.125083491560474,-4.722890387160589,-2.6225668043549035,-2.773538510266974,6.669891714689072,-0.9043910968044316,8.539971337833038,-5.50072850762632,3577.0,2.0,4.0,4.0,4.0,4.0,4.0,4.0,4.0,4.0,4.0,4.0,4.0,4.0,4.0,4.0,100.0,0.5834606289863586,0.37689208984375,-0.57958984375,0.4261474609375,0.9980621337890624,-0.0791027694940567,-0.0214847028255462,-49.945831298828125,-103.63011932373048,6.878767013549805,,,,,,,,,,,,,,,,,,,,,,,,,,,,,
12914,1754692295.491874,100.72889804840088,1754692295.565207,113.0,0.0,3.108823867991532,-24.57054818742404,4.010129080424349,9.058773357861584,13.976574109993862,-3.951030758248862,-6.858801402990821,-11.916784887078164,-13.253100377625517,-4.4572217015604565,11.9535612897173,-0.4974467536401334,9.254434906636334,-0.4132256898371906,3313.0,2.0,4.0,4.0,4.0,4.0,4.0,4.0,4.0,4.0,4.0,4.0,4.0,4.0,4.0,4.0,100.0,,,,,,,,,,,,,,,,,,,,,,,,,,,,,,,,,,,,,,,
12915,1754692295.499677,100.73670101165771,1754692295.57301,114.0,0.0,2.9423069277066247,-20.604412731715627,-0.5649793841409405,5.334379537549751,10.901831812246485,1.9349236765067983,-2.1724781804575173,-7.732624807555737,-12.265494767402004,-4.031195570055104,9.540493847258688,-3.323916099968926,7.999219705189546,-0.1190409071406861,3627.0,2.0,4.0,4.0,4.0,4.0,4.0,4.0,4.0,4.0,4.0,4.0,4.0,4.0,4.0,4.0,100.0,,,,,,,,,,,,,,,,,,,,,,,,,,,,,,,,,,,,,,,
12916,1754692295.50748,100.74450397491456,1754692295.5808132,115.0,0.0,2.6702849485859588,-24.26958886991588,0.7033013016935001,1.1390399845126922,9.7385333643565,0.4792547932984234,-1.3858486376770998,-1.610824153298836,-6.459914863871745,-4.218334702150514,10.097901866864504,-0.9403242895809854,10.77560822114424,-1.0548839475336536,3539.0,2.0,4.0,4.0,4.0,4.0,4.0,4.0,4.0,4.0,4.0,4.0,4.0,4.0,4.0,4.0,100.0,,,,,,,,,,,25.0,3.0,45.31471252441406,3.0,47.80140686035156,1.0,47.16522979736328,1.0,43.02187728881836,1.0,47.02960586547852,1.0,40.90544891357422,1.0,46.22660827636719,1.0,44.38893127441406,3.0,46.1872444152832,3.0,36.38351058959961,1.0,52.89400100708008,1.0,65.11491394042969,1.0,59.886837005615234,1.0,55.43009567260742
12917,1754692295.515283,100.75230717658997,1754692295.5885172,116.0,0.0,2.812341883591728,-30.302202928915847,2.791505143318375,-1.0638512243889977,10.986671637293114,-4.827437838139701,-5.199657433261962,-3.1975118529862243,-6.602796415180308,-3.1737145539686367,7.069398476637218,4.082151150396896,7.053592484706826,2.576517292176561,3577.0,2.0,4.0,4.0,4.0,4.0,4.0,4.0,4.0,4.0,4.0,4.0,4.0,4.0,4.0,4.0,100.0,0.5828707814216614,0.3751220703125,-0.5797119140625,0.4283447265625,0.9819485545158386,-0.0893568322062492,-0.0209964141249656,-50.99259948730469,-104.52735137939452,7.327382087707519,,,,,,,,,,,,,,,,,,,,,,,,,,,,,
12918,1754692295.523086,100.7601101398468,1754692295.59622,117.0,0.0,6.506820947113738,-26.4102373582582,0.5494500714903552,-2.573131825733981,8.724174408327599,-5.788839038388232,-3.3703536798338973,2.979048013124612,-2.4318647571867587,-3.299728694345049,0.274148175877599,2.047904984056004,2.4541740327172192,6.254262361539986,3313.0,2.0,4.0,4.0,4.0,4.0,4.0,4.0,4.0,4.0,4.0,4.0,4.0,4.0,4.0,4.0,100.0,,,,,,,,,,,,,,,,,,,,,,,,,,,,,,,,,,,,,,,
12919,1754692295.530889,100.76791310310364,1754692295.604023,118.0,0.0,4.824493087253956,-20.902318080416848,-3.249676875603967,-7.620406564710123,3.8245565474304897,-4.719026090479332,3.94668648126995,8.093707342523572,1.9287151383433925,-9.883552196108525,-2.515017540574121,-1.7288768460151402,2.723941932334043,3.735383734564636,3627.0,2.0,4.0,4.0,4.0,4.0,4.0,4.0,4.0,4.0,4.0,4.0,4.0,4.0,4.0,4.0,100.0,,,,,,,,,,,,,,,,,,,,,,,,,,,,,,,,,,,,,,,
12920,1754692295.538692,100.77571606636047,1754692295.6118262,119.0,0.0,0.8930646095672046,-22.64897804599525,-1.855955428281618,-7.928833987687199,3.573911688676503,0.005482015890152,5.898557857972605,2.009361702311139,-0.3461060082746598,-15.32105537603195,-0.5202899432166532,-1.911023277947265,3.744835353755775,1.7254663299517006,3539.0,2.0,4.0,4.0,4.0,4.0,4.0,4.0,4.0,4.0,4.0,4.0,4.0,4.0,4.0,4.0,100.0,,,,,,,,,,,,,,,,,,,,,,,,,,,,,,,,,,,,,,,
12921,1754692295.546495,100.78351902961732,1754692295.61953,120.0,0.0,-1.5219723279253117,-23.24691196192515,-2.694786425494556,-7.485841916905144,2.5543966687772013,5.4617994367757206,1.868272892898688,-0.7701421240746527,2.046886985942649,-9.277005252815512,0.5375950990886054,-1.4615925645850325,2.606131099287325,1.9957384641496103,3577.0,2.0,4.0,4.0,4.0,4.0,4.0,4.0,4.0,4.0,4.0,4.0,4.0,4.0,4.0,4.0,100.0,0.5821608901023865,0.373779296875,-0.57952880859375,0.43072509765625,1.0009918212890625,-0.1123064011335372,-0.0224612802267074,-51.29167556762695,-105.2750473022461,5.532921314239502,,,,,,,,,,,,,,,,,,,,,,,,,,,,,
12922,1754692295.554298,100.79132199287416,1754692295.627233,121.0,0.0,-2.615652835595881,-15.967937161265525,-1.734251320114197,-9.84940100801117,-3.405944786718408,3.9103767536390137,0.6792287187509487,6.06811816457008,10.26558142537175,-3.1693608816926258,4.296890020706144,1.864042882922206,0.1359508668070361,0.9296658152834992,3313.0,2.0,4.0,4.0,4.0,4.0,4.0,4.0,4.0,4.0,4.0,4.0,4.0,4.0,4.0,4.0,100.0,,,,,,,,,,,,,,,,,,,,,,,,,,,,,,,,,,,,,,,
12923,1754692295.562101,100.79912495613098,1754692295.635036,122.0,0.0,-2.27962702845386,-5.950259891918421,3.977203454788224,-5.364253836497909,-5.501247954183299,1.078914442975048,0.2119905982022203,8.832195604980399,9.078462539192998,-5.463841449523414,10.674347262232033,4.867664546244242,-2.011110345872765,-0.480781831385201,3627.0,2.0,4.0,4.0,4.0,4.0,4.0,4.0,4.0,4.0,4.0,4.0,4.0,4.0,4.0,4.0,100.0,,,,,,,,,,,,,,,,,,,,,,,,,,,,,,,,,,,,,,,
12924,1754692295.569904,100.8069281578064,1754692295.6428392,123.0,0.0,-1.5483781059674584,-5.815005865987587,1.497413549554949,1.262709155687844,-0.5774928092723712,1.9854849450694017,-2.2746953001123984,4.39158506945796,-1.4063838060437774,-8.14286308127248,1.7153739930658958,2.714678038479178,-4.697939256992413,1.331453323087317,3539.0,2.0,4.0,4.0,4.0,4.0,4.0,4.0,4.0,4.0,4.0,4.0,4.0,4.0,4.0,4.0,100.0,,,,,,,,,,,,,,,,,,,,,,,,,,,,,,,,,,,,,,,
12925,1754692295.577707,100.81473112106325,1754692295.650543,124.0,0.0,0.0788979480679756,-7.748938942092167,2.138588476785941,-0.1850602235541316,1.784474299132313,2.0945499598732624,1.3727736739214436,3.5336031205505662,-2.8197729059353094,-8.80734565847169,-6.389051973109048,3.2786506583574067,-4.464451228291495,4.577915319182836,3577.0,2.0,4.0,4.0,4.0,4.0,4.0,4.0,4.0,4.0,4.0,4.0,4.0,4.0,4.0,4.0,100.0,0.581341564655304,0.3726806640625,-0.57928466796875,0.43310546875,1.009781002998352,-0.1088883802294731,-0.0024414435029029,-49.64675521850586,-103.92919921875,7.177844047546387,,,,,,,,,,,,,,,,,,,,,,,,,,,,,
12926,1754692295.58551,100.82253408432008,1754692295.658246,125.0,0.0,2.276444996905724,-5.039220467767933,9.75323203917182,-4.93971744628621,-0.113338689270364,0.9116550108809348,4.9850099809712844,2.334699800535276,0.0637008905876825,-8.837431886696464,0.184565485554998,8.834415476586713,-2.261359788518263,-3.3963677066759885,3313.0,2.0,4.0,4.0,4.0,4.0,4.0,4.0,4.0,4.0,4.0,4.0,4.0,4.0,4.0,4.0,100.0,,,,,,,,,,,,,,,,,,,,,,,,,,,,,,,,,,,,,,,
12927,1754692295.593313,100.8303370475769,1754692295.6661491,126.0,0.0,5.486132957583891,-3.660548824077409,9.643980610832957,-3.9087263783698063,-0.3015778687916963,-0.3740998634415291,1.9419412555986355,2.5382353297128475,-2.390584925484632,-8.661653283851024,0.6573822314718427,11.398582963337162,1.5892526650119407,-13.852867626252989,3627.0,2.0,4.0,4.0,4.0,4.0,4.0,4.0,4.0,4.0,4.0,4.0,4.0,4.0,4.0,4.0,100.0,,,,,,,,,,,,,,,,,,,,,,,,,,,,,,,,,,,,,,,
12928,1754692295.601116,100.83814001083374,1754692295.673952,127.0,0.0,4.406266427489186,-2.1434664603822284,1.1560780667163044,-4.202350617446996,-0.6902682362730275,-3.213720356095223,-1.4860172347986236,6.818439622821074,1.6156185567909915,-1.676263512691662,-1.1819476068509402,9.495964909059126,10.943348068380716,-9.56630996247361,52.0,2.0,4.0,4.0,4.0,4.0,4.0,4.0,4.0,4.0,4.0,4.0,4.0,4.0,4.0,4.0,100.0,,,,,,,,,,,,,,,,,,,,,,,,,,,,,,,,,,,,,,,
12929,1754692295.608919,100.84594297409058,1754692295.681855,0.0,0.0,-5.828985470839541,-1.3691955911548916,-1.7569301182888353,-7.830314574656256,-2.968656576924729,-2.2692940884380164,0.0566582865799887,7.624306892047173,8.866363669066743,1.1069162692484156,1.0360997491143848,6.164402069863684,8.442189328885718,-6.482360921065208,3324.0,2.0,4.0,4.0,4.0,4.0,4.0,4.0,4.0,4.0,4.0,4.0,4.0,4.0,4.0,4.0,100.0,0.5802550315856934,0.37176513671875,-0.5792236328125,0.4354248046875,1.006851315498352,-0.1357442587614059,-0.0004882887005805,-51.74029159545898,-105.87319946289062,7.327382087707519,,,,,,,,,,,,,,,,,,,,,,,,,,,,,
12930,1754692295.616722,100.853746175766,1754692295.6896582,1.0,0.0,-6.848404072078893,-0.6007092445722719,2.084380338053734,-5.405126090402746,-1.971160456824009,3.111400245523555,2.760456792290597,6.071256965258499,8.140205253952217,-6.149874540097926,0.441943752816087,4.559805958666175,-0.4211853368849461,-10.255978768000432,3498.0,2.0,4.0,4.0,4.0,4.0,4.0,4.0,4.0,4.0,4.0,4.0,4.0,4.0,4.0,4.0,100.0,,,,,,,,,,,,,,,,,,,,,,,,,,,,,,,,,,,,,,,
12931,1754692295.624525,100.86154913902284,1754692295.697562,2.0,0.0,-1.258033722155119,-1.1780443578758195,-2.755489237050256,-6.515266770746052,-3.6514027339570703,3.015380252518412,-0.0410573573352621,3.4795107544797474,3.9958293987989455,-7.8871490517416305,4.391645950915176,2.389136401375368,8.086960394648145,-7.34572554731028,3514.0,2.0,4.0,4.0,4.0,4.0,4.0,4.0,4.0,4.0,4.0,4.0,4.0,4.0,4.0,4.0,100.0,,,,,,,,,,,,,,,,,,,,,,,,,,,,,,,,,,,,,,,
12932,1754692295.632328,100.86935210227966,1754692295.7053652,3.0,0.0,-3.486352140410361,1.0066418585898305,-10.836916827324274,-10.26125276772467,-4.0440933958443,1.0286131290513936,-0.542157072974021,3.862757346983983,5.461355631744993,-0.0418751143164968,6.824437023006851,-1.1797481311677416,14.751478979029857,-0.6478798757565869,3597.0,2.0,4.0,4.0,4.0,4.0,4.0,4.0,4.0,4.0,4.0,4.0,4.0,4.0,4.0,4.0,100.0,,,,,,,,,,,,,,,,,,,,,,,,,,,,,,,,,,,,,,,
12933,1754692295.640131,100.8771550655365,1754692295.713168,4.0,0.0,-5.844672318581303,4.503611442027108,-10.65759916310995,-7.862907730867533,-0.8485625502513869,-0.3476535797082363,3.5882318818479177,6.101023848781864,5.340400683650245,2.677214548663727,-6.378855214334777,-2.340276848630907,2.0731393150136626,1.0425795516465255,3633.0,2.0,4.0,4.0,4.0,4.0,4.0,4.0,4.0,4.0,4.0,4.0,4.0,4.0,4.0,4.0,100.0,0.5792482495307922,0.3709716796875,-0.57940673828125,0.43719482421875,0.9956206679344176,-0.1367208361625671,-0.0043945983052253,-50.69352340698242,-104.67688751220705,6.878767013549805,,,,,,,,,,,,,,,,,,,,,,,,,,,,,
12934,1754692295.647934,100.88495802879332,1754692295.720971,5.0,0.0,0.9753643361267166,0.6311542299325481,-4.076150154680505,-8.308087114650021,-2.831530488966252,-3.3226325540564687,7.70510167840834,6.92665104762122,0.2244020142214537,2.353144905019093,-8.158809156663807,1.7405085875492148,0.2295889701736939,5.808316181905724,3505.0,2.0,4.0,4.0,4.0,4.0,4.0,4.0,4.0,4.0,4.0,4.0,4.0,4.0,4.0,4.0,100.0,,,,,,,,,,,,,,,,,,,,,,,,,,,,,,,,,,,,,,,
12935,1754692295.655737,100.89276099205016,1754692295.7286742,6.0,0.0,-0.2567367907023481,-7.537279192403844,-3.4888975582590547,-14.80135179768888,-8.399072674655258,-3.911913274989388,7.647247949695952,2.531356344152641,-1.825588544621155,5.826142565464465,1.2656626866690883,2.8756962435526248,2.8104208941975912,6.546657148755799,3501.0,2.0,4.0,4.0,4.0,4.0,4.0,4.0,4.0,4.0,4.0,4.0,4.0,4.0,4.0,4.0,100.0,,,,,,,,,,,,,,,,,,,,,,,,,,,,,,,,,,,,,,,
12936,1754692295.66354,100.900563955307,1754692295.736478,7.0,0.0,-6.655104523589159,-4.656182498935721,-0.8572781252650543,-10.914753190886527,-2.001965117432462,3.133465719167873,6.298876099480424,-0.4705771355274351,3.5396378646874496,3.823229374577807,-1.88689740681906,3.693399825338986,-8.933743005668418,3.199796700124409,3502.0,2.0,4.0,4.0,4.0,4.0,4.0,4.0,4.0,4.0,4.0,4.0,4.0,4.0,4.0,4.0,100.0,,,,,,,,,,,,,,,,,,,,,,,,,,,,,,,,,,,,,,,
12937,1754692295.671343,100.90836715698242,1754692295.7441812,8.0,0.0,-2.827585647679882,3.845556064931259,4.741982332614896,-1.061041028425791,3.844144849628208,5.631593600085523,0.4497285438978338,-3.648216547405866,-2.3763682733870723,-4.1427579365823135,-7.311918358183504,1.7737820384413112,-11.521063757566536,6.638858604462655,3603.0,2.0,4.0,4.0,4.0,4.0,4.0,4.0,4.0,4.0,4.0,4.0,4.0,4.0,4.0,4.0,100.0,0.5787755250930786,0.37005615234375,-0.57977294921875,0.4381103515625,1.0005035400390625,-0.1381857097148895,-0.0170901045203208,-50.39444732666016,-106.17227172851562,7.626459121704102,,,,,,,,,,,,,,,,,,,,,,,,,,,,,
12938,1754692295.679146,100.91617012023926,1754692295.751984,9.0,0.0,4.667554517182452,6.089805108527344,5.399518096741758,0.7123553473152242,-2.0779806621853822,-0.4198654182464452,-10.341971888032733,-5.300189575974855,-9.10847987831994,-1.1531186390811854,-1.7159586307670909,-2.316610880230201,2.3036243660126274,14.127425884701095,3606.0,2.0,4.0,4.0,4.0,4.0,4.0,4.0,4.0,4.0,4.0,4.0,4.0,4.0,4.0,4.0,100.0,,,,,,,,,,,,,,,,,,,,,,,,,,,,,,,,,,,,,,,
12939,1754692295.686949,100.9239730834961,1754692295.7596872,10.0,0.0,3.6008676315517505,8.908870454721068,8.591412047609424,0.4405910044355323,-8.086004960931518,-8.44781606681238,-18.85564620383832,-4.185190914932832,2.0921115439485902,3.3369307100455217,-1.4619192550345588,-4.43529327323688,0.6119025532228761,14.298057409026,3591.0,2.0,4.0,4.0,4.0,4.0,4.0,4.0,4.0,4.0,4.0,4.0,4.0,4.0,4.0,4.0,100.0,,,,,,,,,,,,,,,,,,,,,,,,,,,,,,,,,,,,,,,
12940,1754692295.694752,100.93177604675292,1754692295.767491,11.0,0.0,3.219565646086892,15.471737275448676,18.056290951081053,7.222672647748993,-7.929467657656744,-10.046320726625538,-18.56037762963325,-5.210763967448031,11.232013678473493,-4.23743378821456,-2.250563955230348,-5.736658038711823,-4.238832222704616,13.660486776111782,3572.0,2.0,4.0,4.0,4.0,4.0,4.0,4.0,4.0,4.0,4.0,4.0,4.0,4.0,4.0,4.0,100.0,,,,,,,,,,,,,,,,,,,,,,,,,,,,,,,,,,,,,,,
12941,1754692295.702555,100.93957901000977,1754692295.7751942,12.0,0.0,9.502656885181691,20.98150034381564,22.36589477703632,13.190892848083363,-5.289015386134508,-5.790947145251778,-16.087120853510044,-8.070340203679336,-5.360470756892084,-9.732185501724018,-0.6743550167371382,-6.842655022209385,1.2638935939598357,20.737065068489244,3548.0,2.0,4.0,4.0,4.0,4.0,4.0,4.0,4.0,4.0,4.0,4.0,4.0,4.0,4.0,4.0,100.0,0.5784633755683899,0.36920166015625,-0.5804443359375,0.4383544921875,1.008316159248352,-0.1542992293834686,-0.0004882887005805,-51.88983154296875,-105.7236557006836,6.43015193939209,,,,,,,,,,,,,,,,,,,,,,,,,,,,,
12942,1754692295.710358,100.9473819732666,1754692295.7829971,13.0,0.0,12.703815679228256,22.34833059650694,15.99575174949453,10.346732594568069,-3.5831369007723595,-8.729403545363738,-16.962797046682198,-12.352714345643989,-16.38159218995949,-1.679601839227388,-4.432732827547596,-6.827925106045285,2.202251945160043,19.893270707508265,3332.0,2.0,4.0,4.0,4.0,4.0,4.0,4.0,4.0,4.0,4.0,4.0,4.0,4.0,4.0,4.0,100.0,,,,,,,,,,,,,,,,,,,,,,,,,,,,,,,,,,,,,,,
12943,1754692295.718161,100.95518517494202,1754692295.7907,14.0,0.0,8.791958504224368,18.78143721993709,7.301534018924741,6.396088831003709,0.56724233051753,-13.607123126281948,-10.278840050970956,-13.885703003397538,-8.464459468133299,6.078813486255768,-5.374068229820495,-4.069069165421951,-2.4360818033260045,10.458240151393312,3591.0,2.0,4.0,4.0,4.0,4.0,4.0,4.0,4.0,4.0,4.0,4.0,4.0,4.0,4.0,4.0,100.0,,,,,,,,,,,,,,,,,,,,,,,,,,,,,,,,,,,,,,,
12944,1754692295.725964,100.96298813819884,1754692295.798504,15.0,0.0,6.1597864541734,18.68926367772588,4.185518945285594,10.320769969712956,4.003908440459554,-7.549435015930385,0.4389369898433415,-11.055161326895131,-7.216244272501854,-2.045080065267257,-0.056886505664579,-5.965230123159245,-5.332784591155132,4.771616909657723,3572.0,2.0,4.0,4.0,4.0,4.0,4.0,4.0,4.0,4.0,4.0,4.0,4.0,4.0,4.0,4.0,100.0,,,,,,,,,,,,,,,,,,,,,,,,,,,,,,,,,,,,,,,
12945,1754692295.733767,100.97079110145567,1754692295.8062072,16.0,0.0,3.0569870205507925,25.42699614140648,8.487064798533453,19.716056235212733,4.724349201493084,2.2994705664081323,3.857229726419888,-6.640901678235053,-9.489884636764684,-8.17223695914717,-1.4826442798058397,-7.973692266858137,-5.11199484276662,-0.7024957140643835,0.0,2.0,4.0,4.0,4.0,4.0,4.0,4.0,4.0,4.0,4.0,4.0,4.0,4.0,4.0,4.0,100.0,0.322610467672348,0.62353515625,-0.29437255859375,0.6484375,1.004409909248352,-0.1772488057613372,-0.0283207446336746,-50.09536743164063,-107.36858367919922,6.280613422393799,,,,,,,,,,,,,,,,,,,,,,,,,,,,,
12946,1754692295.74157,100.97859406471252,1754692295.81401,17.0,0.0,-3.7768558819020654,22.564363066372152,9.22255288868064,18.51521644484592,2.4278503805603577,3.9764096783619607,3.0849811687226065,-4.300298664420552,-4.81789972974002,1.8514706179516909,-11.750767396843912,-6.846717185853322,1.554342430466022,-9.57958488723807,0.0,2.0,4.0,4.0,4.0,4.0,4.0,4.0,4.0,4.0,4.0,4.0,4.0,4.0,4.0,4.0,100.0,,,,,,,,,,,,,,,,,,,,,,,,,,,,,,,,,,,,,,,
12947,1754692295.749373,100.98639702796936,1754692295.821713,18.0,0.0,-6.907404869338308,13.805639547269465,1.3744692840895991,8.687202441221388,-3.566954316964285,5.328956942823851,8.440394455672475,-5.545509946158319,-7.017080852788268,9.620580179954205,-15.90831959089067,-9.832918749269112,7.8931293026632545,-14.830916353075764,0.0,2.0,4.0,4.0,4.0,4.0,4.0,4.0,4.0,4.0,4.0,4.0,4.0,4.0,4.0,4.0,100.0,,,,,,,,,,,,,,,,,,,,,,,,,,,,,,,,,,,,,,,
12948,1754692295.757176,100.9941999912262,1754692295.8295171,19.0,0.0,-7.099753196108708,11.516823726619492,-0.6941066807652021,5.284610249310077,-3.022669251336396,11.015218256297118,18.045432620181288,0.7223898728390452,-3.447419927658615,13.220166875427054,-9.540297758321088,-10.845728636546797,-2.75826932257732,-15.283087745206416,0.0,2.0,4.0,4.0,4.0,4.0,4.0,4.0,4.0,4.0,4.0,4.0,4.0,4.0,4.0,4.0,100.0,,,,,,,,,,,,,,,,,,,,,,,,,,,,,,,,,,,,,,,
12949,1754692295.764979,101.00200295448305,1754692295.8372202,20.0,0.0,-17.25145105088484,-0.8557049570853223,-4.750501541774952,1.3967470257044852,-1.136312711216647,8.528373387751003,17.632669921286492,9.467681128309891,11.057033412778424,19.26705760966763,-6.064672827136178,-6.585609504552281,-16.20711020253873,-23.742282505688195,0.0,2.0,4.0,4.0,4.0,4.0,4.0,4.0,4.0,4.0,4.0,4.0,4.0,4.0,4.0,4.0,100.0,0.3225983381271362,0.62396240234375,-0.2945556640625,0.64794921875,1.004898190498352,-0.1660181581974029,-0.0053711757063865,-50.69352340698242,-106.77043151855467,5.383382797241211,,,,,,,,,,,,,,,,,,,,,,,,,,,,,
12950,1754692295.772782,101.00980615615843,1754692295.845123,21.0,0.0,-19.685913775496005,-12.25215619159016,-11.55077638960583,-2.248520993775486,-0.578736303931322,4.66256229748015,13.637120558827888,13.264814730238784,14.17629663358585,18.87813130739542,-3.425732570599024,0.6413166657706881,-0.7649274355779596,-22.93084782856621,0.0,2.0,4.0,4.0,4.0,4.0,4.0,4.0,4.0,4.0,4.0,4.0,4.0,4.0,4.0,4.0,100.0,,,,,,,,,,,,,,,,,,,,,,,,,,,,,,,,,,,,,,,
12951,1754692295.780585,101.01760911941528,1754692295.852926,22.0,0.0,-9.91601089681336,-9.170979555415045,-10.382648885865647,-1.659345200884502,-1.032557806840316,4.42620029475728,11.565200983489548,8.013938195185972,1.0102462951455775,8.040385019951998,-3.2157547761824503,0.5781035639776633,17.513875350440628,-8.120830565159224,0.0,2.0,4.0,4.0,4.0,4.0,4.0,4.0,4.0,4.0,4.0,4.0,4.0,4.0,4.0,4.0,100.0,,,,,,,,,,,,,,,,,,,,,,,,,,,,,,,,,,,,,,,
12952,1754692295.788388,101.02541208267212,1754692295.8607302,23.0,0.0,-5.646591994636424,-5.06745568598501,-4.094457183146574,-3.7524056435173634,-2.671078164653068,1.9654970883037777,9.846768919294275,4.615587156211291,5.053502154141711,11.500642610441332,-2.5896296709262288,-0.3771606256519817,9.61665857700052,-2.2443122939081377,0.0,2.0,4.0,4.0,4.0,4.0,4.0,4.0,4.0,4.0,4.0,4.0,4.0,4.0,4.0,4.0,100.0,,,,,,,,,,,,,,,,,,,,,,,,,,,,,,,,,,,,,,,
12953,1754692295.796191,101.03321504592896,1754692295.868433,24.0,0.0,-5.427149346205169,-5.629470229347135,-4.330314951478613,-7.684451417899709,-2.349666933257595,0.7384364689514769,8.05266564972544,5.939420546715155,15.894406209979934,16.904239451291232,-2.578408310873783,2.704707507472904,5.302975018675625,-9.79744908585144,0.0,2.0,4.0,4.0,4.0,4.0,4.0,4.0,4.0,4.0,4.0,4.0,4.0,4.0,4.0,4.0,100.0,0.3232172429561615,0.62420654296875,-0.29443359375,0.6474609375,0.9887846112251282,-0.1767605096101761,-0.0161135271191597,-51.88983154296875,-106.47135162353516,7.626459121704102,,,,,,,,,,,,,,,,,,,,,,,,,,,,,
12954,1754692295.803994,101.0410180091858,1754692295.876336,25.0,0.0,-0.5001692775987863,-0.5199040921594928,-6.31915978480464,-2.376160229146251,-0.843822650813479,1.0768880249045765,6.660979907654848,-2.319370810600219,3.3830609467761974,2.876922039624617,-4.0073746001295945,2.6056169957890347,18.728824017014688,-12.164252045955152,0.0,2.0,4.0,4.0,4.0,4.0,4.0,4.0,4.0,4.0,4.0,4.0,4.0,4.0,4.0,4.0,100.0,,,,,,,,,,,,,,,,,,,,,,,,,,,,,,,,,,,,,,,
12955,1754692295.811797,101.04882097244264,1754692295.884139,26.0,0.0,2.352941843376243,4.334915374150455,-6.18725305747023,3.852796392461528,-2.65327565945438,-0.1047728444096947,2.8483527894376266,-11.189872073173431,-7.101849049635007,-6.985061839885589,3.7372223024657374,3.701653949818024,20.197315852563065,-3.694869323763328,0.0,2.0,4.0,4.0,4.0,4.0,4.0,4.0,4.0,4.0,4.0,4.0,4.0,4.0,4.0,4.0,100.0,,,,,,,,,,,,,,,,,,,,,,,,,,,,,,,,,,,,,,,
12956,1754692295.8196,101.05662417411804,1754692295.891942,27.0,0.0,0.6214371750176042,-0.8771641474171474,-8.649532355181123,-1.4368238342839277,-7.546234917687684,-0.5380266347309544,-1.803287367992084,-7.584166503587198,1.240970727988156,0.5204150801329206,15.790314914352734,4.61084840338674,5.689454120685355,2.272479001285433,0.0,2.0,4.0,4.0,4.0,4.0,4.0,4.0,4.0,4.0,4.0,4.0,4.0,4.0,4.0,4.0,100.0,,,,,,,,,,,,,,,,,,,,,,,,,,,,,,,,,,,,,,,
12957,1754692295.827403,101.06442713737488,1754692295.899646,28.0,0.0,-0.4885715866723501,-5.636341027569159,-10.687431071688223,-6.639112308050443,-5.939749456450244,0.6940544929118744,2.0900922581738826,1.2207763889548744,8.399269609247114,3.705713998195536,7.471494379893812,3.1723584273647987,-0.4402021552909616,-0.612166797872959,0.0,2.0,4.0,4.0,4.0,4.0,4.0,4.0,4.0,4.0,4.0,4.0,4.0,4.0,4.0,4.0,100.0,0.3244481980800628,0.62420654296875,-0.29388427734375,0.6470947265625,0.9848783016204834,-0.1626001447439193,-0.0234378576278686,-49.79629135131836,-105.87319946289062,8.075074195861816,,,,,,,,,,,,,,,,,,,,,,,,,,,,,
12958,1754692295.835206,101.07223010063171,1754692295.9075491,29.0,0.0,-1.1702204273424854,-2.453962821574408,-7.372309862214081,-4.083161057373275,-4.110276835916977,5.925332741136515,7.198064638122503,7.400927215571244,10.72720653166283,-0.7037327775984181,-3.631129114861835,3.549217621421974,2.567655836191932,-4.716834492476721,0.0,2.0,4.0,4.0,4.0,4.0,4.0,4.0,4.0,4.0,4.0,4.0,4.0,4.0,4.0,4.0,100.0,,,,,,,,,,,,,,,,,,,,,,,,,,,,,,,,,,,,,,,
12959,1754692295.843009,101.08003306388856,1754692295.915352,30.0,0.0,-4.234410127846616,-3.2334429154369104,-2.927102558533363,-5.9302072809703645,-9.453677552883905,12.454110301048956,6.256909641845766,10.12029153779048,11.308464356615502,-7.474185123592008,2.354385358809566,4.612272664728323,2.1900523212177063,-5.018664384784472,0.0,2.0,4.0,4.0,4.0,4.0,4.0,4.0,4.0,4.0,4.0,4.0,4.0,4.0,4.0,4.0,100.0,,,,,,,,,,,,,,,,,,,,,,,,,,,,,,,,,,,,,,,
12960,1754692295.850812,101.0878360271454,1754692295.923155,31.0,0.0,-4.18931929180448,-7.747910947134045,-4.180024344920497,-12.150714057507995,-13.390177139278734,10.155084443071845,3.6885021656604806,8.683866577264922,6.630761519305139,-12.756093670972264,11.59437525459876,2.920284421082812,2.255998148967052,0.621708328843539,0.0,2.0,4.0,4.0,4.0,4.0,4.0,4.0,4.0,4.0,4.0,4.0,4.0,4.0,4.0,4.0,100.0,,,,,,,,,,,,,,,,,,,,,,,,,,,,,,,,,,,,,,,
12961,1754692295.858615,101.09563899040222,1754692295.930858,32.0,0.0,1.4498088647691247,-6.373429755970051,-4.979646459136006,-10.888855485257068,-10.735084320634655,-0.631784482167518,3.1071076869224044,9.698694424122436,10.206478682048214,-4.832231514150976,12.215442989497092,4.632645033583117,-1.710579402366534,2.964680272546389,0.0,2.0,4.0,4.0,4.0,4.0,4.0,4.0,4.0,4.0,4.0,4.0,4.0,4.0,4.0,4.0,100.0,0.3258279860019684,0.6239013671875,-0.29327392578125,0.64697265625,0.9716945290565492,-0.1523460745811462,-0.0146486610174179,-50.543983459472656,-105.2750473022461,6.280613422393799,,,,,,,,,,,,,,,,,,,,,,,,,,,,,
12962,1754692295.866418,101.10344195365906,1754692295.9385622,33.0,0.0,4.205329219737166,-4.200892908920935,-2.468022196195136,-8.54595019935897,-8.498839912507549,-4.927585591077161,-0.7541002472306104,11.274779010155896,10.881844520026505,-0.6211628690883231,5.645340055127406,5.088723903241032,-8.021184852119461,3.677710689533967,0.0,2.0,4.0,4.0,4.0,4.0,4.0,4.0,4.0,4.0,4.0,4.0,4.0,4.0,4.0,4.0,100.0,,,,,,,,,,,,,,,,,,,,,,,,,,,,,,,,,,,,,,,
12963,1754692295.874221,101.11124515533449,1754692295.946365,34.0,0.0,3.517915368681628,-6.862681230371123,0.6728344446749759,-5.959402857823676,-5.494211189484901,1.7749868053373064,-2.909331645825347,6.601392223591887,-0.8157254010604049,-3.679755754053673,7.351236371510225,1.964497819005686,-0.5254216367601714,11.54092217041338,0.0,2.0,4.0,4.0,4.0,4.0,4.0,4.0,4.0,4.0,4.0,4.0,4.0,4.0,4.0,4.0,100.0,,,,,,,,,,,,,,,,,,,,,,,,,,,,,,,,,,,,,,,
12964,1754692295.882024,101.11904811859132,1754692295.954168,35.0,0.0,1.7904292068447774,-9.68511392981364,-0.5004505995970305,-1.3786431701641106,-2.142220917163656,2.258681898006756,-1.923544698054144,1.59714806989777,-3.929863305854184,-6.824905249055888,15.520228061997926,0.3462017518555456,2.2110803563808474,11.73708679444971,0.0,2.0,4.0,4.0,4.0,4.0,4.0,4.0,4.0,4.0,4.0,4.0,4.0,4.0,4.0,4.0,100.0,,,,,,,,,,,,,,,,,,,,,,,,,,,,,,,,,,,,,,,
12965,1754692295.889827,101.12685108184814,1754692295.9618711,36.0,0.0,3.955406314098468,-7.443438466850807,-0.493261936271324,3.50494451370912,1.641883201239466,-1.4137248010393932,-1.9509710040539403,0.1398558102363267,0.0614963855399537,-11.338942634089676,13.206333675624478,-1.2765636458881318,-5.5116182829277705,3.291285990237043,0.0,2.0,4.0,4.0,4.0,4.0,4.0,4.0,4.0,4.0,4.0,4.0,4.0,4.0,4.0,4.0,100.0,0.327349305152893,0.62322998046875,-0.2926025390625,0.64715576171875,0.992690920829773,-0.1386739909648895,-0.0136720836162567,-50.543983459472656,-104.52735137939452,6.729228496551514,,,,,,,,,,,,,,,,,,,,,,,,,,,,,
12966,1754692295.89763,101.13465404510498,1754692295.9695752,37.0,0.0,4.592186972259015,-9.278568830125325,0.2621302557211038,1.4474851849192871,3.168564492230189,-1.6945647485742938,-4.272591944505393,0.2894396906451675,2.9435983963924173,-10.245077908753728,4.493093829813688,-2.144061326828478,-6.8493646483491375,3.9883479076731874,0.0,2.0,4.0,4.0,4.0,4.0,4.0,4.0,4.0,4.0,4.0,4.0,4.0,4.0,4.0,4.0,100.0,,,,,,,,,,,,,,,,,,,,,,,,,,,,,,,,,,,,,,,
12967,1754692295.905433,101.14245700836182,1754692295.977378,38.0,0.0,0.3891371073182199,-17.35276048512469,-1.746982052517069,-2.593074688345496,3.0459538732961846,-0.261385790418899,-7.42797105962245,0.5678660218713958,6.419566878540991,-1.2179693898942787,5.706228242977886,1.816454918689942,-8.517576820270051,7.6942106462011,0.0,2.0,4.0,4.0,4.0,4.0,4.0,4.0,4.0,4.0,4.0,4.0,4.0,4.0,4.0,4.0,100.0,,,,,,,,,,,,,,,,,,,,,,,,,,,,,,,,,,,,,,,
12968,1754692295.913236,101.15025997161864,1754692295.985181,39.0,0.0,0.0549910776960587,-20.83080151663148,-1.1391137901648565,-1.2445819604147346,9.494179558563474,-1.3073932512941155,-7.374515469514563,-1.4552055412311802,-0.0733127609948951,5.766951521863348,9.65658018067984,0.7215694957501455,-17.036594869994133,4.4430467306535775,0.0,2.0,4.0,4.0,4.0,4.0,4.0,4.0,4.0,4.0,4.0,4.0,4.0,4.0,4.0,4.0,100.0,,,,,,,,,,,,,,,,,,,,,,,,,,,,,,,,,,,,,,,
12969,1754692295.921039,101.15806317329408,1754692295.9928842,40.0,0.0,4.377836618962704,-17.19919351225093,0.2773241241503115,1.8287496793319065,16.309574242654037,1.5413697933946082,-0.3297070021125705,-1.3673694032076469,-9.899798270462668,2.0915408253891314,2.742815820483486,-3.242459195304889,-23.884073143045896,-0.7994488216408513,0.0,2.0,4.0,4.0,4.0,4.0,4.0,4.0,4.0,4.0,4.0,4.0,4.0,4.0,4.0,4.0,100.0,0.3283418715000152,0.62261962890625,-0.2921142578125,0.6474609375,1.0141756534576416,-0.1215838864445686,0.0063477531075477,-50.99259948730469,-103.7796630859375,6.280613422393799,,,,,,,,,,,,,,,,,,,,,,,,,,,,,
12970,1754692295.928842,101.1658661365509,1754692296.0005882,41.0,0.0,0.788020335115732,-18.614134821529944,1.3410081689186768,8.24378022152058,15.939576040069994,8.079154372224536,7.967727414138324,2.887189574850879,-2.587912092211184,-0.785532111664736,-7.049780122085679,-5.97540001092176,-28.25457478701248,-3.635101278225932,0.0,2.0,4.0,4.0,4.0,4.0,4.0,4.0,4.0,4.0,4.0,4.0,4.0,4.0,4.0,4.0,100.0,,,,,,,,,,,,,,,,,,,,,,,,,,,,,,,,,,,,,,,
12971,1754692295.936645,101.17366909980774,1754692296.008491,42.0,0.0,-4.427696947913489,-23.90734625628073,2.412031829214186,15.264556220194947,12.581608786956906,7.762656812720081,8.58791605638163,3.0244614463557014,2.6152845975314563,-0.7243235242019068,-8.348735986039799,-9.135596071221867,-23.19957697615036,-2.31367822766623,0.0,2.0,4.0,4.0,4.0,4.0,4.0,4.0,4.0,4.0,4.0,4.0,4.0,4.0,4.0,4.0,100.0,,,,,,,,,,,,,,,,,,,,,,,,,,,,,,,,,,,,,,,
12972,1754692295.944448,101.18147206306458,1754692296.016294,43.0,0.0,0.8456743163026772,-17.569515720039533,1.0760387322873726,16.25888695894838,9.447948626152822,5.115131859811584,3.899588103471899,-3.02226143417073,-4.616945246429793,-3.619984184909925,2.436635818118532,-5.5314788122738605,-7.353635870891765,3.001253895329967,0.0,2.0,4.0,4.0,4.0,4.0,4.0,4.0,4.0,4.0,4.0,4.0,4.0,4.0,4.0,4.0,100.0,,,,,,,,,,,,,,,,,,,,,,,,,,,,,,,,,,,,,,,
12973,1754692295.952251,101.1892750263214,1754692296.024197,44.0,0.0,2.3463348738740137,-12.137107388058382,-2.5619734497988134,11.899363552597436,5.614899941417036,2.231342540168328,0.3065698013177211,-5.864460336302898,-1.98162452448031,-7.05296829141588,6.9730358838695,0.0633333861176765,-3.5240862557677133,3.120103628569097,0.0,2.0,4.0,4.0,4.0,4.0,4.0,4.0,4.0,4.0,4.0,4.0,4.0,4.0,4.0,4.0,100.0,0.3290469646453857,0.62200927734375,-0.29180908203125,0.6478271484375,1.0117342472076416,-0.0981460288166999,0.0063477531075477,-50.39444732666016,-104.67688751220705,6.131074905395508,,,,,,,,,,,,,,,,,,,,,,,,,,,,,
12974,1754692295.960054,101.19707798957825,1754692296.032,45.0,0.0,-1.21069386503342,-13.65721215529885,-0.0765529365983752,10.142240184219816,3.965617397255926,-0.905363253353528,-0.7702445888401712,-0.2447696929455673,4.306094688139353,0.799627652116385,3.389441614953455,-0.9814449302987782,-5.827792932042314,-1.706713822038921,0.0,2.0,4.0,4.0,4.0,4.0,4.0,4.0,4.0,4.0,4.0,4.0,4.0,4.0,4.0,4.0,100.0,,,,,,,,,,,,,,,,,,,,,,,,,,,,,,,,,,,,,,,
12975,1754692295.967857,101.20488095283508,1754692296.0399032,46.0,0.0,1.1405724416360954,-13.060455744602905,4.421301145203188,7.531844919947389,5.863877483216811,-4.104296108382414,-4.341190447038798,1.984591687906004,-0.696591878355548,9.9924513086155,-1.0376130173970068,-2.2477380785624064,-7.380928530525352,0.5397738079520877,0.0,2.0,4.0,4.0,4.0,4.0,4.0,4.0,4.0,4.0,4.0,4.0,4.0,4.0,4.0,4.0,100.0,,,,,,,,,,,,,,,,,,,,,,,,,,,,,,,,,,,,,,,
12976,1754692295.97566,101.2126841545105,1754692296.047707,47.0,0.0,6.460765447524011,-8.12019884876048,2.212637950182909,3.207198537073112,8.182565755351845,-2.87691918981767,-6.404087334122721,-3.457961812244264,-2.093267700882677,2.8989957928411627,-0.3002397069962512,0.4095561298436792,-12.562278701337108,8.884272745066085,0.0,2.0,4.0,4.0,4.0,4.0,4.0,4.0,4.0,4.0,4.0,4.0,4.0,4.0,4.0,4.0,100.0,,,,,,,,,,,,,,,,,,,,,,,,,,,,,,,,,,,,,,,
12977,1754692295.983463,101.22048711776732,1754692296.0556102,48.0,0.0,5.58095830468136,0.2284912824645175,0.8456984627115958,4.826790889123174,9.217155718260244,-0.9447066441519496,-5.104418781622201,-10.093796467039567,-4.306099700927291,-7.673857530893485,7.13284341006937,-1.1267138122792062,-10.146226857850763,7.107282761643717,0.0,2.0,4.0,4.0,4.0,4.0,4.0,4.0,4.0,4.0,4.0,4.0,4.0,4.0,4.0,4.0,100.0,0.3295355439186096,0.62158203125,-0.2916259765625,0.6480712890625,1.0249179601669312,-0.0825207903981208,0.0185549706220626,-50.543983459472656,-104.52735137939452,6.280613422393799,,,,,,,,,,,,,,,,,,,,,,,,,,,,,
12978,1754692295.991266,101.22829008102416,1754692296.0634131,49.0,0.0,2.6709994572701703,3.7327795286509513,4.186069764145429,4.625499378807888,9.10786505550726,-3.917115743042871,-4.746130277650138,-7.5404966325896225,-9.75531329968004,-3.381384382323688,7.913212221718311,-0.131130959591303,-2.952374473009116,-0.207843192099574,0.0,2.0,4.0,4.0,4.0,4.0,4.0,4.0,4.0,4.0,4.0,4.0,4.0,4.0,4.0,4.0,100.0,,,,,,,,,,,,,,,,,,,,,,,,,,,,,,,,,,,,,,,
12979,1754692295.999069,101.236093044281,1754692296.071316,50.0,0.0,2.0358428712483487,0.9016972106173284,3.585103111855404,-0.8538141164695503,9.849838099236363,-3.260885492646196,-1.9403204573550847,0.46121518733338,-5.891611055927626,0.5486191083713834,-2.966532201130633,1.813292397384828,-4.512701916526851,2.741733782926019,0.0,2.0,4.0,4.0,4.0,4.0,4.0,4.0,4.0,4.0,4.0,4.0,4.0,4.0,4.0,4.0,100.0,,,,,,,,,,,,,,,,,,,,,,,,,,,,,,,,,,,,,,,
12980,1754692296.006872,101.24389600753784,1754692296.079119,51.0,0.0,0.1741823621809146,3.146719067649798,-0.7774652811704925,-3.916818757336472,4.330563590195567,0.1327353095838646,1.426428146544282,1.4176277341524894,2.289883190371171,-2.883071711934093,-5.255896847020807,-2.253885979239925,-2.409505482422304,7.312277068069221,0.0,2.0,4.0,4.0,4.0,4.0,4.0,4.0,4.0,4.0,4.0,4.0,4.0,4.0,4.0,4.0,100.0,,,,,,,,,,,25.0,4.0,35.982688903808594,3.0,46.13710403442383,1.0,37.81280517578125,3.0,34.90543365478516,1.0,35.615745544433594,1.0,31.386308670043945,1.0,34.860076904296875,3.0,31.31955337524414,3.0,33.82481384277344,3.0,31.284427642822266,4.0,34.938350677490234,1.0,52.979793548583984,3.0,46.57942581176758,4.0,34.40003967285156
12981,1754692296.014675,101.25169897079468,1754692296.087022,52.0,0.0,-3.037371350877038,10.232285848291667,-1.993315931002144,-3.642029270374224,-3.77862034145528,-1.026827899536329,0.9285591983316408,-0.1366436627426992,2.9376868438798738,-1.2035801806914606,3.531492982638156,-3.384170988477308,6.887066382756075,3.586026010821115,0.0,2.0,4.0,4.0,4.0,4.0,4.0,4.0,4.0,4.0,4.0,4.0,4.0,4.0,4.0,4.0,100.0,0.5833024978637695,0.375244140625,-0.57421875,0.43499755859375,1.0180819034576416,-0.0961928740143776,0.0175783932209014,-51.74029159545898,-105.5741195678711,5.981536388397217,,,,,,,,,,,,,,,,,,,,,,,,,,,,,
12982,1754692296.022478,101.25950217247008,1754692296.094826,53.0,0.0,-6.634953826865569,9.51688088437271,-2.7455147560950195,-2.6907454843763503,-3.950046856217853,-0.9375116605384052,-0.3560598042946026,2.592625532450654,2.4278854867174573,2.772555656959355,4.2263823181478415,-3.089914051106973,6.429089513394445,-1.063234970823089,0.0,2.0,4.0,4.0,4.0,4.0,4.0,4.0,4.0,4.0,4.0,4.0,4.0,4.0,4.0,4.0,100.0,,,,,,,,,,,,,,,,,,,,,,,,,,,,,,,,,,,,,,,
12983,1754692296.030281,101.26730513572691,1754692296.102729,54.0,0.0,-7.559730803593055,12.301121113911478,-4.5517154203334655,-0.5053327760751642,-3.07013477529469,4.601735379628764,-1.8484876587262704,2.5519877742185884,3.032203271416193,1.581628662315353,2.4588429750802163,-4.434964816814471,2.796210315315676,-3.964714516833709,0.0,2.0,4.0,4.0,4.0,4.0,4.0,4.0,4.0,4.0,4.0,4.0,4.0,4.0,4.0,4.0,100.0,,,,,,,,,,,,,,,,,,,,,,,,,,,,,,,,,,,,,,,
12984,1754692296.038084,101.27510809898376,1754692296.110532,55.0,0.0,-2.647772738056915,23.033218732522187,-0.4630475497077668,-1.7149496308564949,-2.2881182865129404,4.326621096783242,-4.0892334800345225,-2.6626211517894944,0.1922262212711984,1.333382071755409,7.078166171482394,-1.516496692431133,8.223651729721837,0.1303827696984854,0.0,2.0,4.0,4.0,4.0,4.0,4.0,4.0,4.0,4.0,4.0,4.0,4.0,4.0,4.0,4.0,100.0,,,,,,,,,,,,,,,,,,,,,,,,,,,,,,,,,,,,,,,
12985,1754692296.045887,101.2829110622406,1754692296.1184351,56.0,0.0,1.737148671675243,21.88608733415464,0.6944435877563251,-9.820626064493297,0.854707142380505,-4.76192944106873,-4.408647973377299,-7.748165493813701,-3.4411252000595027,2.062773902056108,2.651237368024397,-0.1505374984557761,9.152884788678932,5.9168579292846175,0.0,2.0,4.0,4.0,4.0,4.0,4.0,4.0,4.0,4.0,4.0,4.0,4.0,4.0,4.0,4.0,100.0,0.58307284116745,0.37542724609375,-0.57373046875,0.435791015625,1.0151522159576416,-0.1079118028283119,0.022949568927288,-50.543983459472656,-104.82643127441406,7.327382087707519,,,,,,,,,,,,,,,,,,,,,,,,,,,,,
12986,1754692296.05369,101.29071402549744,1754692296.126238,57.0,0.0,2.82885548293865,16.642719421374238,-1.76736850424237,-7.480589684249082,2.604158390633472,-4.434551135868389,-0.4887940980643748,-3.72324053178869,-3.62168380250165,7.460477327840124,-3.746430887243662,-0.9662945138589408,11.993536389780672,5.134367576883903,0.0,2.0,4.0,4.0,4.0,4.0,4.0,4.0,4.0,4.0,4.0,4.0,4.0,4.0,4.0,4.0,100.0,,,,,,,,,,,,,,,,,,,,,,,,,,,,,,,,,,,,,,,
12987,1754692296.061493,101.29851698875429,1754692296.1339412,58.0,0.0,-1.7238205250092165,14.999467531047628,-2.5964106063339045,-0.0365436340403562,-0.574890171330992,-1.0257759676320006,-0.7510319061671566,1.776094329472869,-0.7587960101146223,13.008984250672654,-0.7323111650594569,0.7748503025563309,13.417093658522788,0.302628254683384,0.0,2.0,4.0,4.0,4.0,4.0,4.0,4.0,4.0,4.0,4.0,4.0,4.0,4.0,4.0,4.0,100.0,,,,,,,,,,,,,,,,,,,,,,,,,,,,,,,,,,,,,,,
12988,1754692296.069296,101.30631995201112,1754692296.141745,59.0,0.0,-5.96526391464505,10.65126497928958,-3.8524095059790966,-4.052359183326928,-1.9686566600456104,-5.347880311160509,-3.351865760364319,1.4588440595659335,3.649955397001293,8.758880630545889,6.275703010344557,2.6643199163101485,2.4377821398285846,-1.0379695863169331,0.0,2.0,4.0,4.0,4.0,4.0,4.0,4.0,4.0,4.0,4.0,4.0,4.0,4.0,4.0,4.0,100.0,,,,,,,,,,,,,,,,,,,,,,,,,,,,,,,,,,,,,,,
12989,1754692296.077099,101.31412315368652,1754692296.1494482,60.0,0.0,-4.101514808598012,12.098599080373816,-4.556459591814445,-3.912977679081422,0.4598782243056405,-4.191081700253534,-5.072812507761199,-0.1906333417022949,4.685502874008336,4.3617542213087575,9.261016825753387,-1.6439723817938727,3.7312843032662215,1.2961814622949817,0.0,2.0,4.0,4.0,4.0,4.0,4.0,4.0,4.0,4.0,4.0,4.0,4.0,4.0,4.0,4.0,100.0,0.5825601816177368,0.37530517578125,-0.57391357421875,0.43634033203125,1.0200351476669312,-0.1127946898341178,0.027832455933094,-48.15137100219727,-105.2750473022461,4.785229206085205,,,,,,,,,,,,,,,,,,,,,,,,,,,,,
12990,1754692296.084902,101.32192611694336,1754692296.1572511,61.0,0.0,-5.924022229929108,16.018160235893845,-6.105770433043347,-0.028340127755257,-0.9406659443516788,0.6315429671380457,-7.956491297047762,-0.3856120583150755,3.0364731764393014,4.33942756341952,5.35251103297054,-8.003886184043552,16.13536676192865,-0.7288033466457478,0.0,2.0,4.0,4.0,4.0,4.0,4.0,4.0,4.0,4.0,4.0,4.0,4.0,4.0,4.0,4.0,100.0,,,,,,,,,,,,,,,,,,,,,,,,,,,,,,,,,,,,,,,
12991,1754692296.092705,101.3297290802002,1754692296.1649542,62.0,0.0,-5.5073550992268565,14.570288627890136,-5.254106634084451,0.3634944438987304,4.000700168957906,3.2084736669650056,-2.257576008027513,1.0880705820724188,-0.7166132342648552,1.776335386314372,-0.3350350018653216,-5.473816016578326,6.886589949387485,-3.127149835092837,0.0,2.0,4.0,4.0,4.0,4.0,4.0,4.0,4.0,4.0,4.0,4.0,4.0,4.0,4.0,4.0,100.0,,,,,,,,,,,,,,,,,,,,,,,,,,,,,,,,,,,,,,,
12992,1754692296.100508,101.33753204345705,1754692296.172758,63.0,0.0,1.5602578088580683,11.406609237422572,-2.691113057356461,3.619728914384496,6.952438123393904,1.6573722116788758,3.3747103370703826,0.0382999332953204,-6.83347333669667,-1.4839441923138563,-1.2453483872388915,-1.2102346539934388,-10.211534708385898,-5.062990193428732,0.0,2.0,4.0,4.0,4.0,4.0,4.0,4.0,4.0,4.0,4.0,4.0,4.0,4.0,4.0,4.0,100.0,,,,,,,,,,,,,,,,,,,,,,,,,,,,,,,,,,,,,,,
12993,1754692296.108311,101.34533500671388,1754692296.1804612,64.0,0.0,3.251050286142572,9.52031150416019,-1.373244689124249,4.286231553235893,-1.1087689482644691,-3.85128887055157,0.1107505629827301,0.2579743767516902,-10.047699180151312,0.3691450921444357,3.258407545524051,0.4297305504462656,-1.936637231078976,-4.896794196348992,3307.0,2.0,4.0,4.0,4.0,4.0,4.0,4.0,4.0,4.0,4.0,4.0,4.0,4.0,4.0,4.0,100.0,0.5824663043022156,0.37493896484375,-0.5743408203125,0.43621826171875,1.010757565498352,-0.0986343175172805,0.0351567864418029,-51.29167556762695,-103.7796630859375,6.729228496551514,,,,,,,,,,,,,,,,,,,,,,,,,,,,,
12994,1754692296.116114,101.3531379699707,1754692296.188364,65.0,0.0,-0.4800295588613608,6.459217299307284,-0.4152090844156646,-0.312015453795766,-3.641528229803271,-6.366258127236279,-0.0616738327928487,1.0863042008734285,-6.450387872705278,-0.1483761938009138,3.076954174069442,2.6302990086549016,5.362199875320357,-2.299299085861776,3515.0,2.0,4.0,4.0,4.0,4.0,4.0,4.0,4.0,4.0,4.0,4.0,4.0,4.0,4.0,4.0,100.0,,,,,,,,,,,,,,,,,,,,,,,,,,,,,,,,,,,,,,,
12995,1754692296.123917,101.36094117164612,1754692296.196167,66.0,0.0,-0.236859140830461,6.40678552940733,0.4814311988237705,2.008816338471547,5.120734526652882,0.8434079253669324,5.057287547052397,-0.959368211518381,-0.298803954157961,-5.122469362592824,-7.501924353850541,2.8031526296871334,-13.091813784499324,-4.6417767858425805,3503.0,2.0,4.0,4.0,4.0,4.0,4.0,4.0,4.0,4.0,4.0,4.0,4.0,4.0,4.0,4.0,100.0,,,,,,,,,,,,,,,,,,,,,,,,,,,,,,,,,,,,,,,
12996,1754692296.13172,101.36874413490295,1754692296.2039702,67.0,0.0,0.3995023524129806,8.129603092358082,0.7016056136766906,7.388897527010101,6.401778597736609,6.040083462323253,3.859300356369147,-5.179200985141108,2.413165044504637,-7.080557839132837,-13.16804447277542,-1.1538980050127634,-25.0808051581426,-9.094975553937786,3618.0,2.0,4.0,4.0,4.0,4.0,4.0,4.0,4.0,4.0,4.0,4.0,4.0,4.0,4.0,4.0,100.0,,,,,,,,,,,,,,,,,,,,,,,,,,,,,,,,,,,,,,,
12997,1754692296.139523,101.3765470981598,1754692296.211674,68.0,0.0,2.3320767784184966,11.11700147095101,0.318229801193894,8.159752010062704,2.2736774504224115,2.7692310827870017,2.004817236906576,-7.687339014030812,0.4136724977275037,-2.8172701703151404,-5.257221770546465,-0.989596255130408,-3.5356073392233327,-3.826958183246433,3623.0,2.0,4.0,4.0,4.0,4.0,4.0,4.0,4.0,4.0,4.0,4.0,4.0,4.0,4.0,4.0,100.0,0.5832700729370117,0.374267578125,-0.5750732421875,0.43475341796875,0.9961089491844176,-0.0986343175172805,0.0029297322034835,-51.74029159545898,-104.82643127441406,7.775997638702393,,,,,,,,,,,,,,,,,,,,,,,,,,,,,
12998,1754692296.147326,101.38435006141664,1754692296.2194772,69.0,0.0,3.642735953955025,9.292684453024094,-1.9701866179027547,6.9963328171782,-0.368481091003332,-2.6953129799869657,0.1062321768133642,-9.198085833114646,-5.787098363811992,0.9825022017887476,-0.3377134711033704,-0.5128771087054247,13.559157593151212,-1.5422120438422553,3505.0,2.0,4.0,4.0,4.0,4.0,4.0,4.0,4.0,4.0,4.0,4.0,4.0,4.0,4.0,4.0,100.0,,,,,,,,,,,,,,,,,,,,,,,,,,,,,,,,,,,,,,,
12999,1754692296.155129,101.39215302467346,1754692296.22718,70.0,0.0,2.364858579951374,7.726054527388783,-0.8714591385265749,7.714167698950746,-4.565158312941662,-1.296400996252146,-2.770954761350936,-5.888469224187816,-0.0426613094815593,2.864186162277633,0.6515835251974522,-0.8991520618152435,8.20612601977598,-5.988676299267468,3500.0,2.0,4.0,4.0,4.0,4.0,4.0,4.0,4.0,4.0,4.0,4.0,4.0,4.0,4.0,4.0,100.0,,,,,,,,,,,,,,,,,,,,,,,,,,,,,,,,,,,,,,,
13000,1754692296.162932,101.3999559879303,1754692296.234983,71.0,0.0,3.036749781485753,7.673143904398614,0.2043726161098789,9.041055482204513,-3.184673764342904,-0.3729515772608351,-3.252289549674231,0.7785912416041469,8.443885350764788,2.1921229089528538,-2.954122966676266,0.2999117601273724,-4.595770767976944,-4.669866689110847,3495.0,2.0,4.0,4.0,4.0,4.0,4.0,4.0,4.0,4.0,4.0,4.0,4.0,4.0,4.0,4.0,100.0,,,,,,,,,,,,,,,,,,,,,,,,,,,,,,,,,,,,,,,
13001,1754692296.170735,101.40775895118712,1754692296.242687,72.0,0.0,4.438612418263972,5.537499453579756,-3.3412810411062424,7.90978604629089,0.5464646605934718,-4.024906995633785,-0.9474466284980848,0.6795137933106048,3.921586324878433,0.3418841854251582,-8.91032295874885,-0.8736809770142031,-13.028464396137508,-0.3270403175891374,3603.0,2.0,4.0,4.0,4.0,4.0,4.0,4.0,4.0,4.0,4.0,4.0,4.0,4.0,4.0,4.0,100.0,0.5851450562477112,0.37384033203125,-0.57611083984375,0.43121337890625,1.0146639347076416,-0.1064469367265701,0.0063477531075477,-49.64675521850586,-105.4245834350586,4.635690689086914,,,,,,,,,,,,,,,,,,,,,,,,,,,,,
13002,1754692296.178538,101.41556215286256,1754692296.2504902,73.0,0.0,4.4560881772221705,2.7053898532348626,-1.678811140605433,6.7740674081459815,-0.8028152532152149,-1.3953677675886524,0.0874981408196049,-1.1438176426204905,-1.436009352743497,1.1119421665457023,-2.551201231649032,2.3546636016344,-8.390891232722254,1.2239061071681476,3616.0,2.0,4.0,4.0,4.0,4.0,4.0,4.0,4.0,4.0,4.0,4.0,4.0,4.0,4.0,4.0,100.0,,,,,,,,,,,,,,,,,,,,,,,,,,,,,,,,,,,,,,,
13003,1754692296.186341,101.42336511611938,1754692296.258193,74.0,0.0,1.7043565991305911,-3.890597904345356,3.103246030773647,4.040865168409113,-6.576744497247233,-0.265539634981593,-5.817779827649389,-1.518595080661413,-2.7469053946598763,1.3519433575778237,-0.2784710428287837,6.441161914144544,-0.6591914612112362,2.4124026576344875,3610.0,2.0,4.0,4.0,4.0,4.0,4.0,4.0,4.0,4.0,4.0,4.0,4.0,4.0,4.0,4.0,100.0,,,,,,,,,,,,,,,,,,,,,,,,,,,,,,,,,,,,,,,
13004,1754692296.194144,101.43116807937622,1754692296.2659972,75.0,0.0,3.97786695806542,-9.66778063949016,4.302406131480325,3.0639685478307683,-9.623951423354924,-5.26749285544895,-8.17144669467882,-1.938187461679832,-1.0055830044271945,5.267106357832176,-2.481798460214236,5.828765606362026,-0.6511798556063013,7.280804094540485,3543.0,2.0,4.0,4.0,4.0,4.0,4.0,4.0,4.0,4.0,4.0,4.0,4.0,4.0,4.0,4.0,100.0,,,,,,,,,,,,,,,,,,,,,,,,,,,,,,,,,,,,,,,
13005,1754692296.201947,101.43897104263306,1754692296.2737,76.0,0.0,8.340848030662556,-15.012391196211835,1.6780843378092245,1.5905238017167278,-11.477760627561992,-5.979411641985706,-5.371219298622208,-5.283124777065922,-1.7753136100559177,6.495833945104124,4.799789185451601,4.45487357240566,-0.0936132116391661,10.056002167777052,3574.0,2.0,4.0,4.0,4.0,4.0,4.0,4.0,4.0,4.0,4.0,4.0,4.0,4.0,4.0,4.0,100.0,0.5859717130661011,0.3741455078125,-0.577392578125,0.4281005859375,1.0156404972076416,-0.1084000915288925,-0.0024414435029029,-50.99259948730469,-103.48058319091795,5.532921314239502,,,,,,,,,,,,,,,,,,,,,,,,,,,,,
13006,1754692296.20975,101.44677400588988,1754692296.281603,77.0,0.0,5.390753550857227,-19.432605579002228,0.7243978345743756,-1.0861489888490894,-13.44201114231484,-3.773855697609832,-7.209904581165318,-6.815544965143289,-2.743274955464329,3.601069723713209,7.354624221187606,8.676633347693752,4.702603497921729,9.456485997877536,3306.0,2.0,4.0,4.0,4.0,4.0,4.0,4.0,4.0,4.0,4.0,4.0,4.0,4.0,4.0,4.0,100.0,,,,,,,,,,,,,,,,,,,,,,,,,,,,,,,,,,,,,,,
13007,1754692296.217553,101.45457696914671,1754692296.289406,78.0,0.0,3.776359274091419,-17.03626361561669,3.685445212330024,-2.880238313502332,-10.240351357857207,-6.637936703966943,-7.922619616595284,-0.9942855411634356,0.7299558430652269,7.865119656608158,-0.944884447020968,14.30382159507667,3.265584676167009,9.125647996924044,3610.0,2.0,4.0,4.0,4.0,4.0,4.0,4.0,4.0,4.0,4.0,4.0,4.0,4.0,4.0,4.0,100.0,,,,,,,,,,,,,,,,,,,,,,,,,,,,,,,,,,,,,,,
13008,1754692296.225356,101.46238017082214,1754692296.297209,79.0,0.0,5.774074741927137,-19.03238610231702,2.84160076368525,-8.035779311478478,-9.40930912501736,-9.778756865893143,-5.534291427690192,1.3864326967442082,-0.4229002754204032,12.086462755644874,-0.3782084525441007,6.853583424848324,4.369071264776579,9.319813605703615,3543.0,2.0,4.0,4.0,4.0,4.0,4.0,4.0,4.0,4.0,4.0,4.0,4.0,4.0,4.0,4.0,100.0,,,,,,,,,,,,,,,,,,,,,,,,,,,,,,,,,,,,,,,
13009,1754692296.233159,101.47018313407898,1754692296.304913,80.0,0.0,2.227783448184653,-24.257524778422123,-2.3323261610585746,-11.13565790907802,-12.606717108129544,-3.3304873743823578,-1.276024447707698,1.2856603512968263,-1.3067699952335374,6.757571164975559,6.136198311731675,-1.4040341328309864,12.289298685355275,9.230663290578777,3574.0,2.0,4.0,4.0,4.0,4.0,4.0,4.0,4.0,4.0,4.0,4.0,4.0,4.0,4.0,4.0,100.0,0.5862926244735718,0.37432861328125,-0.57879638671875,0.42559814453125,1.009781002998352,-0.095704585313797,-0.0161135271191597,-49.79629135131836,-103.7796630859375,5.981536388397217,,,,,,,,,,,,,,,,,,,,,,,,,,,,,
13010,1754692296.240962,101.47798609733582,1754692296.312716,81.0,0.0,-3.673871449986336,-18.93634014831582,-4.888371002308986,-10.248509336807048,-16.717932520732802,2.676063507634126,2.142052964414461,2.995392776950439,3.6614603439336406,0.3762693314595253,1.778897912437742,-1.156578448258415,2.781301265086995,2.745537184607884,3306.0,2.0,4.0,4.0,4.0,4.0,4.0,4.0,4.0,4.0,4.0,4.0,4.0,4.0,4.0,4.0,100.0,,,,,,,,,,,,,,,,,,,,,,,,,,,,,,,,,,,,,,,
13011,1754692296.248765,101.48578906059264,1754692296.320519,82.0,0.0,-1.7753776361984135,-9.287090063334404,-1.6465168056607808,-10.5984900700538,-14.274146583509378,5.910393767187429,7.497848904501893,10.73515243936015,7.146524066126744,3.397133897045819,-0.2868778409880406,3.656573533864844,-10.1825128624331,0.0317611480835466,3610.0,2.0,4.0,4.0,4.0,4.0,4.0,4.0,4.0,4.0,4.0,4.0,4.0,4.0,4.0,4.0,100.0,,,,,,,,,,,,,,,,,,,,,,,,,,,,,,,,,,,,,,,
13012,1754692296.256568,101.49359202384947,1754692296.3283222,83.0,0.0,-2.384615972163885,-11.235709800161716,-0.7436940139032799,-13.28412398557117,-8.565946678767034,2.747054644434627,7.993418634874104,15.667657664264368,9.003254567743113,3.851667106173352,0.5402689719498426,2.795910462697464,-10.1822638260831,1.7593554795789146,3543.0,2.0,4.0,4.0,4.0,4.0,4.0,4.0,4.0,4.0,4.0,4.0,4.0,4.0,4.0,4.0,100.0,,,,,,,,,,,,,,,,,,,,,,,,,,,,,,,,,,,,,,,
13013,1754692296.264371,101.50139498710632,1754692296.3361251,84.0,0.0,-3.69482223083537,-7.386381576099893,-0.1416765524083985,-11.40499314614658,-5.617737580616222,-1.346195216127171,8.60400371151104,12.765935300716365,12.04309684222585,3.316793056307006,1.760762888682848,1.216742160200056,-6.844758087957189,4.506133474797252,3574.0,2.0,4.0,4.0,4.0,4.0,4.0,4.0,4.0,4.0,4.0,4.0,4.0,4.0,4.0,4.0,100.0,0.5856589674949646,0.374267578125,-0.58050537109375,0.4241943359375,1.006851315498352,-0.1040054932236671,-0.0288090333342552,-51.44121551513672,-105.7236557006836,4.635690689086914,,,,,,,,,,,,,,,,,,,,,,,,,,,,,
13014,1754692296.272174,101.50919795036316,1754692296.343929,85.0,0.0,-1.4448375399509814,8.200940761482457,-1.2857612958413256,-8.960776691682781,-8.164629591459175,1.4280574290161212,9.255661028989948,6.264101794096064,1.5761038842621249,0.7117905930455208,0.2391476886647296,-1.0394080915779114,-12.359712021779956,-0.185092667618278,3306.0,2.0,4.0,4.0,4.0,4.0,4.0,4.0,4.0,4.0,4.0,4.0,4.0,4.0,4.0,4.0,100.0,,,,,,,,,,,,,,,,,,,,,,,,,,,,,,,,,,,,,,,
13015,1754692296.279977,101.51700115203856,1754692296.3518322,86.0,0.0,1.0891330092529188,22.944229480306376,-1.2417732003184483,-1.1669094150818182,-8.1259138308194,9.048297139895794,10.031471392488356,6.717048425364055,-4.179568655378489,-0.4094579590589546,-1.0061106548726002,-1.0905970483188412,-7.632944111768211,-2.8913331569663114,3610.0,2.0,4.0,4.0,4.0,4.0,4.0,4.0,4.0,4.0,4.0,4.0,4.0,4.0,4.0,4.0,100.0,,,,,,,,,,,,,,,,,,,,,,,,,,,,,,,,,,,,,,,
13016,1754692296.28778,101.5248041152954,1754692296.359635,87.0,0.0,-1.3280685668868557,28.01242924560765,-2.436487340798436,7.121213865264593,-6.832359613462273,5.502537966298945,5.15968047130454,5.192708961776219,-0.7602788570356154,-1.146774853368612,-3.373205133074322,-2.056183655123192,-2.624596159868048,-2.7889106818910534,3543.0,2.0,4.0,4.0,4.0,4.0,4.0,4.0,4.0,4.0,4.0,4.0,4.0,4.0,4.0,4.0,100.0,,,,,,,,,,,,,,,,,,,,,,,,,,,,,,,,,,,,,,,
13017,1754692296.295583,101.53260707855225,1754692296.367438,88.0,0.0,1.857707524243665,34.66328308503478,0.9623358026555024,9.462350204215795,-1.347787193645786,2.1725097604715984,1.3713785569806305,1.0582307775006257,-1.566047657101194,-0.5118467009384631,-3.800113573331259,-4.259661413450999,-5.080048215414422,-1.8239711096949804,3574.0,2.0,4.0,4.0,4.0,4.0,4.0,4.0,4.0,4.0,4.0,4.0,4.0,4.0,4.0,4.0,100.0,0.3334614932537079,0.6279296875,-0.29095458984375,0.64019775390625,0.9853665828704834,-0.1337911039590835,-0.0317387655377388,-52.03936767578125,-104.0787353515625,4.785229206085205,,,,,,,,,,,,,,,,,,,,,,,,,,,,,
13018,1754692296.303386,101.54041004180908,1754692296.3751411,89.0,0.0,1.5262090785697635,34.37752873751947,3.309934018314152,4.280060909188023,0.5204876286977651,3.900445131324204,1.6133306057924983,0.8163990127043235,-4.041686688186246,-1.3240556421412748,-3.5205967583576694,-5.527261353430049,-8.824639826643534,-2.9417079435795586,3306.0,2.0,4.0,4.0,4.0,4.0,4.0,4.0,4.0,4.0,4.0,4.0,4.0,4.0,4.0,4.0,100.0,,,,,,,,,,,,,,,,,,,,,,,,,,,,,,,,,,,,,,,
13019,1754692296.311189,101.54821300506592,1754692296.382945,90.0,0.0,-3.077789475099223,25.869650313890645,1.3670596010049962,1.0775463637308462,-1.1068908090593936,1.4292672404342852,1.6076797067142363,4.977830348818145,0.9146997801151996,-2.211572407840947,-3.335391824599526,2.1231900193759543,-12.31871071477866,-3.5132900523560124,3610.0,2.0,4.0,4.0,4.0,4.0,4.0,4.0,4.0,4.0,4.0,4.0,4.0,4.0,4.0,4.0,100.0,,,,,,,,,,,,,,,,,,,,,,,,,,,,,,,,,,,,,,,
13020,1754692296.318992,101.55601596832275,1754692296.390748,91.0,0.0,-1.280710822456513,22.598280829380656,-0.2613259082718286,1.0141250541378213,0.8053354268390649,-3.215827869280929,0.0195675078707608,6.5020603978978215,1.3660413291177065,0.5460017135569615,-5.025413904470497,6.405683384474742,-12.229181482771992,-2.2090343007939737,3543.0,2.0,4.0,4.0,4.0,4.0,4.0,4.0,4.0,4.0,4.0,4.0,4.0,4.0,4.0,4.0,100.0,,,,,,,,,,,,,,,,,,,,,,,,,,,,,,,,,,,,,,,
13021,1754692296.326795,101.56381916999815,1754692296.398451,92.0,0.0,0.4340239455888195,23.712442218980986,-1.0897709729086955,2.269538091869549,1.5155449337299842,-0.961644148154278,-0.4733982090828021,1.85800798378034,-5.234850085231187,0.820398425350163,-8.851151250264024,-0.5053576794615537,-3.027060707061424,0.2602037049383625,3574.0,2.0,4.0,4.0,4.0,4.0,4.0,4.0,4.0,4.0,4.0,4.0,4.0,4.0,4.0,4.0,100.0,0.3336018621921539,0.62860107421875,-0.29095458984375,0.63946533203125,0.9873197674751282,-0.1103532463312149,-0.0361333638429641,-50.69352340698242,-103.18150329589844,4.33661413192749,,,,,,,,,,,,,,,,,,,,,,,,,,,,,
13022,1754692296.334598,101.571622133255,1754692296.4061542,93.0,0.0,-1.807188757253528,18.06222796735227,-0.4228286418227185,3.730521735188347,1.923127163557808,2.8580612078937406,0.4526262146761723,-2.050056899567437,-6.396535973410494,-5.101025508293617,-5.861257397692782,-2.897522594603572,3.972107084407469,1.943782307119534,3306.0,2.0,4.0,4.0,4.0,4.0,4.0,4.0,4.0,4.0,4.0,4.0,4.0,4.0,4.0,4.0,100.0,,,,,,,,,,,,,,,,,,,,,,,,,,,,,,,,,,,,,,,
13023,1754692296.342401,101.57942509651184,1754692296.414058,94.0,0.0,-4.487748975524312,8.841175223936432,-0.1373022602627429,2.1744680703442896,5.845249518016487,2.7428194864675675,1.544991544323409,1.2324070872993502,-5.1538489676193535,-8.645119164604068,-0.8087050893207675,1.1456437735507166,-1.0164860350772074,-4.135017090857048,3610.0,2.0,4.0,4.0,4.0,4.0,4.0,4.0,4.0,4.0,4.0,4.0,4.0,4.0,4.0,4.0,100.0,,,,,,,,,,,,,,,,,,,,,,,,,,,,,,,,,,,,,,,
13024,1754692296.350204,101.58722805976868,1754692296.4218612,95.0,0.0,-5.529014384640391,4.155269379373863,-0.9436774220993128,3.507016049928211,10.93987452223348,1.412464969760208,0.9388379657240192,5.635803644251723,-0.469150027617502,-3.663320646045008,-1.6976212570615417,0.9154503674109264,-8.633962351180912,-8.608244706582695,3543.0,2.0,4.0,4.0,4.0,4.0,4.0,4.0,4.0,4.0,4.0,4.0,4.0,4.0,4.0,4.0,100.0,,,,,,,,,,,,,,,,,,,,,,,,,,,,,,,,,,,,,,,
13025,1754692296.358007,101.59503102302553,1754692296.429664,96.0,0.0,-0.1024682486731194,0.4879097711469171,-0.1169826771683233,4.002116991254354,13.561597615685116,-1.8797628026545112,-0.605854347498223,1.558263006870277,1.8675840850165173,-1.19049676079743,-4.632144327259482,1.8493920587744128,-5.549447159956287,-3.640922025306679,3574.0,2.0,4.0,4.0,4.0,4.0,4.0,4.0,4.0,4.0,4.0,4.0,4.0,4.0,4.0,4.0,100.0,0.3328306972980499,0.629150390625,-0.29132080078125,0.63916015625,0.991714358329773,-0.121095597743988,-0.0209964141249656,-51.44121551513672,-105.4245834350586,5.831998348236084,,,,,,,,,,,,,,,,,,,,,,,,,,,,,
13026,1754692296.36581,101.60283398628236,1754692296.437367,97.0,0.0,8.982421317799776,-3.717324743100221,2.3930984248648883,2.919867287223383,14.019108806371037,-5.59300949862029,-0.2348264602406971,-3.8400737386974697,-2.28692176945799,-8.236700002410203,-2.08036623145847,3.355998631716716,1.7566670427062263,1.2498064494628809,3306.0,2.0,4.0,4.0,4.0,4.0,4.0,4.0,4.0,4.0,4.0,4.0,4.0,4.0,4.0,4.0,100.0,,,,,,,,,,,,,,,,,,,,,,,,,,,,,,,,,,,,,,,
13027,1754692296.373613,101.61063718795776,1754692296.44527,98.0,0.0,7.46180358652353,-6.69054241276919,0.8315564366833144,5.727084188673217,15.97612510308889,-6.652254306589128,-0.6834317608797562,-3.657952075948941,-5.258674951780193,-7.828178173600662,3.554440893569592,1.2504600077293446,5.379263520301748,-1.4156620696751077,3610.0,2.0,4.0,4.0,4.0,4.0,4.0,4.0,4.0,4.0,4.0,4.0,4.0,4.0,4.0,4.0,100.0,,,,,,,,,,,,,,,,,,,,,,,,,,,,,,,,,,,,,,,
13028,1754692296.381416,101.6184401512146,1754692296.453074,99.0,0.0,-2.158355043526456,-8.392105920464303,-0.974633590622318,6.54462667503293,17.926638731297942,-5.123472400638832,-0.9045858172133308,-3.888046510625657,-3.0763224025798195,2.7881046834597214,6.858949737889077,1.669212006074929,10.975093823869372,-4.887308279873025,3543.0,2.0,4.0,4.0,4.0,4.0,4.0,4.0,4.0,4.0,4.0,4.0,4.0,4.0,4.0,4.0,100.0,,,,,,,,,,,,,,,,,,,,,,,,,,,,,,,,,,,,,,,
13029,1754692296.389219,101.62624311447144,1754692296.4608772,100.0,0.0,-3.837065518622012,-14.306418837034698,-0.0839530146665765,3.689638339923249,17.49019019236289,-0.9432219089960654,-1.805868803236308,-8.420534919067222,0.8557327003397859,1.5972982659889112,9.950844808658305,-1.7811429352334471,17.348744066623567,-1.5284826441195491,3574.0,2.0,4.0,4.0,4.0,4.0,4.0,4.0,4.0,4.0,4.0,4.0,4.0,4.0,4.0,4.0,100.0,0.3325119316577911,0.62957763671875,-0.29156494140625,0.6387939453125,1.007827877998352,-0.1323262453079223,-0.0434576943516731,-49.945831298828125,-104.67688751220705,6.131074905395508,,,,,,,,,,,,,,,,,,,,,,,,,,,,,
13030,1754692296.397022,101.63404607772829,1754692296.46858,101.0,0.0,0.4225643341109162,-22.49637578166505,-0.95421586752866,2.7255016293214567,16.31305254749111,1.5397736137678066,-5.84908508398496,-7.501049955571148,1.52959457064469,-3.829231418391487,10.05553575109468,-3.896298456119098,11.535945407253507,2.462311594194375,3306.0,2.0,4.0,4.0,4.0,4.0,4.0,4.0,4.0,4.0,4.0,4.0,4.0,4.0,4.0,4.0,100.0,,,,,,,,,,,,,,,,,,,,,,,,,,,,,,,,,,,,,,,
13031,1754692296.404825,101.64184904098512,1754692296.476483,102.0,0.0,-0.9446002280919288,-25.22983785458468,-0.2044322843711938,2.363907970780076,16.470136442790192,-3.700820436277297,-9.409915000684975,-1.4574243915685088,1.3051366981786146,-0.4417829871017034,5.7859551610259246,0.4678829844497727,0.26465987523585,1.0105603332690976,3610.0,2.0,4.0,4.0,4.0,4.0,4.0,4.0,4.0,4.0,4.0,4.0,4.0,4.0,4.0,4.0,100.0,,,,,,,,,,,,,,,,,,,,,,,,,,,,,,,,,,,,,,,
13032,1754692296.412628,101.64965200424194,1754692296.484286,103.0,0.0,-2.380166521353658,-20.72719439949288,1.9344082474076456,4.446430326321661,12.018381448972375,-5.451213492231091,-8.149442215210456,-4.4208414017666655,0.7367872795607582,2.3233127023577254,4.635791270236496,-1.0453628251766531,5.998425327229143,-1.5945678073508134,3543.0,2.0,4.0,4.0,4.0,4.0,4.0,4.0,4.0,4.0,4.0,4.0,4.0,4.0,4.0,4.0,100.0,,,,,,,,,,,,,,,,,,,,,,,,,,,,,,,,,,,,,,,
13033,1754692296.420431,101.65745496749878,1754692296.4921892,104.0,0.0,-0.8736233623228031,-16.338697386269075,1.389928092645107,10.29189307669941,6.558450747421659,5.388847476366038,-2.899015755683365,-10.819041476265909,-2.304847377864178,-0.0947212553562053,3.157104196857574,-7.387425973620964,13.32039963935432,-3.763672014642168,3574.0,2.0,4.0,4.0,4.0,4.0,4.0,4.0,4.0,4.0,4.0,4.0,4.0,4.0,4.0,4.0,100.0,0.3320728242397308,0.62994384765625,-0.29180908203125,0.6385498046875,1.005386471748352,-0.1347676813602447,-0.0336919203400611,-50.99259948730469,-105.5741195678711,4.486152648925781,,,,,,,,,,,,,,,,,,,,,,,,,,,,,
13034,1754692296.428234,101.6652581691742,1754692296.499993,105.0,0.0,-0.5924518491565323,-20.117836709019684,0.1158638753640843,7.190517122427991,11.297191780415233,11.394334771800914,3.4175073228143447,-4.547317272355485,-2.108395315047801,-0.5947560567960863,-2.4522234995283725,-6.337464938909761,6.761772794705848,-6.936594242707997,3306.0,2.0,4.0,4.0,4.0,4.0,4.0,4.0,4.0,4.0,4.0,4.0,4.0,4.0,4.0,4.0,100.0,,,,,,,,,,,,,,,,,,,,,,,,,,,,,,,,,,,,,,,
13035,1754692296.436037,101.67306113243104,1754692296.5078962,106.0,0.0,-1.9491702101089456,-24.097986438057774,-2.4421052130632006,-3.38177251306422,9.72038744486656,3.628240243354981,4.731603872730943,4.722994920337101,2.08663073929813,1.633318550091758,-4.367578109642977,-4.298136516845602,4.99097089678628,-8.25410300718238,3610.0,2.0,4.0,4.0,4.0,4.0,4.0,4.0,4.0,4.0,4.0,4.0,4.0,4.0,4.0,4.0,100.0,,,,,,,,,,,,,,,,,,,,,,,,,,,,,,,,,,,,,,,
13036,1754692296.44384,101.68086409568788,1754692296.5156991,107.0,0.0,0.5341977509960429,-21.11462801708427,-0.6245109660008552,-5.329920526712215,-1.459815146126914,-0.4774474970582218,2.4893783850592968,3.4507831407126446,7.4603849959316335,1.4761280901620353,2.788543637517193,-4.726474254548577,8.127387511074346,-5.13053448144143,3543.0,2.0,4.0,4.0,4.0,4.0,4.0,4.0,4.0,4.0,4.0,4.0,4.0,4.0,4.0,4.0,100.0,,,,,,,,,,,,,,,,,,,,,,,,,,,,,,,,,,,,,,,
13037,1754692296.451643,101.6886670589447,1754692296.523402,108.0,0.0,3.969815123281904,-18.237746399129747,4.878838247201628,-0.9058207292369218,-6.622766285606787,0.2507917398270081,-2.051729643113987,-3.215383723943006,2.626103153673256,-3.593272738666684,5.245635007121081,-0.4227681110574224,3.679733728736864,0.0390735851142096,3574.0,2.0,4.0,4.0,4.0,4.0,4.0,4.0,4.0,4.0,4.0,4.0,4.0,4.0,4.0,4.0,100.0,0.3319179713726043,0.63018798828125,-0.2919921875,0.6383056640625,0.9946441054344176,-0.1391622871160507,-0.027832455933094,-50.09536743164063,-105.2750473022461,4.187075614929199,,,,,,,,,,,,,,,,,,,,,,,,,,,,,
13038,1754692296.459446,101.69647002220154,1754692296.5312052,109.0,0.0,4.215515897030599,-14.861880816387185,7.723230002520466,2.588306164315071,-4.341447225191843,1.3789380511218212,-3.4294932748883014,-2.590902656110103,-2.2391412041199885,-3.81240008877856,1.0297914671616295,2.4320262954986163,0.8304751570212545,6.3742502601755575,3306.0,2.0,4.0,4.0,4.0,4.0,4.0,4.0,4.0,4.0,4.0,4.0,4.0,4.0,4.0,4.0,100.0,,,,,,,,,,,,,,,,,,,,,,,,,,,,,,,,,,,,,,,
13039,1754692296.467249,101.70427298545836,1754692296.538909,110.0,0.0,-0.993449516853957,-15.450192336799203,4.022717189273521,-2.467296701524333,-5.125683468362126,0.2875773174038158,3.689060793890008,1.0875074211645597,6.100536196001144,4.679348751713064,0.0933827573163625,-0.6763785403503562,-3.537737886168429,-1.0204035310460997,3610.0,2.0,4.0,4.0,4.0,4.0,4.0,4.0,4.0,4.0,4.0,4.0,4.0,4.0,4.0,4.0,100.0,,,,,,,,,,,,,,,,,,,,,,,,,,,,,,,,,,,,,,,
13040,1754692296.475052,101.7120761871338,1754692296.5467122,111.0,0.0,-2.646688231252085,-11.919515207908772,2.3128742012317502,-4.7648010296102825,-6.001189514733198,1.05052289369263,7.281040589977636,3.890643741665315,12.580835182066435,9.055162331347615,5.737825340694087,0.4208125983117838,-8.881654757560284,-7.780369814090193,3543.0,2.0,4.0,4.0,4.0,4.0,4.0,4.0,4.0,4.0,4.0,4.0,4.0,4.0,4.0,4.0,100.0,,,,,,,,,,,,,,,,,,,,,,,,,,,,,,,,,,,,,,,
13041,1754692296.482855,101.71987915039062,1754692296.554415,112.0,0.0,1.776719116967456,-1.9101429546916504,1.884669679131207,1.063873816547698,-3.515787162983884,-1.0195516590673606,-4.941228152433155,0.2088343019755711,1.0170418698008916,-0.4153661109775157,3.0959648384606453,-0.2162121746481489,-2.67517305569902,1.271522911060515,3574.0,2.0,4.0,4.0,4.0,4.0,4.0,4.0,4.0,4.0,4.0,4.0,4.0,4.0,4.0,4.0,100.0,0.3320874869823456,0.630126953125,-0.29193115234375,0.6383056640625,1.0019683837890625,-0.1381857097148895,-0.0415045395493507,-53.08613586425781,-104.97596740722656,3.1403067111968994,,,,,,,,,,,,,,,,,,,,,,,,,,,,,
13042,1754692296.490658,101.72768211364746,1754692296.5622182,113.0,0.0,3.2598116734588984,2.11172421560832,2.363069885856476,14.780391398291613,-1.2915420118852126,-3.037916092046544,-5.999254857575579,-0.3881079877160118,-4.747642637049466,-3.7963292921772336,-4.892933207230271,0.7792896089013084,5.760489518096847,6.36734538772771,3306.0,2.0,4.0,4.0,4.0,4.0,4.0,4.0,4.0,4.0,4.0,4.0,4.0,4.0,4.0,4.0,100.0,,,,,,,,,,,,,,,,,,,,,,,,,,,,,,,,,,,,,,,
13043,1754692296.498461,101.7354850769043,1754692296.569922,114.0,0.0,-2.585864641187186,-5.125481630659692,2.4270096469166447,10.488021534846553,-2.150616456886496,-2.172134676194787,4.733959259761718,5.175318001923984,1.968728132173851,-1.8632907929605835,-5.78472847824753,4.521965189364778,-0.1457964012262209,-2.803439855254169,3610.0,2.0,4.0,4.0,4.0,4.0,4.0,4.0,4.0,4.0,4.0,4.0,4.0,4.0,4.0,4.0,100.0,,,,,,,,,,,,,,,,,,,,,,,,,,,,,,,,,,,,,,,
13044,1754692296.506264,101.74328804016112,1754692296.5777252,115.0,0.0,-6.445624612781188,-2.106751119590257,0.8940443759228458,-15.210422015513444,-0.7856593784646009,2.1593779244603013,6.643897658764132,8.802160873973122,4.583187758012087,-0.4855153424160505,-2.269555470035897,5.538226597783165,-1.9891287478884287,-8.983984185175899,3543.0,2.0,4.0,4.0,4.0,4.0,4.0,4.0,4.0,4.0,4.0,4.0,4.0,4.0,4.0,4.0,100.0,,,,,,,,,,,25.0,4.0,35.23792266845703,3.0,49.36654281616211,1.0,37.26275634765625,1.0,36.57796859741211,3.0,30.690141677856445,1.0,31.820724487304688,1.0,36.40284729003906,3.0,32.02192306518555,3.0,34.864070892333984,3.0,36.2856559753418,3.0,37.29790496826172,3.0,45.99989318847656,4.0,40.848880767822266,3.0,35.698387145996094
13045,1754692296.514067,101.75109100341795,1754692296.585428,116.0,0.0,-11.277676341492423,4.459656085545504,-2.4664464570039115,-9.748778307700576,0.8749302550811819,6.888249900930333,4.697288562870909,5.616831040255676,1.939394194087328,-0.9963707999079076,-4.678875467414599,0.7245075971757444,0.1432045924366605,-12.966099125632098,3574.0,2.0,4.0,4.0,4.0,4.0,4.0,4.0,4.0,4.0,4.0,4.0,4.0,4.0,4.0,4.0,100.0,0.3318464756011963,0.6298828125,-0.29193115234375,0.638671875,0.9839017391204834,-0.1523460745811462,-0.0444342717528343,-48.7495231628418,-105.4245834350586,3.887998819351196,,,,,,,,,,,,,,,,,,,,,,,,,,,,,
13046,1754692296.52187,101.7588939666748,1754692296.593231,117.0,0.0,-13.342373514414788,4.557323711882788,-5.047764736079074,-29.294116316416503,1.2884226815289423,11.9044863903122,7.90558881535199,6.432323759164234,5.176656590717272,-0.6625085083493047,-3.517512757049729,-1.6035952158586897,-0.191021766792204,-13.560072447083344,3306.0,2.0,4.0,4.0,4.0,4.0,4.0,4.0,4.0,4.0,4.0,4.0,4.0,4.0,4.0,4.0,100.0,,,,,,,,,,,,,,,,,,,,,,,,,,,,,,,,,,,,,,,
13047,1754692296.529673,101.76669716835022,1754692296.600935,118.0,0.0,-10.383914949755647,4.58971877370243,-8.664702739787458,-48.0485373838377,-1.7158063102300505,10.4905844893907,3.790835985768013,5.348243156842841,7.469006264137647,2.106039683795302,2.192989594450978,-3.3640628532497203,1.0649878655505065,-10.008739850671075,3610.0,2.0,4.0,4.0,4.0,4.0,4.0,4.0,4.0,4.0,4.0,4.0,4.0,4.0,4.0,4.0,100.0,,,,,,,,,,,,,,,,,,,,,,,,,,,,,,,,,,,,,,,
13048,1754692296.537476,101.77450013160706,1754692296.6087382,119.0,0.0,-11.589033281205843,3.384748395021802,-7.697981429608149,-68.4937027919467,-1.0830366773387825,3.680224432999808,3.025187070869947,2.275252851193386,8.657036502954838,4.369176456479295,6.8756444000897545,-1.0361975985050549,-2.548197044632957,-9.91724680928371,3543.0,2.0,4.0,4.0,4.0,4.0,4.0,4.0,4.0,4.0,4.0,4.0,4.0,4.0,4.0,4.0,100.0,,,,,,,,,,,,,,,,,,,,,,,,,,,,,,,,,,,,,,,
13049,1754692296.545279,101.78230309486388,1754692296.616441,120.0,0.0,-12.84096031673016,1.856553937239369,-3.882551360909929,-38.43958641617428,0.4946575095791559,0.6321408626117773,7.761141075016894,4.617852034214593,4.497117588538913,1.7421903928047868,2.8587536098102646,6.993746808586366,-9.8092215846234,-8.198862539674337,3574.0,2.0,4.0,4.0,4.0,4.0,4.0,4.0,4.0,4.0,4.0,4.0,4.0,4.0,4.0,4.0,100.0,0.5760984420776367,0.37054443359375,-0.5885009765625,0.42950439453125,1.007827877998352,-0.151369497179985,-0.0493171587586402,-50.543983459472656,-105.2750473022461,3.4393835067749023,,,,,,,,,,,,,,,,,,,,,,,,,,,,,
13050,1754692296.553082,101.79010605812071,1754692296.6242452,121.0,0.0,-5.061078796857146,4.70302023033355,-1.9233825791093293,1.703928639568403,0.4750890466111741,0.0003448183811087,3.8116813228416495,1.2747379906513745,-6.565389668861826,-1.9872662591392327,-7.00378854236078,6.915527775048759,-1.5193895616926056,1.975937904729108,3306.0,2.0,4.0,4.0,4.0,4.0,4.0,4.0,4.0,4.0,4.0,4.0,4.0,4.0,4.0,4.0,100.0,,,,,,,,,,,,,,,,,,,,,,,,,,,,,,,,,,,,,,,
13051,1754692296.560885,101.79790902137756,1754692296.631948,122.0,0.0,2.12787589316207,8.340751932666478,-0.762248740150028,-2.570235816388106,3.444129340458801,-0.205123828676335,-1.926282739549663,-7.912544658150693,-8.743306942946276,-0.6555241496321855,-7.7686751924202895,0.5474100407754463,11.93938145799524,3.990175206118181,3610.0,2.0,4.0,4.0,4.0,4.0,4.0,4.0,4.0,4.0,4.0,4.0,4.0,4.0,4.0,4.0,100.0,,,,,,,,,,,,,,,,,,,,,,,,,,,,,,,,,,,,,,,
13052,1754692296.568688,101.8057119846344,1754692296.639751,123.0,0.0,4.298242750445638,7.591253183301319,0.0476184432249056,11.385828913234832,2.616349789899573,-0.5366293020521198,-3.86362100261988,-7.957884228127682,-5.263781683068032,-0.949559405228797,-0.2695397836733946,-1.8834640678097685,10.777658433123976,-3.323018424806037,3543.0,2.0,4.0,4.0,4.0,4.0,4.0,4.0,4.0,4.0,4.0,4.0,4.0,4.0,4.0,4.0,100.0,,,,,,,,,,,,,,,,,,,,,,,,,,,,,,,,,,,,,,,
13053,1754692296.576491,101.8135151863098,1754692296.647454,124.0,0.0,6.304389139384,3.4706069807911604,-0.481235063052793,24.421959632254985,-4.707908139437279,-4.566795114288709,-3.738680872442785,-0.1608439168290374,-5.800423678411846,-5.867647869289669,1.7217424778786494,1.2824705200623043,4.444570002950229,2.4727349878812106,3574.0,2.0,4.0,4.0,4.0,4.0,4.0,4.0,4.0,4.0,4.0,4.0,4.0,4.0,4.0,4.0,100.0,0.5750047564506531,0.36993408203125,-0.58892822265625,0.430908203125,1.006851315498352,-0.1381857097148895,-0.0449225604534149,-51.29167556762695,-105.5741195678711,4.486152648925781,,,,,,,,,,,,,,,,,,,,,,,,,,,,,
13054,1754692296.584294,101.82131814956664,1754692296.6553571,125.0,0.0,6.787089867126099,-1.4178137538789883,-1.045384306740914,17.5154274726645,-7.939808963186067,-4.474768285253219,-0.3559504148035444,3.8437263764029126,2.161520321632281,-5.43522193896996,-4.478935173203979,2.2596618617606623,-0.97099179911919,12.074281024834193,3306.0,2.0,4.0,4.0,4.0,4.0,4.0,4.0,4.0,4.0,4.0,4.0,4.0,4.0,4.0,4.0,100.0,,,,,,,,,,,,,,,,,,,,,,,,,,,,,,,,,,,,,,,
13055,1754692296.592097,101.82912111282349,1754692296.663161,126.0,0.0,3.234248615742388,-3.04501899024973,-2.941623102151709,17.977036578399918,-3.654307948960934,2.020679055222616,4.279632066459442,1.525545134508036,9.554607414241843,-1.4191548305701076,-10.594089338004608,-4.97466775025606,-5.747144601862885,4.8058825088252775,3610.0,2.0,4.0,4.0,4.0,4.0,4.0,4.0,4.0,4.0,4.0,4.0,4.0,4.0,4.0,4.0,100.0,,,,,,,,,,,,,,,,,,,,,,,,,,,,,,,,,,,,,,,
13056,1754692296.5999,101.83692407608032,1754692296.670964,127.0,0.0,0.3863807671062886,-3.9091109322545208,-4.852073687735015,19.521425880029145,-2.208227681206722,4.277012460859055,6.380625000593113,2.7390505842616903,1.368728139775499,1.8972254492326783,-8.816439573952835,-5.6354666704688725,2.118572663232385,-2.392618990147298,52.0,2.0,4.0,4.0,4.0,4.0,4.0,4.0,4.0,4.0,4.0,4.0,4.0,4.0,4.0,4.0,100.0,,,,,,,,,,,,,,,,,,,,,,,,,,,,,,,,,,,,,,,
13057,1754692296.607703,101.84472703933716,1754692296.678667,0.0,0.0,0.295427909984653,-6.780229358400732,-2.2524255057826963,20.793563216667,-7.355164703191178,-1.855976031665989,3.0484570554742163,6.635297696747045,-4.59188593526352,1.148199434421883,0.7627409346893614,-1.7732983992557934,9.938351800975113,0.6268746021343645,3313.0,2.0,4.0,4.0,4.0,4.0,4.0,4.0,4.0,4.0,4.0,4.0,4.0,4.0,4.0,4.0,100.0,0.5739386677742004,0.369140625,-0.58966064453125,0.4320068359375,1.0127108097076416,-0.1552758067846298,-0.0463874265551567,-50.09536743164063,-105.87319946289062,4.187075614929199,,,,,,,,,,,,,,,,,,,,,,,,,,,,,
13058,1754692296.615506,101.852530002594,1754692296.6865702,1.0,0.0,0.5298119631780196,-2.731024373621437,0.2740755862888022,22.74544164454261,-5.8772377056101845,-4.462496646967281,-1.5365582867870555,2.8233901878748497,4.077558671742793,-2.70135982918913,5.632875299436421,-7.61504153380605,3.033926010567086,0.3077387416888655,3498.0,2.0,4.0,4.0,4.0,4.0,4.0,4.0,4.0,4.0,4.0,4.0,4.0,4.0,4.0,4.0,100.0,,,,,,,,,,,,,,,,,,,,,,,,,,,,,,,,,,,,,,,
13059,1754692296.623309,101.86033296585084,1754692296.6943731,2.0,0.0,3.3676230610198843,5.201162701791844,-0.7763512654483122,27.125534408566608,2.214471786904113,-1.7405151668677092,-2.081929290498948,-3.6277015261717054,4.555057252857267,-6.015716902498781,-0.4739537055816356,-12.098054510994215,-1.2408326092920845,0.7314871897646924,3511.0,2.0,4.0,4.0,4.0,4.0,4.0,4.0,4.0,4.0,4.0,4.0,4.0,4.0,4.0,4.0,100.0,,,,,,,,,,,,,,,,,,,,,,,,,,,,,,,,,,,,,,,
13060,1754692296.631112,101.86813616752625,1754692296.702177,3.0,0.0,5.496419840952825,7.533261673910914,0.1398157192923861,30.49963538507322,2.198100581442617,-3.366185933194771,-2.564015923434141,-2.831441473605679,-6.446404579895585,-7.726808403088995,-4.966801437698592,-6.416930961592385,5.894108626245355,7.146423658283624,3600.0,2.0,4.0,4.0,4.0,4.0,4.0,4.0,4.0,4.0,4.0,4.0,4.0,4.0,4.0,4.0,100.0,,,,,,,,,,,,,,,,,,,,,,,,,,,,,,,,,,,,,,,
13061,1754692296.638915,101.87593913078308,1754692296.70988,4.0,0.0,7.446384970086569,7.411870624947483,1.9825636172341767,28.662267074188662,-3.4992175833561987,-6.703390069102966,-6.944959673432436,-4.1929295255639545,-9.243722792406857,-5.216914576794693,-1.8375975727093417,-2.0941599538440414,7.487831352904664,10.087975864120494,3632.0,2.0,4.0,4.0,4.0,4.0,4.0,4.0,4.0,4.0,4.0,4.0,4.0,4.0,4.0,4.0,100.0,0.5734674334526062,0.36810302734375,-0.5904541015625,0.43243408203125,1.006851315498352,-0.1650415807962417,-0.0502937361598014,-51.44121551513672,-106.47135162353516,4.33661413192749,,,,,,,,,,,,,,,,,,,,,,,,,,,,,
13062,1754692296.646718,101.88374209403992,1754692296.717783,5.0,0.0,9.146208596249124,9.569252877490923,2.320586711293544,23.896697746930585,-4.234581879997933,-7.357334266581148,-10.40963323053282,-9.186094588424822,-5.2425521246753135,-2.0392604004426005,0.918112842744648,-2.267914425042619,2.4693192862782496,8.076289989842024,3492.0,2.0,4.0,4.0,4.0,4.0,4.0,4.0,4.0,4.0,4.0,4.0,4.0,4.0,4.0,4.0,100.0,,,,,,,,,,,,,,,,,,,,,,,,,,,,,,,,,,,,,,,
13063,1754692296.654521,101.89154505729675,1754692296.7255862,6.0,0.0,11.490007009204191,12.6821951933091,2.6229990633762554,16.228405808855996,-3.881797944549589,-5.8082629583716425,-10.867518780871478,-5.059184319230326,-3.438764586248226,-0.3995407556856207,-1.8044654115853973,0.446400003417466,-1.4559283932692324,7.911098024544344,3505.0,2.0,4.0,4.0,4.0,4.0,4.0,4.0,4.0,4.0,4.0,4.0,4.0,4.0,4.0,4.0,100.0,,,,,,,,,,,,,,,,,,,,,,,,,,,,,,,,,,,,,,,
13064,1754692296.662324,101.8993480205536,1754692296.7333891,7.0,0.0,12.167891360087935,11.367553390653768,5.203318313838111,13.584831625712296,-6.419049660489861,-5.442691465407449,-9.410169056833354,-1.9771727773110683,-3.1446895733199085,-1.2700123033984596,-2.6044751431028885,3.018508269191273,-4.619974536089273,5.394497750192215,3484.0,2.0,4.0,4.0,4.0,4.0,4.0,4.0,4.0,4.0,4.0,4.0,4.0,4.0,4.0,4.0,100.0,,,,,,,,,,,,,,,,,,,,,,,,,,,,,,,,,,,,,,,
13065,1754692296.670127,101.90715098381042,1754692296.7410932,8.0,0.0,9.127620478510607,7.532165000164014,6.012754128820461,18.09925857793928,-5.526180549022911,-3.846118616897229,-6.0645482982793055,-6.721458486314759,-4.569531730801145,-4.026351533317438,1.968413147244292,3.789408244573451,-3.9104108907611135,4.581837251138722,3615.0,2.0,4.0,4.0,4.0,4.0,4.0,4.0,4.0,4.0,4.0,4.0,4.0,4.0,4.0,4.0,100.0,0.5731840133666992,0.36749267578125,-0.591064453125,0.4324951171875,0.9975737929344176,-0.150881215929985,-0.0571297779679298,-50.543983459472656,-105.87319946289062,4.187075614929199,,,,,,,,,,,,,,,,,,,,,,,,,,,,,
13066,1754692296.67793,101.91495418548584,1754692296.748796,9.0,0.0,6.11263836540428,3.288091590447209,2.9586036903876334,15.14031015946938,-1.7422902238579925,-2.4288684902770115,-6.542115352050416,-9.604631388637074,-8.607516150331605,-5.464809066529881,4.100255778718008,0.3643548626220649,-1.0753381415100307,9.113736533304008,3587.0,2.0,4.0,4.0,4.0,4.0,4.0,4.0,4.0,4.0,4.0,4.0,4.0,4.0,4.0,4.0,100.0,,,,,,,,,,,,,,,,,,,,,,,,,,,,,,,,,,,,,,,
13067,1754692296.685733,101.92275714874268,1754692296.7565992,10.0,0.0,7.691677515063247,2.906414773762436,3.570809811772733,5.441615502453033,0.0026788219304307,-4.675599111953716,-11.04130593777495,-4.425898523792284,-5.44239614457797,-2.638475715030154,4.7104735260252255,0.5495964172853292,-8.517407589775758,9.162879338651464,3612.0,2.0,4.0,4.0,4.0,4.0,4.0,4.0,4.0,4.0,4.0,4.0,4.0,4.0,4.0,4.0,100.0,,,,,,,,,,,,,,,,,,,,,,,,,,,,,,,,,,,,,,,
13068,1754692296.693536,101.93056011199953,1754692296.7644022,11.0,0.0,7.56943650399171,0.3868029577920424,5.052973434988871,1.591989790646949,-0.771348541059524,-4.767374455658683,-13.29839470459956,-0.6875938181974561,-1.5715724523770405,-0.2748925376236002,-1.1750781183877734,2.501692719206403,-19.28761667593926,2.5689502930699746,3550.0,2.0,4.0,4.0,4.0,4.0,4.0,4.0,4.0,4.0,4.0,4.0,4.0,4.0,4.0,4.0,100.0,,,,,,,,,,,,,,,,,,,,,,,,,,,,,,,,,,,,,,,
13069,1754692296.701339,101.93836307525636,1754692296.7721062,12.0,0.0,3.6181104344357777,-2.424535163039934,3.5314404316566765,3.3413982406871696,-0.0389949315742228,-1.180334551121348,-10.49725001375026,-2.544212015907931,-0.7087333889423348,2.915512291886728,-5.877128624557997,2.379945091234561,-7.32381747331732,1.6013526674644822,3555.0,2.0,4.0,4.0,4.0,4.0,4.0,4.0,4.0,4.0,4.0,4.0,4.0,4.0,4.0,4.0,100.0,0.5730356574058533,0.3671875,-0.59130859375,0.4326171875,0.9980621337890624,-0.1503929197788238,-0.048340581357479,-50.39444732666016,-105.7236557006836,3.887998819351196,,,,,,,,,,,,,,,,,,,,,,,,,,,,,
13070,1754692296.709142,101.94616603851318,1754692296.779809,13.0,0.0,0.4858249722794312,0.3148777568428045,-0.2854013797703487,4.092282463314575,-1.8856671156661944,-3.017845619609318,-9.07007422658154,-7.476114178249929,-0.7752437698844119,2.373752717463219,-0.0370444126918414,0.2698738959063007,8.228148321234073,1.91278005298426,3308.0,2.0,4.0,4.0,4.0,4.0,4.0,4.0,4.0,4.0,4.0,4.0,4.0,4.0,4.0,4.0,100.0,,,,,,,,,,,,,,,,,,,,,,,,,,,,,,,,,,,,,,,
13071,1754692296.716945,101.95396900177002,1754692296.787712,14.0,0.0,3.744220128852021,7.680693035843205,0.4706772837341759,7.755968664854436,-4.204218323813848,-0.6496224956961214,-5.472993814987831,-5.551238115548813,-2.594782833084764,-2.6245806831245773,7.933280901028183,0.0408599151712678,1.298091503142814,0.3151371810051842,3612.0,2.0,4.0,4.0,4.0,4.0,4.0,4.0,4.0,4.0,4.0,4.0,4.0,4.0,4.0,4.0,100.0,,,,,,,,,,,,,,,,,,,,,,,,,,,,,,,,,,,,,,,
13072,1754692296.724748,101.96177196502686,1754692296.795515,15.0,0.0,2.6255781577634707,6.093208365481246,-1.2637986005223638,5.8205678736263735,-5.220845437054209,5.069844402861804,-1.7875709271869482,0.1655964981238185,-5.110300835151406,-4.145355470944537,3.742891022503159,-1.5585094720512416,-10.317517988295208,2.221168792314643,3550.0,2.0,4.0,4.0,4.0,4.0,4.0,4.0,4.0,4.0,4.0,4.0,4.0,4.0,4.0,4.0,100.0,,,,,,,,,,,,,,,,,,,,,,,,,,,,,,,,,,,,,,,
13073,1754692296.732551,101.96957516670228,1754692296.803319,16.0,0.0,0.0523945329122739,0.5406928706274243,-1.6409439664290062,-4.742925703700223,-4.466604276646706,2.469513773421056,3.449728425815863,2.879685262270357,-2.187058678503547,1.7297962331639951,-2.738010495202218,-2.535614416887313,1.571219651695117,5.036045051882354,0.0,2.0,4.0,4.0,4.0,4.0,4.0,4.0,4.0,4.0,4.0,4.0,4.0,4.0,4.0,4.0,100.0,0.5728024840354919,0.36712646484375,-0.59112548828125,0.4332275390625,1.0024566650390625,-0.1386739909648895,-0.0439459830522537,-50.09536743164063,-105.87319946289062,4.486152648925781,,,,,,,,,,,,,,,,,,,,,,,,,,,,,
13074,1754692296.740354,101.9773781299591,1754692296.811022,17.0,0.0,2.5428859198460145,0.6600796436692349,3.946366941885629,-11.865596213743116,-6.114985232109973,-1.9552366084598705,8.954502400696185,1.26594136119553,-0.3686801763373637,-1.481173056267778,-0.0739477331998728,-1.6434594060469294,6.804139536345303,-0.9016465528588355,0.0,2.0,4.0,4.0,4.0,4.0,4.0,4.0,4.0,4.0,4.0,4.0,4.0,4.0,4.0,4.0,100.0,,,,,,,,,,,,,,,,,,,,,,,,,,,,,,,,,,,,,,,
13075,1754692296.748157,101.98518109321594,1754692296.8189251,18.0,0.0,4.953044659689397,7.572387163945962,6.896057264568583,-8.32952382756929,-6.629103314306747,-1.1710770380397548,4.9691180957955225,-0.5915404163130802,-1.9301730625153937,-10.555837345527095,3.5918812401126274,1.752661897099017,-3.553920985450702,-3.0508762945821104,0.0,2.0,4.0,4.0,4.0,4.0,4.0,4.0,4.0,4.0,4.0,4.0,4.0,4.0,4.0,4.0,100.0,,,,,,,,,,,,,,,,,,,,,,,,,,,,,,,,,,,,,,,
13076,1754692296.75596,101.99298405647278,1754692296.826728,19.0,0.0,2.390359160836624,14.095917218849308,5.848553767329804,-4.475948916857533,-5.242934744482454,-1.2657872494053208,-3.166079469019905,-1.5372533944339466,0.5091609261387475,-8.14395348794801,0.9673772971643756,4.025724128315915,-1.9235013995964887,5.027501127161258,0.0,2.0,4.0,4.0,4.0,4.0,4.0,4.0,4.0,4.0,4.0,4.0,4.0,4.0,4.0,4.0,100.0,,,,,,,,,,,,,,,,,,,,,,,,,,,,,,,,,,,,,,,
13077,1754692296.763763,102.0007870197296,1754692296.834631,20.0,0.0,1.5030896640532203,15.557416365354072,5.063926097503497,-6.35908874433477,-6.251184699891894,-3.518004817562144,-1.029197097248982,-2.7260301677720804,-0.6420060767964628,-0.4777109239221886,-4.47023705608359,2.110757183443127,4.77910223580551,8.368262192640884,0.0,2.0,4.0,4.0,4.0,4.0,4.0,4.0,4.0,4.0,4.0,4.0,4.0,4.0,4.0,4.0,100.0,0.5730748176574707,0.36676025390625,-0.5908203125,0.43359375,0.993667483329773,-0.1445334553718567,-0.0307621881365776,-50.99259948730469,-105.5741195678711,4.785229206085205,,,,,,,,,,,,,,,,,,,,,,,,,,,,,
13078,1754692296.771566,102.00858998298644,1754692296.8424342,21.0,0.0,3.3883425669423275,12.417936823268036,3.71677077521278,-9.57656467873997,-1.4325981254810642,-3.734174578690301,7.8631984192893185,-1.576983583008797,-4.997684506025991,-2.130384704727504,-7.278293891114146,2.408091431435849,-0.6390637816832907,4.424638878069317,0.0,2.0,4.0,4.0,4.0,4.0,4.0,4.0,4.0,4.0,4.0,4.0,4.0,4.0,4.0,4.0,100.0,,,,,,,,,,,,,,,,,,,,,,,,,,,,,,,,,,,,,,,
13079,1754692296.779369,102.01639318466188,1754692296.850338,22.0,0.0,2.170854735318187,10.902069192139097,1.3761561113996663,-9.718966492831044,6.420167352785882,-2.120135410212754,8.862834608077662,4.704576002191914,-2.516392511648576,-11.455934617828971,-6.755928103635199,3.219047380382051,-7.24562330267878,-0.0781782037952893,0.0,2.0,4.0,4.0,4.0,4.0,4.0,4.0,4.0,4.0,4.0,4.0,4.0,4.0,4.0,4.0,100.0,,,,,,,,,,,,,,,,,,,,,,,,,,,,,,,,,,,,,,,
13080,1754692296.787172,102.0241961479187,1754692296.8581412,23.0,0.0,-2.18945449806256,10.140649857294877,1.997904480253737,-10.020048425034702,4.741814345195735,4.0354541051781325,7.145922725148694,8.392284780948785,3.540815712299945,-11.942739930132348,-8.061798611684253,-0.22853690834404,-8.022437363939162,-3.875559872581789,0.0,2.0,4.0,4.0,4.0,4.0,4.0,4.0,4.0,4.0,4.0,4.0,4.0,4.0,4.0,4.0,100.0,,,,,,,,,,,,,,,,,,,,,,,,,,,,,,,,,,,,,,,
13081,1754692296.794975,102.03199911117554,1754692296.866044,24.0,0.0,-5.771290311531999,5.198723866805352,0.9349213970350264,-10.623105157816468,-1.2929705754944791,8.802929390770345,9.364775937488588,6.551664658114618,6.69584526230355,-1.1928781336640952,-9.669571603490937,-0.5409001573929402,-5.0877582933223096,-4.570802762081172,0.0,2.0,4.0,4.0,4.0,4.0,4.0,4.0,4.0,4.0,4.0,4.0,4.0,4.0,4.0,4.0,100.0,0.5735116600990295,0.36669921875,-0.5902099609375,0.43389892578125,1.0005035400390625,-0.1333028227090835,-0.0292973220348358,-51.88983154296875,-105.4245834350586,3.5889220237731934,,,,,,,,,,,,,,,,,,,,,,,,,,,,,
13082,1754692296.802778,102.03980207443236,1754692296.873847,25.0,0.0,-5.876443284857942,0.4190182556790205,-2.888100432306146,-6.667870378069438,1.912033875909856,5.60530150731438,8.28657774672729,4.387889206698674,4.510483744938483,-2.353480418778417,-6.996489843490053,1.3620499452467811,-1.734374014007244,-1.1050364184425234,0.0,2.0,4.0,4.0,4.0,4.0,4.0,4.0,4.0,4.0,4.0,4.0,4.0,4.0,4.0,4.0,100.0,,,,,,,,,,,,,,,,,,,,,,,,,,,,,,,,,,,,,,,
13083,1754692296.810581,102.0476050376892,1754692296.88175,26.0,0.0,-4.668666689590992,-4.49126600514208,-2.462203122795273,-4.665272413835538,4.76972614033204,4.108188051639189,4.52696371413478,5.3280120625215375,3.262540808378816,-10.492627395244,1.2791258377903605,2.650151502330317,-2.4821611861862323,-1.8643758860150967,0.0,2.0,4.0,4.0,4.0,4.0,4.0,4.0,4.0,4.0,4.0,4.0,4.0,4.0,4.0,4.0,100.0,,,,,,,,,,,,,,,,,,,,,,,,,,,,,,,,,,,,,,,
13084,1754692296.818384,102.05540800094604,1754692296.889553,27.0,0.0,-5.2233717845819285,-11.744047897443494,-1.3585235068429995,-7.241199529017564,3.5169375670357965,7.033496366776575,5.682604647252532,5.987422075026728,2.808392697611538,-3.3831758666305234,4.17931046339217,2.2383118805119864,-2.7778814504960394,-6.609528993802911,0.0,2.0,4.0,4.0,4.0,4.0,4.0,4.0,4.0,4.0,4.0,4.0,4.0,4.0,4.0,4.0,100.0,,,,,,,,,,,,,,,,,,,,,,,,,,,,,,,,,,,,,,,
13085,1754692296.826187,102.06321096420288,1754692296.8974562,28.0,0.0,-6.918825966785988,-21.43395235872842,-2.6412094127119587,-9.080463636799976,7.575547934222669,3.1643909903453107,4.738085716659299,1.8353929850166253,4.345734593538765,4.777401970510965,-2.510685423808553,-0.7122597176646366,1.212438376689562,-4.693802391405114,0.0,2.0,4.0,4.0,4.0,4.0,4.0,4.0,4.0,4.0,4.0,4.0,4.0,4.0,4.0,4.0,100.0,0.3259730637073517,0.62908935546875,-0.29449462890625,0.64129638671875,1.0122225284576416,-0.1328145265579223,-0.0336919203400611,-51.29167556762695,-104.82643127441406,4.486152648925781,,,,,,,,,,,,,,,,,,,,,,,,,,,,,
13086,1754692296.83399,102.0710141658783,1754692296.90526,29.0,0.0,-6.618909427269102,-25.296100632550463,-2.655963346804185,-5.724079856568608,7.709846540379146,-0.711433377447122,-0.3930995917049245,-0.1672747613734486,12.52089426904098,4.34494403968796,-1.7150937775468833,0.4221631166259953,5.185641856721929,0.8757576985626088,0.0,2.0,4.0,4.0,4.0,4.0,4.0,4.0,4.0,4.0,4.0,4.0,4.0,4.0,4.0,4.0,100.0,,,,,,,,,,,,,,,,,,,,,,,,,,,,,,,,,,,,,,,
13087,1754692296.841793,102.07881712913512,1754692296.9131632,30.0,0.0,-7.816598102439286,-27.059953344783764,-3.3115759611794715,-5.560895968714988,1.6873699361842114,1.5881312891903576,-0.5796152997007198,-1.6091174267897372,8.419251161435739,3.430398530466107,4.459753100142905,1.4424178408982584,3.1017531046701947,-2.3193634832730936,0.0,2.0,4.0,4.0,4.0,4.0,4.0,4.0,4.0,4.0,4.0,4.0,4.0,4.0,4.0,4.0,100.0,,,,,,,,,,,,,,,,,,,,,,,,,,,,,,,,,,,,,,,
13088,1754692296.849596,102.08662009239195,1754692296.920966,31.0,0.0,-6.259149023522411,-29.18288246871788,-1.2477642272680782,-8.624089838733823,10.120965476752929,3.554162360565272,3.954298149400813,-1.8973560415008133,-4.388862734372822,9.6070178996477,3.947631569414,0.4010453455860556,2.010272152990467,-2.3791284254140805,0.0,2.0,4.0,4.0,4.0,4.0,4.0,4.0,4.0,4.0,4.0,4.0,4.0,4.0,4.0,4.0,100.0,,,,,,,,,,,,,,,,,,,,,,,,,,,,,,,,,,,,,,,
13089,1754692296.857399,102.0944230556488,1754692296.928669,32.0,0.0,-2.1696276766643336,-32.76749985666726,0.7222623228121279,-11.142460105926205,17.902195520286966,-1.418409014100746,2.9411359569466526,-0.9130132194391648,-5.98611506219828,12.341838845331438,-1.4259835476260037,0.901612471945498,1.3620227061259698,3.2454216743607844,0.0,2.0,4.0,4.0,4.0,4.0,4.0,4.0,4.0,4.0,4.0,4.0,4.0,4.0,4.0,4.0,100.0,0.3257257640361786,0.62890625,-0.29449462890625,0.6416015625,0.991714358329773,-0.1411154419183731,-0.0375982299447059,-51.14213943481445,-106.17227172851562,5.383382797241211,,,,,,,,,,,,,,,,,,,,,,,,,,,,,
13090,1754692296.865202,102.10222601890564,1754692296.9364722,33.0,0.0,-1.2574210402552808,-32.55837512049891,-0.4099222593021068,-10.520125514139067,7.79334391531313,-2.207900180749561,1.866395684225722,2.563232730045115,1.103516868437623,11.05422231842124,-2.4421943281594167,1.6541237482643965,-2.069740517171226,1.3209476965504336,0.0,2.0,4.0,4.0,4.0,4.0,4.0,4.0,4.0,4.0,4.0,4.0,4.0,4.0,4.0,4.0,100.0,,,,,,,,,,,,,,,,,,,,,,,,,,,,,,,,,,,,,,,
13091,1754692296.873005,102.11002898216248,1754692296.944176,34.0,0.0,-0.4195689573504637,-24.70419797360563,-1.3874432778690675,-2.907374874199093,0.925524256021447,3.45148619873936,2.105292791281784,3.528319792000559,0.9602560348469638,10.51131376213317,0.3535395104893837,-0.1066970550224937,-4.288459761146839,-2.430903302397553,0.0,2.0,4.0,4.0,4.0,4.0,4.0,4.0,4.0,4.0,4.0,4.0,4.0,4.0,4.0,4.0,100.0,,,,,,,,,,,,,,,,,,,,,,,,,,,,,,,,,,,,,,,
13092,1754692296.880808,102.11783218383788,1754692296.9519792,35.0,0.0,0.6723907439813388,-19.344294100423724,-0.9348525787395944,0.957508058945166,5.958107572442202,0.230411492464043,-2.2273912050864624,-1.1834596359308875,-5.19995749266451,8.772810649682413,2.719222775742253,-0.2338296513758564,-5.818849510478515,3.719133435510173,0.0,2.0,4.0,4.0,4.0,4.0,4.0,4.0,4.0,4.0,4.0,4.0,4.0,4.0,4.0,4.0,100.0,,,,,,,,,,,,,,,,,,,,,,,,,,,,,,,,,,,,,,,
13093,1754692296.888611,102.12563514709473,1754692296.959682,36.0,0.0,1.931852532132325,-17.350293931307988,0.5701998780173199,0.2665378715691986,5.851820582636719,-8.344054090170175,-2.862501008259642,-2.681843113768992,-6.521651418106558,9.711793922837389,6.9203182567175645,3.355196918875663,-6.431263661202593,7.0772003394749845,0.0,2.0,4.0,4.0,4.0,4.0,4.0,4.0,4.0,4.0,4.0,4.0,4.0,4.0,4.0,4.0,100.0,0.3255430161952972,0.62872314453125,-0.2945556640625,0.641845703125,1.011245846748352,-0.1596704125404358,-0.0288090333342552,-51.14213943481445,-105.4245834350586,5.084306240081787,,,,,,,,,,,,,,,,,,,,,,,,,,,,,
13094,1754692296.896414,102.13343811035156,1754692296.9674852,37.0,0.0,0.929524479389471,-10.947611942092266,2.7009751043489416,4.432018580948494,1.020264450206156,-6.686502111634894,-0.7288289948272393,-2.71223907611406,-3.39286712595262,9.84560477708979,10.344916067191347,0.404830731366161,-1.0925579814989703,-0.5219687128704606,0.0,2.0,4.0,4.0,4.0,4.0,4.0,4.0,4.0,4.0,4.0,4.0,4.0,4.0,4.0,4.0,100.0,,,,,,,,,,,,,,,,,,,,,,,,,,,,,,,,,,,,,,,
13095,1754692296.904217,102.1412410736084,1754692296.975189,38.0,0.0,-2.3176591188125144,-3.8091353468816473,0.4243086534725648,9.154033560200844,1.328415069373989,2.09458970709926,-2.6858089759256814,-7.008366769024121,-1.349746300591903,6.315036312265931,7.753548685483167,-7.732723686280622,6.492540181669995,-4.511417824641683,0.0,2.0,4.0,4.0,4.0,4.0,4.0,4.0,4.0,4.0,4.0,4.0,4.0,4.0,4.0,4.0,100.0,,,,,,,,,,,,,,,,,,,,,,,,,,,,,,,,,,,,,,,
13096,1754692296.91202,102.14904403686523,1754692296.9829922,39.0,0.0,-3.488400335560613,-3.310001253726199,-3.5473269149175337,5.204533765272032,5.857701336784345,5.620865474283534,0.4173472860260574,-7.243508418384948,-1.1924870898561435,3.90950463028085,4.425823188326746,-7.799268457861757,-0.3152921676445146,-0.446494257846183,0.0,2.0,4.0,4.0,4.0,4.0,4.0,4.0,4.0,4.0,4.0,4.0,4.0,4.0,4.0,4.0,100.0,,,,,,,,,,,,,,,,,,,,,,,,,,,,,,,,,,,,,,,
13097,1754692296.919823,102.15684700012208,1754692296.990695,40.0,0.0,-1.921771084391139,-5.336626733255116,-4.0791105274036,-2.388556005381133,7.068163183634397,1.4695942353712326,3.827555814613561,-2.312439928080721,-0.7754805003357887,4.839660050259454,6.749973946149794,-0.5416857783272917,-8.879739050641547,2.6427832465312804,0.0,2.0,4.0,4.0,4.0,4.0,4.0,4.0,4.0,4.0,4.0,4.0,4.0,4.0,4.0,4.0,100.0,0.3258213996887207,0.6285400390625,-0.29437255859375,0.6419677734375,1.006851315498352,-0.1591821163892746,-0.0258793011307716,-49.64675521850586,-106.47135162353516,4.33661413192749,,,,,,,,,,,,,,,,,,,,,,,,,,,,,
13098,1754692296.927626,102.1646499633789,1754692296.998598,41.0,0.0,-0.6983695050737424,-0.154907756152852,-5.239239167857022,0.2001624250799523,3.170360842483433,-0.5734424130916977,-0.5317472077574621,-0.788574837517217,-0.9482926246653278,4.080624073546687,7.0796683225555626,0.2619958830530322,-3.304108086655788,2.2848834114599867,0.0,2.0,4.0,4.0,4.0,4.0,4.0,4.0,4.0,4.0,4.0,4.0,4.0,4.0,4.0,4.0,100.0,,,,,,,,,,,,,,,,,,,,,,,,,,,,,,,,,,,,,,,
13099,1754692296.935429,102.17245316505432,1754692297.006402,42.0,0.0,-4.035366495915497,6.14133218789604,-6.059276479102465,3.645313005166116,-2.74917865747355,1.55131665531664,-2.067015586853614,-2.639131843569686,4.483457835331336,4.633386162287223,2.3443750154649194,-5.514995794034604,2.057466293461374,-2.1431448815122,0.0,2.0,4.0,4.0,4.0,4.0,4.0,4.0,4.0,4.0,4.0,4.0,4.0,4.0,4.0,4.0,100.0,,,,,,,,,,,,,,,,,,,,,,,,,,,,,,,,,,,,,,,
13100,1754692296.943232,102.18025612831116,1754692297.014205,43.0,0.0,-5.567455751658883,7.456140247047358,-3.394320364511543,1.264686996907301,-4.899244529798409,1.4429875971647448,-0.4246651652477453,-0.8271264470125175,9.687860038540464,8.189353025252956,4.3074240529533085,-3.020888731602384,0.6519020613488351,-4.844792868398429,0.0,2.0,4.0,4.0,4.0,4.0,4.0,4.0,4.0,4.0,4.0,4.0,4.0,4.0,4.0,4.0,100.0,,,,,,,,,,,,,,,,,,,,,,,,,,,,,,,,,,,,,,,
13101,1754692296.951035,102.188059091568,1754692297.021908,44.0,0.0,-1.7490340456319302,6.073415538614512,-2.6974452113658174,0.9776340790673146,-0.8883135663039923,-3.1860766943117653,-4.17159705704708,3.628131334996027,1.7367272130601066,3.054303790179887,5.833653694924664,0.8294436885631455,-2.5638499136413486,-1.3969112452931824,0.0,2.0,4.0,4.0,4.0,4.0,4.0,4.0,4.0,4.0,4.0,4.0,4.0,4.0,4.0,4.0,100.0,0.3255204558372497,0.62841796875,-0.29443359375,0.6422119140625,0.9897611737251282,-0.1591821163892746,-0.0322270542383194,-50.99259948730469,-104.82643127441406,5.23384428024292,,,,,,,,,,,,,,,,,,,,,,,,,,,,,
13102,1754692296.958838,102.19586205482484,1754692297.0298111,45.0,0.0,1.149237944366405,11.35309516014854,-3.16600746572999,3.310893071007968,1.211532102172214,-4.82064410822818,-3.911625417871392,7.18674749498291,3.819730824262706,-1.778514638626575,-1.1407051815033356,-0.8698680319382674,-5.451848879895579,1.283432200251582,0.0,2.0,4.0,4.0,4.0,4.0,4.0,4.0,4.0,4.0,4.0,4.0,4.0,4.0,4.0,4.0,100.0,,,,,,,,,,,,,,,,,,,,,,,,,,,,,,,,,,,,,,,
13103,1754692296.966641,102.20366501808168,1754692297.037614,46.0,0.0,0.3882286292875676,21.20102270724621,-2.020295812252044,6.361311111108279,-3.925456423606903,2.644300346293875,1.472734345605403,3.4708086079346856,10.354150006631444,-2.722001523711043,-8.200406847646065,-1.7368056936527694,-1.4969688995056742,-3.8984884868343954,0.0,2.0,4.0,4.0,4.0,4.0,4.0,4.0,4.0,4.0,4.0,4.0,4.0,4.0,4.0,4.0,100.0,,,,,,,,,,,,,,,,,,,,,,,,,,,,,,,,,,,,,,,
13104,1754692296.974444,102.2114679813385,1754692297.045418,47.0,0.0,3.145237178434968,23.03789884443597,-0.8202931810318432,8.461684608646124,-1.63797198026748,7.141656030494801,1.0960825195248844,-3.839589057661101,-3.708081897412171,-7.556593487939949,-8.394313789319199,-0.4446577373640821,6.209274155776825,-5.266915513081017,0.0,2.0,4.0,4.0,4.0,4.0,4.0,4.0,4.0,4.0,4.0,4.0,4.0,4.0,4.0,4.0,100.0,,,,,,,,,,,,,,,,,,,,,,,,,,,,,,,,,,,,,,,
13105,1754692296.982247,102.21927118301392,1754692297.053121,48.0,0.0,6.087818638988836,15.18960270935321,-0.3775255845383185,5.026376388981305,6.644320710601903,0.4439806552251752,-1.8812681063639616,-2.7675494801272293,-14.284839620502057,-10.215730456491483,-4.934568505226082,-1.793249473926437,2.056770976881296,-0.7075353761318297,0.0,2.0,4.0,4.0,4.0,4.0,4.0,4.0,4.0,4.0,4.0,4.0,4.0,4.0,4.0,4.0,100.0,0.3252316415309906,0.62835693359375,-0.29461669921875,0.642333984375,0.9965972304344176,-0.1591821163892746,-0.0415045395493507,-50.69352340698242,-105.4245834350586,4.33661413192749,,,,,,,,,,,,,,,,,,,,,,,,,,,,,
13106,1754692296.99005,102.22707414627077,1754692297.0610242,49.0,0.0,3.780950855297334,15.372816756439562,1.346361327930509,-0.1106664829939916,1.7959684622792622,-1.7720647331597943,1.1042040138309233,4.195350759605873,-2.7062253004023376,-6.914497837894459,-0.5844689265508975,-3.044531772941781,-1.751360984656202,-0.0279726766798091,0.0,2.0,4.0,4.0,4.0,4.0,4.0,4.0,4.0,4.0,4.0,4.0,4.0,4.0,4.0,4.0,100.0,,,,,,,,,,,,,,,,,,,,,,,,,,,,,,,,,,,,,,,
13107,1754692296.997853,102.2348771095276,1754692297.0688272,50.0,0.0,1.555935968974211,17.91824101517392,-0.4807238045136159,-1.1242660706083711,-7.721671267628096,1.930262175880728,1.1511911093912772,3.3884059044785886,4.53176731517857,-7.493262323135184,-1.1182417823756057,-1.8096165509650173,-0.1045410457836055,-4.737180160347123,0.0,2.0,4.0,4.0,4.0,4.0,4.0,4.0,4.0,4.0,4.0,4.0,4.0,4.0,4.0,4.0,100.0,,,,,,,,,,,,,,,,,,,,,,,,,,,,,,,,,,,,,,,
13108,1754692297.005656,102.24268007278442,1754692297.07663,51.0,0.0,4.192969556079561,11.66877878813807,-0.7581921118646733,2.1911475862273164,-2.3264370101012446,1.3775386228355728,1.3336694450474624,1.6593363064446294,0.61267625669484,-5.902977218910792,-2.06630184295841,0.1677103339018231,-2.5113238040612487,-4.259186998723862,0.0,2.0,4.0,4.0,4.0,4.0,4.0,4.0,4.0,4.0,4.0,4.0,4.0,4.0,4.0,4.0,100.0,,,,,,,,,,,25.0,4.0,34.19943618774414,3.0,48.01464080810547,1.0,36.0346908569336,1.0,57.96812438964844,3.0,27.504030227661133,3.0,29.39917182922364,1.0,34.642127990722656,3.0,31.3704891204834,3.0,32.717674255371094,3.0,36.23478698730469,3.0,36.95906448364258,3.0,42.32577133178711,4.0,37.21596145629883,4.0,31.88534545898437
13109,1754692297.013459,102.25048303604126,1754692297.084334,52.0,0.0,6.694601179675061,10.22664196742349,0.4297022420047653,4.704984004370687,-0.1352041017865701,-2.2708683377103114,0.1519999564294778,-0.488619336755022,-3.7152914389301657,-3.533679458593582,0.0563924310946788,-2.390809342933011,1.9135667615622936,0.3430303851606879,0.0,2.0,4.0,4.0,4.0,4.0,4.0,4.0,4.0,4.0,4.0,4.0,4.0,4.0,4.0,4.0,100.0,0.3247689306735992,0.62835693359375,-0.29486083984375,0.6424560546875,0.993667483329773,-0.1718776226043701,-0.0419928282499313,-51.29167556762695,-108.11627197265624,4.187075614929199,,,,,,,,,,,,,,,,,,,,,,,,,,,,,
13110,1754692297.021262,102.2582859992981,1754692297.092237,53.0,0.0,7.171362854944391,16.527161911088797,1.3644609277987456,4.439010008362175,-6.716368594846017,-1.5126532736105671,-1.2650988302464157,-2.166510367517958,-4.501661829201794,-4.186974716921441,-1.222489007789363,-2.381996330116408,10.2949304243773,2.745276873119792,0.0,2.0,4.0,4.0,4.0,4.0,4.0,4.0,4.0,4.0,4.0,4.0,4.0,4.0,4.0,4.0,100.0,,,,,,,,,,,,,,,,,,,,,,,,,,,,,,,,,,,,,,,
13111,1754692297.029065,102.26608896255492,1754692297.10004,54.0,0.0,3.2178138839913686,8.905644742199058,-1.3078647467459064,-2.713747977440505,-6.952410529207043,-1.0383786699957795,1.0269214953501091,0.8663353046204634,-1.279505301266397,-0.4559640009824193,-5.530502665599158,3.493373412278345,2.089366636046691,0.0990892829732388,0.0,2.0,4.0,4.0,4.0,4.0,4.0,4.0,4.0,4.0,4.0,4.0,4.0,4.0,4.0,4.0,100.0,,,,,,,,,,,,,,,,,,,,,,,,,,,,,,,,,,,,,,,
13112,1754692297.036868,102.27389216423036,1754692297.1078432,55.0,0.0,1.4431075751977858,-1.0296279429802837,-2.0929932128941857,-4.754292924283988,-4.416272733910233,-1.2041216951473928,3.634979503147037,5.738469013952084,1.0313620984157694,6.475645161259848,-0.8177146320598752,8.146034140238584,-1.9331427739427056,-1.1248421326303344,0.0,2.0,4.0,4.0,4.0,4.0,4.0,4.0,4.0,4.0,4.0,4.0,4.0,4.0,4.0,4.0,100.0,,,,,,,,,,,,,,,,,,,,,,,,,,,,,,,,,,,,,,,
13113,1754692297.044671,102.28169512748718,1754692297.1155472,56.0,0.0,2.184798623750225,1.8430434306277448,0.0886959337752841,-1.340895253335134,-4.070717698075555,-3.599190080591711,4.092952151073746,4.067537385127139,-2.8026675417946763,1.5184125809226998,-1.6889388537957757,4.671790494892207,-0.6870035426596814,-1.9181129192853632,0.0,2.0,4.0,4.0,4.0,4.0,4.0,4.0,4.0,4.0,4.0,4.0,4.0,4.0,4.0,4.0,100.0,0.3241870701313019,0.62841796875,-0.29510498046875,0.642578125,0.9873197674751282,-0.1655298769474029,-0.0380865186452865,-52.33844375610352,-108.26581573486328,4.635690689086914,,,,,,,,,,,,,,,,,,,,,,,,,,,,,
13114,1754692297.052474,102.28949809074402,1754692297.12325,57.0,0.0,1.6683628531312706,3.9100246921051394,3.1956037814878755,-0.7757468856249261,0.2400936732550462,-1.1465216464440573,4.830867193138488,4.29073295312935,-1.4552036320679915,-4.909784078036978,-10.948453518193787,1.84578169696249,-7.533828569006005,-3.572369840699708,0.0,2.0,4.0,4.0,4.0,4.0,4.0,4.0,4.0,4.0,4.0,4.0,4.0,4.0,4.0,4.0,100.0,,,,,,,,,,,,,,,,,,,,,,,,,,,,,,,,,,,,,,,
13115,1754692297.060277,102.29730105400084,1754692297.131153,58.0,0.0,0.2888445758156308,-1.0989691856408967,3.0950678259853817,-3.655725931788482,-2.3866180112979123,1.45005066286177,1.492486882004698,4.776572551591755,3.753138148398023,-0.1092704832141748,-9.00622358121808,3.516135807135754,-8.898368417355357,-2.7315922665144967,0.0,2.0,4.0,4.0,4.0,4.0,4.0,4.0,4.0,4.0,4.0,4.0,4.0,4.0,4.0,4.0,100.0,,,,,,,,,,,,,,,,,,,,,,,,,,,,,,,,,,,,,,,
13116,1754692297.06808,102.30510401725768,1754692297.138956,59.0,0.0,0.1385845731679182,-2.031288331666019,1.7371115378732611,-5.111963574155652,-10.704929370359878,-2.797520369529593,-3.6118819878652175,-0.2818359442089786,8.705167380525836,5.762000805346816,2.6441941102393685,8.250114664990633,0.2130468765071782,0.3777075476168647,0.0,2.0,4.0,4.0,4.0,4.0,4.0,4.0,4.0,4.0,4.0,4.0,4.0,4.0,4.0,4.0,100.0,,,,,,,,,,,,,,,,,,,,,,,,,,,,,,,,,,,,,,,
13117,1754692297.075883,102.31290698051453,1754692297.1468592,60.0,0.0,0.0398189285519663,-1.3695956449041944,3.2750591782414347,-3.2185517937919315,-5.722086883080493,-4.215708906237097,-2.300053930581754,-1.5177182502211792,5.201838823998941,4.2398471996789056,1.5391367609294946,9.640564477552717,1.7211234766329824,-1.3877705186487503,0.0,2.0,4.0,4.0,4.0,4.0,4.0,4.0,4.0,4.0,4.0,4.0,4.0,4.0,4.0,4.0,100.0,0.3234393894672394,0.6285400390625,-0.2955322265625,0.64263916015625,1.0136873722076416,-0.1777370870113372,-0.0463874265551567,-51.74029159545898,-108.11627197265624,4.785229206085205,,,,,,,,,,,,,,,,,,,,,,,,,,,,,
13118,1754692297.083686,102.32071018218994,1754692297.154662,61.0,0.0,-0.5447496866887889,-5.315832910586465,4.448851603860334,-0.5015822884667216,3.5298924843640123,-0.0738379985488393,0.4155157058661132,-0.2033716167763088,-2.3748790062997216,1.8302446636833736,-3.949198766819478,5.021764128983108,1.4526602272308935,-3.715284687414311,0.0,2.0,4.0,4.0,4.0,4.0,4.0,4.0,4.0,4.0,4.0,4.0,4.0,4.0,4.0,4.0,100.0,,,,,,,,,,,,,,,,,,,,,,,,,,,,,,,,,,,,,,,
13119,1754692297.091489,102.32851314544678,1754692297.162466,62.0,0.0,-2.115373145706656,-7.444007470931922,0.1369115004794707,-1.1024579625914726,0.2184050699701742,-0.1473147139332127,-2.9101317406726253,-1.1543649618825498,5.739971717645346,2.3938185548399247,1.699388867279538,1.5029903779145002,4.699627002389377,-1.153558177236448,0.0,2.0,4.0,4.0,4.0,4.0,4.0,4.0,4.0,4.0,4.0,4.0,4.0,4.0,4.0,4.0,100.0,,,,,,,,,,,,,,,,,,,,,,,,,,,,,,,,,,,,,,,
13120,1754692297.099292,102.3363161087036,1754692297.170269,63.0,0.0,-2.9889523498235064,-2.9353155302313496,0.2373871684432345,-2.749352578253223,-2.1622352968518896,1.3847504570454987,-3.344251666464828,-0.3123038688266604,10.726559717550714,1.3729781619710195,9.01619240378446,2.214786094090101,0.0139898623819192,3.093098273456832,0.0,2.0,4.0,4.0,4.0,4.0,4.0,4.0,4.0,4.0,4.0,4.0,4.0,4.0,4.0,4.0,100.0,,,,,,,,,,,,,,,,,,,,,,,,,,,,,,,,,,,,,,,
13121,1754692297.107095,102.34411907196044,1754692297.178072,64.0,0.0,-2.7175158950382183,0.1036471180294711,2.8569024947231583,0.0878356257402401,1.281320379902695,5.455922803939188,-1.565091866724856,-1.5040106363331915,-6.915432657927909,-3.5758053334021724,5.835134317342522,1.456912779700701,-5.138943757207812,3.2494782532356794,3309.0,2.0,4.0,4.0,4.0,4.0,4.0,4.0,4.0,4.0,4.0,4.0,4.0,4.0,4.0,4.0,100.0,0.5711659789085388,0.364501953125,-0.5911865234375,0.4375,1.008804440498352,-0.1792019605636596,-0.0444342717528343,-50.39444732666016,-104.67688751220705,5.084306240081787,,,,,,,,,,,,,,,,,,,,,,,,,,,,,
13122,1754692297.114898,102.35192203521729,1754692297.1858752,65.0,0.0,-0.3832811574625339,-3.226875710643071,1.6784930906073896,4.247684339930402,2.4848347345018738,2.1897003005460647,-0.1947077304707818,-4.854080709834307,-18.568693992253884,-6.546530911652098,-0.4175071184731678,1.2635634948705956,-0.5047044503198777,1.7850195818914472,3510.0,2.0,4.0,4.0,4.0,4.0,4.0,4.0,4.0,4.0,4.0,4.0,4.0,4.0,4.0,4.0,100.0,,,,,,,,,,,,,,,,,,,,,,,,,,,,,,,,,,,,,,,
13123,1754692297.122701,102.35972499847412,1754692297.193678,66.0,0.0,0.6805140181394336,-5.708240231200421,0.919398110259749,3.5786830815303574,3.765887775891201,-1.4386534959977553,-1.065326206303439,-3.578756790306329,-9.029330739741567,-1.810591305850835,-1.6718206678639262,2.3627776495758326,3.1541772325232387,2.0237018980409403,3488.0,2.0,4.0,4.0,4.0,4.0,4.0,4.0,4.0,4.0,4.0,4.0,4.0,4.0,4.0,4.0,100.0,,,,,,,,,,,,,,,,,,,,,,,,,,,,,,,,,,,,,,,
13124,1754692297.130504,102.36752796173096,1754692297.201482,67.0,0.0,1.1267016279633992,-5.195737240364082,2.642724418490076,-0.0637545605523826,2.020954813476152,-2.207299427740139,-4.014485906694148,-0.967521235086764,-3.2631091620870336,4.311834337242459,-0.9969197504725288,0.82308306720725,0.2647554652050132,2.672052579702182,3623.0,2.0,4.0,4.0,4.0,4.0,4.0,4.0,4.0,4.0,4.0,4.0,4.0,4.0,4.0,4.0,100.0,,,,,,,,,,,,,,,,,,,,,,,,,,,,,,,,,,,,,,,
13125,1754692297.138307,102.37533116340636,1754692297.209285,68.0,0.0,4.1956324745391385,-2.291407121249563,4.131404474798615,0.6171544748416409,3.154694335942054,-2.202081288921022,0.5533232412029747,-1.9376784270021967,-4.865809452230337,0.1764161678319169,-0.5653045094933304,0.2034760055979632,-2.607064557294848,5.647296774360143,3612.0,2.0,4.0,4.0,4.0,4.0,4.0,4.0,4.0,4.0,4.0,4.0,4.0,4.0,4.0,4.0,100.0,0.5709918737411499,0.3642578125,-0.59136962890625,0.43768310546875,0.9951323866844176,-0.1718776226043701,-0.0400396734476089,-50.39444732666016,-105.4245834350586,3.887998819351196,,,,,,,,,,,,,,,,,,,,,,,,,,,,,
13126,1754692297.14611,102.3831341266632,1754692297.217088,69.0,0.0,4.39828675154223,-1.7146979048840765,1.8974267709680248,2.4885609534865694,8.095075157371696,0.7394239828952891,7.576563692444154,-3.626760668390205,-3.987566807226529,-7.490063696022105,-1.5581139996513116,-1.4699123765323634,-5.8617616494993285,3.2440732421080725,3513.0,2.0,4.0,4.0,4.0,4.0,4.0,4.0,4.0,4.0,4.0,4.0,4.0,4.0,4.0,4.0,100.0,,,,,,,,,,,,,,,,,,,,,,,,,,,,,,,,,,,,,,,
13127,1754692297.153913,102.39093708992004,1754692297.2248912,70.0,0.0,1.6438719358023377,-5.006416214002627,0.0026383034526702,1.6938635155768793,9.947038417905162,3.036515308237369,9.093693908247872,0.779798155806759,-1.3778543678997153,-0.9646921132650164,-0.2579319236367041,-2.690851478814409,-2.900164011385584,-1.5196935058372103,3482.0,2.0,4.0,4.0,4.0,4.0,4.0,4.0,4.0,4.0,4.0,4.0,4.0,4.0,4.0,4.0,100.0,,,,,,,,,,,,,,,,,,,,,,,,,,,,,,,,,,,,,,,
13128,1754692297.161716,102.39874005317688,1754692297.232694,71.0,0.0,-9.393216160799,-7.919209562299727,-2.741599456038728,-3.283733390191572,3.364427107628273,-2.651268944697165,2.2636692713240905,6.602166093205199,3.035720364172505,10.370863641389915,2.0090714191620123,-3.0377617276744218,4.926266540356721,-2.242258033876567,3504.0,2.0,4.0,4.0,4.0,4.0,4.0,4.0,4.0,4.0,4.0,4.0,4.0,4.0,4.0,4.0,100.0,,,,,,,,,,,,,,,,,,,,,,,,,,,,,,,,,,,,,,,
13129,1754692297.169519,102.40654301643372,1754692297.2403982,72.0,0.0,-23.09373649639727,-1.8784436611929607,-4.361613869278045,-4.130772963370674,-2.327776787091153,-4.8376993548165785,-0.8101481346637058,6.469736004949681,8.362795656602628,9.903576451257976,2.9165900100312854,-2.982296811147336,6.267918953930774,2.94492939350377,3593.0,2.0,4.0,4.0,4.0,4.0,4.0,4.0,4.0,4.0,4.0,4.0,4.0,4.0,4.0,4.0,100.0,0.5710618495941162,0.36407470703125,-0.59136962890625,0.437744140625,0.9790188670158386,-0.1772488057613372,-0.0346684977412223,-52.93659973144531,-106.62088775634766,3.738460302352905,,,,,,,,,,,,,,,,,,,,,,,,,,,,,
13130,1754692297.177322,102.41434597969057,1754692297.248101,73.0,0.0,-27.330706764201096,3.148931015680972,-3.902224273700796,-1.5855580904556348,-5.694861399322036,-0.905832024033117,2.058240164077432,1.4079861897673425,5.360196336759799,1.0483883141207286,-0.6609560008107849,-3.766777628259917,2.4045090755939498,4.125123319432731,3606.0,2.0,4.0,4.0,4.0,4.0,4.0,4.0,4.0,4.0,4.0,4.0,4.0,4.0,4.0,4.0,100.0,,,,,,,,,,,,,,,,,,,,,,,,,,,,,,,,,,,,,,,
13131,1754692297.185125,102.42214918136597,1754692297.256004,74.0,0.0,-18.234025962092005,6.918573137911494,-0.8754371096757723,1.1345649459375409,-7.203182024377043,-0.0726346340549071,0.5829777090815469,0.2388793611688697,0.1868701368706524,-6.846163478168023,1.4185769355784714,-2.384896577533823,2.167972343410497,1.1896761682058925,3602.0,2.0,4.0,4.0,4.0,4.0,4.0,4.0,4.0,4.0,4.0,4.0,4.0,4.0,4.0,4.0,100.0,,,,,,,,,,,,,,,,,,,,,,,,,,,,,,,,,,,,,,,
13132,1754692297.192928,102.4299521446228,1754692297.263807,75.0,0.0,-8.36932753190365,14.277263075895576,2.7170187583816414,4.629851867968796,-5.073725895812345,-1.612922242703803,-4.11494358589232,0.241219092153301,4.226272104176246,-10.296621913506328,9.836171849494008,-1.849723213986067,1.20323915659867,-0.8101600687276687,3548.0,2.0,4.0,4.0,4.0,4.0,4.0,4.0,4.0,4.0,4.0,4.0,4.0,4.0,4.0,4.0,100.0,,,,,,,,,,,,,,,,,,,,,,,,,,,,,,,,,,,,,,,
13133,1754692297.200731,102.43775510787964,1754692297.2717102,76.0,0.0,-5.456505444253509,19.149907754411487,1.6630459780910485,7.163229510610307,-5.7406093777879335,0.1636298856139717,-2.893556337040337,1.782119454097682,10.30681617846605,-4.450819543011932,8.499766238538285,-5.685209144565107,-0.5809145529861155,-2.846734395374625,3549.0,2.0,4.0,4.0,4.0,4.0,4.0,4.0,4.0,4.0,4.0,4.0,4.0,4.0,4.0,4.0,100.0,0.5712435245513916,0.364013671875,-0.5911865234375,0.43780517578125,0.9990386962890624,-0.1674830317497253,-0.0395513847470283,-51.88983154296875,-106.17227172851562,5.383382797241211,,,,,,,,,,,,,,,,,,,,,,,,,,,,,
13134,1754692297.208534,102.44555807113647,1754692297.279514,77.0,0.0,-2.7171991421695054,18.583164541500224,-0.0198881027157256,1.7664245090005863,-9.447557513940724,1.9939874814096183,1.779145558734541,4.70869162018758,2.2462347769357223,-1.6055014044385132,-4.162673858792772,-7.66520129277464,-1.162179864894,-0.0347890349270016,3317.0,2.0,4.0,4.0,4.0,4.0,4.0,4.0,4.0,4.0,4.0,4.0,4.0,4.0,4.0,4.0,100.0,,,,,,,,,,,,,,,,,,,,,,,,,,,,,,,,,,,,,,,
13135,1754692297.216337,102.45336103439332,1754692297.2874172,78.0,0.0,2.3881753576622486,20.181196248866627,2.4944205054309805,-1.5038096892924386,-3.96136185240016,2.792736024584656,2.0352181222385752,6.530011940646773,-0.557677124092379,-5.330798307372561,-7.351102747631785,-3.085213392001833,-2.991767615827712,1.2206538358825585,3602.0,2.0,4.0,4.0,4.0,4.0,4.0,4.0,4.0,4.0,4.0,4.0,4.0,4.0,4.0,4.0,100.0,,,,,,,,,,,,,,,,,,,,,,,,,,,,,,,,,,,,,,,
13136,1754692297.22414,102.46116399765016,1754692297.29522,79.0,0.0,2.398872172990877,20.243294685235696,2.741654742700348,-0.4058698873798221,-1.2682829231764572,2.754694513346976,0.1309900449130054,4.013445139464011,11.10277551709055,-7.700634163076074,-3.638153447852119,-2.713905215542809,-12.153320614532277,-7.788686450224532,3548.0,2.0,4.0,4.0,4.0,4.0,4.0,4.0,4.0,4.0,4.0,4.0,4.0,4.0,4.0,4.0,100.0,,,,,,,,,,,,,,,,,,,,,,,,,,,,,,,,,,,,,,,
13137,1754692297.231943,102.46896696090698,1754692297.302923,80.0,0.0,3.928550892085582,17.11207958677312,2.9039238272338253,-5.934696440887933,-4.744355986001324,6.8116184148724415,4.596246186450912,3.306882621961336,8.210984899515893,-4.303170413077737,-3.2084506437141727,-2.479626484938421,-15.357587533274568,-6.754550550837507,3549.0,2.0,4.0,4.0,4.0,4.0,4.0,4.0,4.0,4.0,4.0,4.0,4.0,4.0,4.0,4.0,100.0,0.5710664987564087,0.36407470703125,-0.59100341796875,0.438232421875,0.9970855116844176,-0.1762722283601761,-0.0273441672325134,-50.543983459472656,-106.62088775634766,4.187075614929199,,,,,,,,,,,,,,,,,,,,,,,,,,,,,
13138,1754692297.239746,102.4767701625824,1754692297.3107262,81.0,0.0,7.787477242839856,11.031840403692428,2.983680317417935,-19.43202513076685,-3.284025427618502,7.391317132499722,7.442823127401795,0.284615081614362,-12.145386779401264,-7.631638667302553,-5.295364927609711,1.5496645059651255,-6.648992271764513,3.019105589495581,3317.0,2.0,4.0,4.0,4.0,4.0,4.0,4.0,4.0,4.0,4.0,4.0,4.0,4.0,4.0,4.0,100.0,,,,,,,,,,,,,,,,,,,,,,,,,,,,,,,,,,,,,,,
13139,1754692297.247549,102.48457312583923,1754692297.3184302,82.0,0.0,9.11201780095604,5.513598068761951,2.1749759730196843,-24.80316711941299,0.9607962659993632,4.7896463925686135,5.88025869701238,-3.713306058479645,-13.079265758056806,-15.348853445464954,-5.559393024453527,1.2512270932793967,-1.1056848848629102,1.201738242929025,3602.0,2.0,4.0,4.0,4.0,4.0,4.0,4.0,4.0,4.0,4.0,4.0,4.0,4.0,4.0,4.0,100.0,,,,,,,,,,,,,,,,,,,,,,,,,,,,,,,,,,,,,,,
13140,1754692297.255352,102.49237608909608,1754692297.3262331,83.0,0.0,9.831641411178111,4.83955772006891,1.6668573330251777,-14.56852644641333,1.4514666871667714,6.130263889091907,5.771809742360688,-1.187382451664348,2.796927303790085,-10.663612686046804,-3.4126024322700914,-3.4504907062279244,-2.70433345388858,-6.921352399249031,3548.0,2.0,4.0,4.0,4.0,4.0,4.0,4.0,4.0,4.0,4.0,4.0,4.0,4.0,4.0,4.0,100.0,,,,,,,,,,,,,,,,,,,,,,,,,,,,,,,,,,,,,,,
13141,1754692297.263155,102.5001790523529,1754692297.333936,84.0,0.0,7.5688680100027455,2.7178993155992544,1.8514257529439533,-3.158040978756788,4.221466079966206,6.145754043131831,4.092483158288644,-2.5446274692664588,4.040441656836094,-4.061074775663826,-5.114405496416282,-2.938506659980874,-4.744793768880697,-6.950279513415069,3549.0,2.0,4.0,4.0,4.0,4.0,4.0,4.0,4.0,4.0,4.0,4.0,4.0,4.0,4.0,4.0,100.0,0.5713353157043457,0.36407470703125,-0.5906982421875,0.43829345703125,0.9868314862251282,-0.1674830317497253,-0.0317387655377388,-52.33844375610352,-105.7236557006836,5.084306240081787,,,,,,,,,,,,,,,,,,,,,,,,,,,,,
13142,1754692297.270958,102.50798201560974,1754692297.3417392,85.0,0.0,7.343218536508175,-1.992441796702224,5.161136146183708,1.6109980295441346,10.41126519552563,3.398980608315469,-2.149142652702721,-4.080005542149138,-0.414984806195207,-4.678940036686072,-4.168546679271458,3.685944285337428,-3.1809831990494786,-0.9583704685474004,3317.0,2.0,4.0,4.0,4.0,4.0,4.0,4.0,4.0,4.0,4.0,4.0,4.0,4.0,4.0,4.0,100.0,,,,,,,,,,,,,,,,,,,,,,,,,,,,,,,,,,,,,,,
13143,1754692297.278761,102.51578497886658,1754692297.349443,86.0,0.0,10.0386444473977,-10.543129330664897,3.9158401103720735,-1.199017148651592,5.486312347162084,4.34969697315978,-3.7927250738023295,-1.9984617739357875,-0.8511893679508375,-9.465133683700287,0.5771172220881908,3.1529149517480164,-3.967332104343086,0.1955210801322664,3602.0,2.0,4.0,4.0,4.0,4.0,4.0,4.0,4.0,4.0,4.0,4.0,4.0,4.0,4.0,4.0,100.0,,,,,,,,,,,,,,,,,,,,,,,,,,,,,,,,,,,,,,,
13144,1754692297.286564,102.523588180542,1754692297.3572462,87.0,0.0,11.622189193544784,-19.32022655680379,1.829469540699904,-2.4365112244685747,2.802093985511476,7.463229882244889,1.1636073172485908,-0.1269082968805719,-0.8795123487497563,-3.40914534641928,0.3256688804700047,0.6472501722983566,-4.207985962653709,-0.5230640406179532,3548.0,2.0,4.0,4.0,4.0,4.0,4.0,4.0,4.0,4.0,4.0,4.0,4.0,4.0,4.0,4.0,100.0,,,,,,,,,,,,,,,,,,,,,,,,,,,,,,,,,,,,,,,
13145,1754692297.294367,102.53139114379884,1754692297.364949,88.0,0.0,7.303059535016189,-24.168044506579747,1.7162112231578135,0.980720776658643,7.7427778154303155,-0.5245888831685193,-2.2158921252578807,-2.702445476230253,0.3750185261885121,6.748256462198867,-2.256744187115885,2.2931633675650005,-3.5614843722510727,-0.3678886980276843,3549.0,2.0,4.0,4.0,4.0,4.0,4.0,4.0,4.0,4.0,4.0,4.0,4.0,4.0,4.0,4.0,100.0,0.5717174410820007,0.3641357421875,-0.5906982421875,0.437744140625,0.993667483329773,-0.1748073548078537,-0.0327153429388999,-50.39444732666016,-107.81719970703124,3.1403067111968994,,,,,,,,,,,,,,,,,,,,,,,,,,,,,
13146,1754692297.30217,102.53919410705566,1754692297.3727522,89.0,0.0,4.139006834654168,-25.43062244000194,0.5363352741192955,1.399124089799983,4.028007012425036,-7.183586881223533,-6.162037778852579,-4.425554792985992,0.2613010993160003,7.559886771724081,-2.451338930439221,4.71320856697875,-1.2852930199971129,1.93741926776201,3317.0,2.0,4.0,4.0,4.0,4.0,4.0,4.0,4.0,4.0,4.0,4.0,4.0,4.0,4.0,4.0,100.0,,,,,,,,,,,,,,,,,,,,,,,,,,,,,,,,,,,,,,,
13147,1754692297.309973,102.5469970703125,1754692297.380456,90.0,0.0,4.8688448015069525,-27.05497264058647,-1.3245734955975197,0.8380920640680642,-0.5442818621535253,-2.8805922839395635,-1.826110166094964,-3.169644421108273,-3.1894987598637954,7.214518090873412,0.5157710484855897,5.580249936288624,0.3528498937249651,5.684092646308386,3602.0,2.0,4.0,4.0,4.0,4.0,4.0,4.0,4.0,4.0,4.0,4.0,4.0,4.0,4.0,4.0,100.0,,,,,,,,,,,,,,,,,,,,,,,,,,,,,,,,,,,,,,,
13148,1754692297.317776,102.55480003356934,1754692297.3882592,91.0,0.0,3.3838153213745272,-29.26249396402284,-3.19854608711114,3.3839546308689705,1.1095425624133668,-1.800899588476227,-1.885593434974112,-4.897322076864498,-2.8010821353237816,7.55291903684963,2.6589574973817207,2.533805864715646,-3.981350881434423,3.863898553354716,3548.0,2.0,4.0,4.0,4.0,4.0,4.0,4.0,4.0,4.0,4.0,4.0,4.0,4.0,4.0,4.0,100.0,,,,,,,,,,,,,,,,,,,,,,,,,,,,,,,,,,,,,,,
13149,1754692297.325579,102.56260299682616,1754692297.395962,92.0,0.0,5.171924578917412,-24.87019950410587,-5.240266967226773,8.291737513642317,1.2163897741658616,-3.726933619430668,-5.158344876000058,-2.325751719341781,2.4789303284825905,7.813383342783425,3.2198501648733213,0.6898279193966914,-0.1978669435509914,-1.3544459045950248,3549.0,2.0,4.0,4.0,4.0,4.0,4.0,4.0,4.0,4.0,4.0,4.0,4.0,4.0,4.0,4.0,100.0,0.571793794631958,0.3642578125,-0.5908203125,0.4373779296875,1.004898190498352,-0.145998328924179,-0.0336919203400611,-49.64675521850586,-107.81719970703124,3.1403067111968994,,,,,,,,,,,,,,,,,,,,,,,,,,,,,
13150,1754692297.333382,102.570405960083,1754692297.403765,93.0,0.0,4.695509997263798,-24.00985402087372,-5.545370954462669,7.712472644241643,-1.4471233346375811,-3.055955645503218,-3.688730258232681,0.3497782136159912,0.5218849232041975,3.926593552144368,2.5159783817134667,0.8775741676954567,5.553276723474937,-5.01848254178185,3317.0,2.0,4.0,4.0,4.0,4.0,4.0,4.0,4.0,4.0,4.0,4.0,4.0,4.0,4.0,4.0,100.0,,,,,,,,,,,,,,,,,,,,,,,,,,,,,,,,,,,,,,,
13151,1754692297.341185,102.57820916175842,1754692297.411469,94.0,0.0,0.1269026255957897,-25.747504437472003,-3.0430479314542254,6.276509497775692,1.876573552606601,-0.1387212178730124,0.1133219128504379,0.1621103844289564,-2.2431080944571704,1.423131581173834,2.884860526270927,-0.1329704757118861,0.6893332839930508,-3.750766156528812,3602.0,2.0,4.0,4.0,4.0,4.0,4.0,4.0,4.0,4.0,4.0,4.0,4.0,4.0,4.0,4.0,100.0,,,,,,,,,,,,,,,,,,,,,,,,,,,,,,,,,,,,,,,
13152,1754692297.348988,102.58601212501526,1754692297.4192722,95.0,0.0,-2.5074299047023487,-24.92689835399642,-6.471158300740626,2.6272304735271064,3.0997916979818,0.3984248390229368,-0.0724625160842151,2.1610453276289263,-0.2220107970256322,4.777436569053407,2.0544093303510635,-0.3476203452960362,-5.016977633606757,-1.4643559338946943,3548.0,2.0,4.0,4.0,4.0,4.0,4.0,4.0,4.0,4.0,4.0,4.0,4.0,4.0,4.0,4.0,100.0,,,,,,,,,,,,,,,,,,,,,,,,,,,,,,,,,,,,,,,
13153,1754692297.356791,102.5938150882721,1754692297.426975,96.0,0.0,-0.6503089669632232,-19.52070756638573,-9.066271538467902,-0.9431337698388802,-0.7194520234734796,0.7453458941153599,-2.884251692362397,3.550607766538576,1.882238256540348,7.919619451896722,2.5646025855439234,4.051437939534424,-2.12145520802693,-0.7578367678971176,3549.0,2.0,4.0,4.0,4.0,4.0,4.0,4.0,4.0,4.0,4.0,4.0,4.0,4.0,4.0,4.0,100.0,0.3224939405918121,0.62847900390625,-0.2958984375,0.64300537109375,0.9843900203704834,-0.1586938351392746,-0.0351567864418029,-51.44121551513672,-107.2190399169922,4.635690689086914,,,,,,,,,,,,,,,,,,,,,,,,,,,,,
13154,1754692297.364594,102.60161805152892,1754692297.434878,97.0,0.0,-0.3946717640944825,-11.31330338107523,-7.0473940618319375,3.433687980093282,-1.3130310610038125,-2.35344506537308,-7.638730090833405,-0.3276868928981002,0.2981970482644556,3.999768668192473,4.910377906039912,3.46157861962115,0.2495478619041478,0.4074018931075898,3317.0,2.0,4.0,4.0,4.0,4.0,4.0,4.0,4.0,4.0,4.0,4.0,4.0,4.0,4.0,4.0,100.0,,,,,,,,,,,,,,,,,,,,,,,,,,,,,,,,,,,,,,,
13155,1754692297.372397,102.60942101478577,1754692297.442682,98.0,0.0,-4.0813242641324905,-3.471176752063002,-5.770757928756211,8.39444676061521,-1.1273675259944866,-3.5781014066824355,-5.513866500467884,-0.6071398424764993,8.49528139216909,8.398189666783765,3.1849233363686835,0.402314947479681,1.5632651893552063,3.633282054012852,3602.0,2.0,4.0,4.0,4.0,4.0,4.0,4.0,4.0,4.0,4.0,4.0,4.0,4.0,4.0,4.0,100.0,,,,,,,,,,,,,,,,,,,,,,,,,,,,,,,,,,,,,,,
13156,1754692297.3802,102.6172239780426,1754692297.450485,99.0,0.0,-6.596881577704238,0.9952897923166404,-6.1126950572480325,4.65820778859225,-3.6480310226189374,-3.1569185526760464,-2.3765617145182603,1.7358921829867595,11.227266680494637,10.894308117378756,-1.7707511271856615,0.737411122096006,1.3062536297849476,2.5293846671956146,3548.0,2.0,4.0,4.0,4.0,4.0,4.0,4.0,4.0,4.0,4.0,4.0,4.0,4.0,4.0,4.0,100.0,,,,,,,,,,,,,,,,,,,,,,,,,,,,,,,,,,,,,,,
13157,1754692297.388003,102.62502717971802,1754692297.458388,100.0,0.0,-1.0660484208162586,7.584241884893146,-0.2561280538540984,5.327157776692985,0.7523559028298052,-2.856643359945082,-1.51599664942907,0.777474265614984,-5.608856579015736,-1.173702116878502,1.80328189672926,2.80667745497729,0.6787631758038799,-1.8090888696885656,3549.0,2.0,4.0,4.0,4.0,4.0,4.0,4.0,4.0,4.0,4.0,4.0,4.0,4.0,4.0,4.0,100.0,0.3226743042469024,0.6285400390625,-0.29583740234375,0.64288330078125,1.0034332275390625,-0.1762722283601761,-0.0356450751423835,-51.44121551513672,-107.2190399169922,3.5889220237731934,,,,,,,,,,,,,,,,,,,,,,,,,,,,,
13158,1754692297.395806,102.63283014297484,1754692297.466191,101.0,0.0,0.537149257299518,8.94963344676313,1.5864675155822283,6.555676260225539,2.0894161781216667,-4.883999474666268,-0.8512987243083785,-2.0911936891320124,-16.58887371202303,-4.762870623107517,2.2178205422256383,1.9543336784336705,-1.3167408188050445,-1.908133397191648,3317.0,2.0,4.0,4.0,4.0,4.0,4.0,4.0,4.0,4.0,4.0,4.0,4.0,4.0,4.0,4.0,100.0,,,,,,,,,,,,,,,,,,,,,,,,,,,,,,,,,,,,,,,
13159,1754692297.403609,102.64063310623168,1754692297.4740942,102.0,0.0,-2.7788087088602538,6.712633813487571,-3.735901750910728,0.4789234599747374,-4.488898181154639,-3.790166352646395,0.9890467099029934,-1.985509955603049,-4.526644848164381,6.291391888903888,4.061990454375916,1.1151395187470712,3.796754672079203,2.120356054670026,3602.0,2.0,4.0,4.0,4.0,4.0,4.0,4.0,4.0,4.0,4.0,4.0,4.0,4.0,4.0,4.0,100.0,,,,,,,,,,,,,,,,,,,,,,,,,,,,,,,,,,,,,,,
13160,1754692297.411412,102.64843606948853,1754692297.481897,103.0,0.0,-2.9674519078452875,9.063748487881668,-2.8637488717490385,-0.423823069537292,-7.101921932425256,-3.107483413912149,0.3804515673782873,-5.477382282549996,3.347911371951369,3.0781023145882784,8.41479879283591,-0.9790105283718448,2.6717761457905738,1.103704349746323,3548.0,2.0,4.0,4.0,4.0,4.0,4.0,4.0,4.0,4.0,4.0,4.0,4.0,4.0,4.0,4.0,100.0,,,,,,,,,,,,,,,,,,,,,,,,,,,,,,,,,,,,,,,
13161,1754692297.419215,102.65623903274536,1754692297.4898012,104.0,0.0,5.417172536582712,14.50370263326613,5.355858720386095,4.722171069380693,-0.8901538757113485,-5.66894739141253,-1.0807342865732608,-6.13338480985658,-4.958948506202887,-2.9914718472764434,0.1450753714389066,0.5099528718542388,-8.085657070948173,4.544109203090102,3549.0,2.0,4.0,4.0,4.0,4.0,4.0,4.0,4.0,4.0,4.0,4.0,4.0,4.0,4.0,4.0,100.0,0.322793185710907,0.62847900390625,-0.29583740234375,0.64288330078125,0.9873197674751282,-0.1752956509590149,-0.0395513847470283,-51.44121551513672,-106.17227172851562,4.635690689086914,,,,,,,,,,,,,,,,,,,,,,,,,,,,,
13162,1754692297.427018,102.6640419960022,1754692297.497604,105.0,0.0,6.944117578358629,13.41479474461724,7.158908870131228,1.0346382760881454,-1.2608187707182594,-8.979125818224446,-1.5649847453632617,-3.422343527402944,-8.88813845771071,0.1179464493884836,-7.944459645335399,1.783547133753956,-3.632102394104749,7.083924191852503,3317.0,2.0,4.0,4.0,4.0,4.0,4.0,4.0,4.0,4.0,4.0,4.0,4.0,4.0,4.0,4.0,100.0,,,,,,,,,,,,,,,,,,,,,,,,,,,,,,,,,,,,,,,
13163,1754692297.434821,102.67184495925903,1754692297.505507,106.0,0.0,1.7880368781734433,15.390984892058896,3.873175505971176,-0.7814745661935376,-5.034111002044483,-4.087341206278779,-1.188969313281632,-3.0437268745649817,-1.927453957022408,-0.3234987473856563,2.0658250705300816,-0.8361675107107658,11.58513466655586,1.2037021458904746,3602.0,2.0,4.0,4.0,4.0,4.0,4.0,4.0,4.0,4.0,4.0,4.0,4.0,4.0,4.0,4.0,100.0,,,,,,,,,,,,,,,,,,,,,,,,,,,,,,,,,,,,,,,
13164,1754692297.442624,102.67964816093443,1754692297.5133102,107.0,0.0,0.5924862468253309,19.624511830185668,2.7021042199692715,3.134015137343169,-4.255799549345454,1.414244294746652,-4.654423675912028,-6.760899169984612,1.1836737949268468,-8.003585743567498,6.627659086653523,-3.37075592740365,8.649002307253397,-1.3999682170621668,3548.0,2.0,4.0,4.0,4.0,4.0,4.0,4.0,4.0,4.0,4.0,4.0,4.0,4.0,4.0,4.0,100.0,,,,,,,,,,,,,,,,,,,,,,,,,,,,,,,,,,,,,,,
13165,1754692297.450427,102.68745112419128,1754692297.521213,108.0,0.0,3.975569070643018,16.745979134259983,5.003284174424721,3.322104588057869,0.388864414726072,-0.043483611640454,-4.521194037887085,-5.634170838090881,-1.6140414153090887,-9.068887771359073,-2.9965431601825685,-2.409165672358881,-0.6233042139359668,4.909081801652633,3549.0,2.0,4.0,4.0,4.0,4.0,4.0,4.0,4.0,4.0,4.0,4.0,4.0,4.0,4.0,4.0,100.0,0.3227904438972473,0.62841796875,-0.29583740234375,0.6429443359375,1.008804440498352,-0.1606469899415969,-0.0292973220348358,-51.14213943481445,-107.51811981201172,5.084306240081787,,,,,,,,,,,,,,,,,,,,,,,,,,,,,
13166,1754692297.45823,102.69525408744812,1754692297.529016,109.0,0.0,4.847235525542089,12.77503752856768,4.020880078909556,-0.8823213418650653,3.6510273237694832,-0.0357492514550017,-0.1695131863949086,1.4262710504871734,-2.7604162657340225,-2.879290523091697,-6.414695698040816,-3.636420934125056,-2.9190805865610514,1.6499921942840388,3317.0,2.0,4.0,4.0,4.0,4.0,4.0,4.0,4.0,4.0,4.0,4.0,4.0,4.0,4.0,4.0,100.0,,,,,,,,,,,,,,,,,,,,,,,,,,,,,,,,,,,,,,,
13167,1754692297.466033,102.70305705070496,1754692297.536919,110.0,0.0,-1.377819089606021,13.042182958446972,0.732505806871302,2.4313432568173425,0.2561398807169439,5.982229386902816,0.3447430695181879,1.1228093804060677,1.053815616130521,-0.8742720019686772,-1.2579226620683244,-6.776929383920617,-7.604784815843743,-9.218605855698629,3602.0,2.0,4.0,4.0,4.0,4.0,4.0,4.0,4.0,4.0,4.0,4.0,4.0,4.0,4.0,4.0,100.0,,,,,,,,,,,,,,,,,,,,,,,,,,,,,,,,,,,,,,,
13168,1754692297.473836,102.7108600139618,1754692297.544723,111.0,0.0,-4.9212443228518055,12.7234863941747,1.6007673555935185,8.792854014110901,-0.4951462704004257,9.28248867874646,1.052279275331614,0.4079094499673488,2.801621742032524,-1.4871648682726004,-0.91486868000419,-2.9653980042477883,-6.507988667801271,-4.880226336848125,3548.0,2.0,4.0,4.0,4.0,4.0,4.0,4.0,4.0,4.0,4.0,4.0,4.0,4.0,4.0,4.0,100.0,,,,,,,,,,,,,,,,,,,,,,,,,,,,,,,,,,,,,,,
13169,1754692297.481639,102.71866297721864,1754692297.552626,112.0,0.0,-5.728099076364856,3.5755196766220934,0.0846147930081997,-1.116678804438493,1.577278452490532,5.291476768841108,2.314157989199771,5.473165033744749,1.250228426992976,0.6228308653406884,-6.602729362303421,-2.2211423307463747,-3.77933319587953,-2.511289391847299,3549.0,2.0,4.0,4.0,4.0,4.0,4.0,4.0,4.0,4.0,4.0,4.0,4.0,4.0,4.0,4.0,100.0,0.322846382856369,0.62841796875,-0.2957763671875,0.6429443359375,1.0009918212890625,-0.1674830317497253,-0.0332036316394805,-50.99259948730469,-107.66765594482422,3.738460302352905,,,,,,,,,,,,,,,,,,,,,,,,,,,,,
13170,1754692297.489442,102.72646617889404,1754692297.560429,113.0,0.0,-4.900372871041355,-1.7303751635936635,-0.1684209172936164,-8.019031437703262,5.780287008751628,7.379170940894227,6.962888512623948,9.018899145136828,4.648864344308066,3.6441745335541498,-6.978622677874711,-2.5000047587400616,-4.774152175945147,-8.158332549528069,3317.0,2.0,4.0,4.0,4.0,4.0,4.0,4.0,4.0,4.0,4.0,4.0,4.0,4.0,4.0,4.0,100.0,,,,,,,,,,,,,,,,,,,,,,,,,,,,,,,,,,,,,,,
13171,1754692297.497245,102.73426914215088,1754692297.5683322,114.0,0.0,-5.137982251372989,-0.1026395079168764,1.5461227135380682,-1.7069202277537556,6.431594642026255,8.405365048554074,8.976029809711406,5.4115892714286815,4.364695947672487,-2.6009363493879505,-3.7040419757780114,-3.207869871802643,-4.680491362609757,-7.120954435813303,3602.0,2.0,4.0,4.0,4.0,4.0,4.0,4.0,4.0,4.0,4.0,4.0,4.0,4.0,4.0,4.0,100.0,,,,,,,,,,,,,,,,,,,,,,,,,,,,,,,,,,,,,,,
13172,1754692297.505048,102.74207210540771,1754692297.5761352,115.0,0.0,-5.333441254633726,-1.0987103063416723,2.018884249135226,2.251766891369698,7.012092103919713,2.4162445945912623,6.363526689774517,3.963333488686203,1.865470958543028,-3.3861890922758,-3.742154129578012,-4.678116857729947,-4.849117094767507,-0.3253131654437311,3548.0,2.0,4.0,4.0,4.0,4.0,4.0,4.0,4.0,4.0,4.0,4.0,4.0,4.0,4.0,4.0,100.0,,,,,,,,,,,58.33333206176758,4.0,23.91644859313965,3.0,37.55977630615234,3.0,26.265275955200195,1.0,55.17936325073242,4.0,17.68738555908203,3.0,20.97316169738769,3.0,24.61436462402344,4.0,23.224349975585938,4.0,24.540023803710938,3.0,31.15450096130371,4.0,31.67870712280273,4.0,29.80683135986328,4.0,26.85333633422852,4.0,26.57720375061035
13173,1754692297.512851,102.74987506866456,1754692297.584038,116.0,0.0,-1.9569010386285868,-0.1743121029012968,1.2697096621622563,-1.404941518835642,8.568827589304362,1.0865126046714408,6.450082649590456,6.733666183208641,2.393873092775664,0.6763235079533274,-4.729218959353659,-2.8876158892626904,-4.586900748160872,-1.8902642071971627,3549.0,2.0,4.0,4.0,4.0,4.0,4.0,4.0,4.0,4.0,4.0,4.0,4.0,4.0,4.0,4.0,100.0,0.3226715922355652,0.62847900390625,-0.29583740234375,0.6429443359375,1.0029449462890625,-0.1762722283601761,-0.0288090333342552,-50.543983459472656,-107.66765594482422,4.187075614929199,,,,,,,,,,,,,,,,,,,,,,,,,,,,,
13174,1754692297.520654,102.7576780319214,1754692297.591941,117.0,0.0,-0.8349492747156262,0.3119355883100354,-0.3847280833510638,-6.077418032883514,3.21378705833925,2.780204147741671,7.385013970842948,4.704108315927925,-1.134193460142768,-5.15763001608363,-0.6078029052223144,-0.6664071146651338,0.5359411020452001,-6.285738756502695,3317.0,2.0,4.0,4.0,4.0,4.0,4.0,4.0,4.0,4.0,4.0,4.0,4.0,4.0,4.0,4.0,100.0,,,,,,,,,,,,,,,,,,,,,,,,,,,,,,,,,,,,,,,
13175,1754692297.528457,102.76548099517822,1754692297.599745,118.0,0.0,0.1704884657546586,-4.823962186968458,-0.5455066824343362,-8.218353671048192,-1.6529831585685884,0.0091348485152025,3.5357093314150347,3.1438844373601,-4.153223394430427,-3.4465455576687987,5.126191425422292,1.031304599453449,4.043554784543801,1.290223047588313,3602.0,2.0,4.0,4.0,4.0,4.0,4.0,4.0,4.0,4.0,4.0,4.0,4.0,4.0,4.0,4.0,100.0,,,,,,,,,,,,,,,,,,,,,,,,,,,,,,,,,,,,,,,
13176,1754692297.53626,102.77328395843506,1754692297.607648,119.0,0.0,1.9094774724654824,-10.567629597132395,0.3567648992922159,-7.140415279773947,-2.004092818271488,-7.860120287446875,-2.4407513012146183,2.9842365324903994,0.1915487803699989,7.034867494036575,2.1302360995524623,0.8351223000573782,-0.9783054322514316,6.846855840435751,3548.0,2.0,4.0,4.0,4.0,4.0,4.0,4.0,4.0,4.0,4.0,4.0,4.0,4.0,4.0,4.0,100.0,,,,,,,,,,,,,,,,,,,,,,,,,,,,,,,,,,,,,,,
13177,1754692297.544063,102.78108716011047,1754692297.615551,120.0,0.0,3.987667715371572,-6.9268486094952095,2.31035893792523,-1.694968574143786,-3.6892687445661054,-8.423467251815055,-2.7525145602012344,2.948126495850829,5.6032869027581,8.19071744456187,-3.7230952202389744,1.252092870575325,-1.4005319070702171,3.026705481629961,3549.0,2.0,4.0,4.0,4.0,4.0,4.0,4.0,4.0,4.0,4.0,4.0,4.0,4.0,4.0,4.0,100.0,0.3226210474967956,0.62860107421875,-0.2958984375,0.642822265625,0.9868314862251282,-0.1645532995462417,-0.0458991378545761,-51.44121551513672,-105.7236557006836,2.5421531200408936,,,,,,,,,,,,,,,,,,,,,,,,,,,,,
13178,1754692297.551866,102.78889012336732,1754692297.623354,121.0,0.0,0.5635900346455287,-2.0150197581752423,1.0021244336289217,0.9391151450367374,-5.734241567990068,-1.5508545459320544,-4.212816361020998,1.4278040716394005,3.218020904423554,-0.5705098155472683,-1.249492681725371,-0.5617766417458938,2.6588893749926115,1.4848988807065666,3317.0,2.0,4.0,4.0,4.0,4.0,4.0,4.0,4.0,4.0,4.0,4.0,4.0,4.0,4.0,4.0,100.0,,,,,,,,,,,,,,,,,,,,,,,,,,,,,,,,,,,,,,,
13179,1754692297.559669,102.79669308662416,1754692297.6311572,122.0,0.0,-2.343846707571544,-1.6021950119351516,-2.141931689042764,2.394740123843434,-2.455047581936384,-0.5665815977821751,-6.385667548830867,1.5022030595165177,5.312002849998947,0.0073666717122193,5.808776701033906,-0.2504665570008058,0.6568650006887253,4.427996908378276,3602.0,2.0,4.0,4.0,4.0,4.0,4.0,4.0,4.0,4.0,4.0,4.0,4.0,4.0,4.0,4.0,100.0,,,,,,,,,,,,,,,,,,,,,,,,,,,,,,,,,,,,,,,
13180,1754692297.567472,102.80449604988098,1754692297.63906,123.0,0.0,0.7891416751297697,0.9291096351315103,-5.303562029687953,2.473522533509652,-4.757980487037628,-5.438813083512457,-7.990570873098647,-1.5013411936703849,7.877349068542401,4.070747050723924,2.4272259449861053,3.3998185801509067,-2.191417919904495,1.8317398118554704,3548.0,2.0,4.0,4.0,4.0,4.0,4.0,4.0,4.0,4.0,4.0,4.0,4.0,4.0,4.0,4.0,100.0,,,,,,,,,,,,,,,,,,,,,,,,,,,,,,,,,,,,,,,
13181,1754692297.575275,102.81229901313782,1754692297.6469631,124.0,0.0,5.526376162864807,7.637108622462136,-4.934863321056156,4.344165066684553,-8.0343032851288,-2.2409119090121123,-6.460481916473356,-5.87207519310644,-2.324994307641674,0.0698649285140788,-0.1088722755180526,2.38902193789906,3.889012559612837,3.26174238720202,3549.0,2.0,4.0,4.0,4.0,4.0,4.0,4.0,4.0,4.0,4.0,4.0,4.0,4.0,4.0,4.0,100.0,0.3229253590106964,0.62872314453125,-0.29583740234375,0.642578125,1.0019683837890625,-0.1591821163892746,-0.0327153429388999,-52.33844375610352,-106.77043151855467,6.131074905395508,,,,,,,,,,,,,,,,,,,,,,,,,,,,,
13182,1754692297.583078,102.82010197639464,1754692297.654767,125.0,0.0,6.296867413449348,9.129354111499056,-3.3001603302156184,5.281150552528146,-0.9354977062982072,0.2949213295613333,-7.741673023098571,-10.170958447458958,-16.90236615926247,-8.039540585698575,4.14389974196942,-3.638772339085023,5.896131774638519,10.25631086329517,3317.0,2.0,4.0,4.0,4.0,4.0,4.0,4.0,4.0,4.0,4.0,4.0,4.0,4.0,4.0,4.0,100.0,,,,,,,,,,,,,,,,,,,,,,,,,,,,,,,,,,,,,,,
13183,1754692297.590881,102.82790517807008,1754692297.66257,126.0,0.0,11.13765932139313,11.679711611784114,-1.6773883334485618,6.172003344634959,6.244818379363551,1.512352579833987,-9.30416963477137,-10.528965730516576,-13.32035942497987,-7.78275307101967,1.9027442251149296,-3.662369994839992,-2.709407129639203,13.17144999571201,3602.0,2.0,4.0,4.0,4.0,4.0,4.0,4.0,4.0,4.0,4.0,4.0,4.0,4.0,4.0,4.0,100.0,,,,,,,,,,,,,,,,,,,,,,,,,,,,,,,,,,,,,,,
13184,1754692297.598684,102.8357081413269,1754692297.670473,127.0,0.0,13.381784922386087,12.84016816353602,1.3165626186633403,6.158613156725608,1.4840292568879363,1.8011560876298631,-8.066785508289229,-4.443678470867269,-4.419231575108768,-2.624076282151634,-7.997181757276337,0.7266252082209235,-12.24933449601275,13.45140545258397,52.0,2.0,4.0,4.0,4.0,4.0,4.0,4.0,4.0,4.0,4.0,4.0,4.0,4.0,4.0,4.0,100.0,,,,,,,,,,,,,,,,,,,,,,,,,,,,,,,,,,,,,,,
13185,1754692297.606487,102.84351110458374,1754692297.678376,0.0,0.0,8.810362105911452,10.691418883558242,2.802452422242993,4.099389233390582,-2.485470906911644,-1.741846105072284,-4.629085423166828,0.3878905048251795,-5.0124195909905325,0.3530339550254098,-8.360307171610941,1.2136363196665911,-10.033957962833767,13.451174870774764,3311.0,2.0,4.0,4.0,4.0,4.0,4.0,4.0,4.0,4.0,4.0,4.0,4.0,4.0,4.0,4.0,100.0,0.3229960501194,0.62884521484375,-0.2958984375,0.64239501953125,0.9980621337890624,-0.1689478904008865,-0.0395513847470283,-51.14213943481445,-107.51811981201172,4.33661413192749,,,,,,,,,,,,,,,,,,,,,,,,,,,,,
13186,1754692297.61429,102.85131406784058,1754692297.6861792,1.0,0.0,7.498621443658038,10.892610266072523,-0.2537978221594414,4.187909589215877,1.8049774760615664,-4.042068778900585,-1.814793179412419,-3.039024810881102,-3.955103462692506,0.4569755011648055,-2.7761510917885346,0.0722071341265007,-1.6773276072083547,9.450549313556138,3512.0,2.0,4.0,4.0,4.0,4.0,4.0,4.0,4.0,4.0,4.0,4.0,4.0,4.0,4.0,4.0,100.0,,,,,,,,,,,,,,,,,,,,,,,,,,,,,,,,,,,,,,,
13187,1754692297.622093,102.8591170310974,1754692297.693982,2.0,0.0,7.714647123266701,8.728695966334186,-2.261772599559293,3.194218504398492,3.301655031267188,-1.0747144057118874,0.6470561083782798,-5.159179725214557,-1.426354852280923,-3.4138454122640667,-6.059283933967976,0.0454696809669314,-2.425557467458788,3.980791713910463,3496.0,2.0,4.0,4.0,4.0,4.0,4.0,4.0,4.0,4.0,4.0,4.0,4.0,4.0,4.0,4.0,100.0,,,,,,,,,,,,,,,,,,,,,,,,,,,,,,,,,,,,,,,
13188,1754692297.629896,102.86691999435423,1754692297.7018862,3.0,0.0,4.201468583810083,0.9469732711897904,-0.889518638121217,0.1806979048385528,0.4653544438331209,0.1214748422560205,3.128765648694525,-0.1749882279166286,-1.6116240386456866,-3.7473823834359337,-5.409823689140694,1.7373404161396593,-3.130498490676928,0.9616304425660472,3612.0,2.0,4.0,4.0,4.0,4.0,4.0,4.0,4.0,4.0,4.0,4.0,4.0,4.0,4.0,4.0,100.0,,,,,,,,,,,,,,,,,,,,,,,,,,,,,,,,,,,,,,,
13189,1754692297.637699,102.87472295761108,1754692297.709789,4.0,0.0,-1.4214571322805796,-4.065373303201,-0.4752253364423495,-3.5511602644961613,-1.7978299070124422,-2.9447175868018576,3.814564397126901,2.673200466432604,0.1266719665585469,1.9586110300059545,1.572789991021068,4.192051442499519,1.4054932215357212,-1.3690538333859197,3629.0,2.0,4.0,4.0,4.0,4.0,4.0,4.0,4.0,4.0,4.0,4.0,4.0,4.0,4.0,4.0,100.0,0.5714504718780518,0.36431884765625,-0.5914306640625,0.43695068359375,0.9956206679344176,-0.1694361865520477,-0.0356450751423835,-51.88983154296875,-107.2190399169922,4.33661413192749,,,,,,,,,,,,,,,,,,,,,,,,,,,,,
13190,1754692297.645502,102.8825261592865,1754692297.717592,5.0,0.0,-7.11202390130822,-2.6731471436985146,-1.1279125893758817,-7.298365438389936,-2.854398916239205,-3.904232978464933,6.554521216477752,3.2005110671064187,3.023474396293551,5.271222242240384,4.91773961790139,4.969695935535839,-0.5820334535228255,-5.3896448004850015,3501.0,2.0,4.0,4.0,4.0,4.0,4.0,4.0,4.0,4.0,4.0,4.0,4.0,4.0,4.0,4.0,100.0,,,,,,,,,,,,,,,,,,,,,,,,,,,,,,,,,,,,,,,
13191,1754692297.653305,102.89032912254332,1754692297.725395,6.0,0.0,-13.03809323135161,-1.1648220801236278,-0.2109735206969674,-9.132282470458136,-6.239304705720912,-1.705869778556604,8.0594480804169,4.64102953879123,4.768560305925206,1.6053429821762109,6.247329847525947,1.7097946328343312,1.3648029312963388,-12.272546206742987,3500.0,2.0,4.0,4.0,4.0,4.0,4.0,4.0,4.0,4.0,4.0,4.0,4.0,4.0,4.0,4.0,100.0,,,,,,,,,,,,,,,,,,,,,,,,,,,,,,,,,,,,,,,
13192,1754692297.661108,102.89813208580016,1754692297.733298,7.0,0.0,-13.396854823126546,-1.159297952109796,-1.749985534969369,-8.096797117926712,-8.646912263893341,0.2309269753171747,4.162753503326144,4.926962092726058,5.199397506820219,0.0549638642368108,4.94483468392616,1.6304741693996905,12.369923339152251,-15.30628897940062,3487.0,2.0,4.0,4.0,4.0,4.0,4.0,4.0,4.0,4.0,4.0,4.0,4.0,4.0,4.0,4.0,100.0,,,,,,,,,,,,,,,,,,,,,,,,,,,,,,,,,,,,,,,
13193,1754692297.668911,102.905935049057,1754692297.7412012,8.0,0.0,-12.75164784635882,-0.8161081785590909,-5.442801433995385,-8.52719511596871,-8.703262394859223,0.7815187602047331,2.8869067180136767,5.414548448804624,7.140805194448774,3.519460542726563,3.2991922130838134,4.299026494494399,11.199553730862531,-11.850325502584669,3599.0,2.0,4.0,4.0,4.0,4.0,4.0,4.0,4.0,4.0,4.0,4.0,4.0,4.0,4.0,4.0,100.0,0.5715922713279724,0.36444091796875,-0.59130859375,0.43682861328125,0.9975737929344176,-0.1645532995462417,-0.0463874265551567,-51.14213943481445,-106.77043151855467,4.33661413192749,,,,,,,,,,,,,,,,,,,,,,,,,,,,,
13194,1754692297.676714,102.91373801231384,1754692297.749004,9.0,0.0,-17.56851172812179,1.6803324774801354,-4.979083608621238,-10.946753434296568,-8.96172811961236,1.648277184921028,3.631074633193805,3.810985295395824,8.332059814836668,2.874799018363831,4.6521201409019,0.295343118878975,6.374511117909208,-12.736595536748098,3601.0,2.0,4.0,4.0,4.0,4.0,4.0,4.0,4.0,4.0,4.0,4.0,4.0,4.0,4.0,4.0,100.0,,,,,,,,,,,,,,,,,,,,,,,,,,,,,,,,,,,,,,,
13195,1754692297.684517,102.92154097557068,1754692297.756808,10.0,0.0,-16.30370134571899,4.937263477631177,-1.940084642933698,-7.704057564043296,-7.007948946481747,3.673069663301476,4.357584831783015,4.353004466112225,5.559593400213771,-4.438300411736918,4.193626467500735,-3.1909514275450874,10.666102526685563,-13.557576193738669,3609.0,2.0,4.0,4.0,4.0,4.0,4.0,4.0,4.0,4.0,4.0,4.0,4.0,4.0,4.0,4.0,100.0,,,,,,,,,,,,,,,,,,,,,,,,,,,,,,,,,,,,,,,
13196,1754692297.69232,102.9293441772461,1754692297.7647111,11.0,0.0,-9.299817968496797,5.155284524370558,-2.5043658068538264,-3.2593477308995773,-3.3461203770188206,3.644466698174796,9.022814496198038,7.109351523554864,3.69357879454364,-9.004229079266139,-0.6826489997251031,-1.2364664624841737,3.690903884263065,-12.182093514806098,3538.0,2.0,4.0,4.0,4.0,4.0,4.0,4.0,4.0,4.0,4.0,4.0,4.0,4.0,4.0,4.0,100.0,,,,,,,,,,,,,,,,,,,,,,,,,,,,,,,,,,,,,,,
13197,1754692297.700123,102.93714714050292,1754692297.772614,12.0,0.0,-8.09981897572834,5.467083756831471,-2.7947528998315647,-2.178965900889125,-0.9568284410615888,1.6385752972182672,11.019447348764515,6.664579610339388,6.782230563941994,-2.2659748572209537,-1.8946835439151075,2.985546588868601,-7.770794393579536,-13.56414320040767,3558.0,2.0,4.0,4.0,4.0,4.0,4.0,4.0,4.0,4.0,4.0,4.0,4.0,4.0,4.0,4.0,100.0,0.571368396282196,0.3646240234375,-0.5911865234375,0.4371337890625,0.991226077079773,-0.1621118485927581,-0.0297856107354164,-50.543983459472656,-106.9199676513672,3.4393835067749023,,,,,,,,,,,,,,,,,,,,,,,,,,,,,
13198,1754692297.707926,102.94495010375977,1754692297.780417,13.0,0.0,-11.738354276168169,4.478662515100012,0.5306833062263365,-2.7909037196932616,-3.947466737022325,1.450725830010441,1.1308025286261625,4.504257588388072,7.010274569322945,1.2484126610633837,-1.7312500093321717,1.6870473571716218,-1.5255179540725123,-13.17154052635854,3307.0,2.0,4.0,4.0,4.0,4.0,4.0,4.0,4.0,4.0,4.0,4.0,4.0,4.0,4.0,4.0,100.0,,,,,,,,,,,,,,,,,,,,,,,,,,,,,,,,,,,,,,,
13199,1754692297.715729,102.9527530670166,1754692297.78832,14.0,0.0,-6.779878472798089,1.4947392028028048,2.878297429187853,-2.5329421947796504,-3.040034243331036,5.729957677920368,0.0208382236617694,3.9666047011508567,5.881741964622336,-2.880169337418636,-4.288133909493524,0.0926662187260376,5.2291961553428905,-5.16483120736001,3609.0,2.0,4.0,4.0,4.0,4.0,4.0,4.0,4.0,4.0,4.0,4.0,4.0,4.0,4.0,4.0,100.0,,,,,,,,,,,,,,,,,,,,,,,,,,,,,,,,,,,,,,,
13200,1754692297.723532,102.96055603027344,1754692297.796123,15.0,0.0,-0.6610760352999705,-3.527549084817452,1.9964973149163825,-0.9236230500040392,4.271702552572265,10.166883833229916,5.265736197801402,0.5732893697683039,0.4977966585316835,-4.98741399551443,-9.90698212689938,0.3938117698832002,-5.438884335472153,1.650853057021891,3538.0,2.0,4.0,4.0,4.0,4.0,4.0,4.0,4.0,4.0,4.0,4.0,4.0,4.0,4.0,4.0,100.0,,,,,,,,,,,,,,,,,,,,,,,,,,,,,,,,,,,,,,,
13201,1754692297.731335,102.96835899353027,1754692297.804026,16.0,0.0,0.557193037837294,-2.514056905286964,4.903336889597938,4.448056103376018,9.617172489623895,10.377851286111252,-0.2049796607589655,-1.5345898589176272,-6.031852924025827,-2.456062497190544,-7.938983603146028,0.4047606942203288,-9.23447540428839,1.2996790867204595,0.0,2.0,4.0,4.0,4.0,4.0,4.0,4.0,4.0,4.0,4.0,4.0,4.0,4.0,4.0,4.0,100.0,0.5715205073356628,0.36480712890625,-0.59088134765625,0.43719482421875,1.010757565498352,-0.1689478904008865,-0.027832455933094,-52.33844375610352,-105.7236557006836,6.131074905395508,,,,,,,,,,,,,,,,,,,,,,,,,,,,,
13202,1754692297.739138,102.97616195678712,1754692297.81183,17.0,0.0,-1.3621141800135206,-1.1043241867373013,2.99380113604326,3.3546761405646635,3.062908134074462,2.8764024638872456,-8.429872912979079,-4.371515993752325,1.5735169837503804,-3.8237693522928,0.6266683184745148,-1.7801811831117789,3.796719711029084,-7.204365625159824,0.0,2.0,4.0,4.0,4.0,4.0,4.0,4.0,4.0,4.0,4.0,4.0,4.0,4.0,4.0,4.0,100.0,,,,,,,,,,,,,,,,,,,,,,,,,,,,,,,,,,,,,,,
13203,1754692297.746941,102.98396515846252,1754692297.8197331,18.0,0.0,0.7752518460487181,-7.082955134070403,0.1464376024731564,0.5605825933292863,2.690572463658441,2.1414436414373768,-1.9658805405503017,-7.128777504761388,10.833990495753255,-2.1913395814418664,1.3115513459982822,-0.7780469072946516,9.27243917883186,-8.755457324915028,0.0,2.0,4.0,4.0,4.0,4.0,4.0,4.0,4.0,4.0,4.0,4.0,4.0,4.0,4.0,4.0,100.0,,,,,,,,,,,,,,,,,,,,,,,,,,,,,,,,,,,,,,,
13204,1754692297.754744,102.99176812171936,1754692297.827536,19.0,0.0,5.288294004027108,-17.779010596369147,2.3304713988499373,0.7227854866877408,13.645873670346106,0.5296046157453986,4.23292352632771,-5.878018401475487,-5.9525066856795945,2.0985591558673207,-5.713145506256382,1.3022706931605228,-1.723850396320671,0.4533045522661325,0.0,2.0,4.0,4.0,4.0,4.0,4.0,4.0,4.0,4.0,4.0,4.0,4.0,4.0,4.0,4.0,100.0,,,,,,,,,,,,,,,,,,,,,,,,,,,,,,,,,,,,,,,
13205,1754692297.762547,102.9995710849762,1754692297.835439,20.0,0.0,6.223365762728946,-21.406206927496413,4.74368150399053,-0.6320104912205977,13.730552654049037,-8.691633987169979,0.3943328496884817,-1.9066602732332,-16.50987246348629,0.6754842320169985,-0.298600766491262,0.7750947934269163,-3.7513218481778665,9.530084592908707,0.0,2.0,4.0,4.0,4.0,4.0,4.0,4.0,4.0,4.0,4.0,4.0,4.0,4.0,4.0,4.0,100.0,0.5715696811676025,0.36480712890625,-0.5906982421875,0.4373779296875,1.0024566650390625,-0.1635767221450805,-0.0439459830522537,-52.03936767578125,-105.87319946289062,2.24307632446289,,,,,,,,,,,,,,,,,,,,,,,,,,,,,
13206,1754692297.77035,103.00737404823305,1754692297.843342,21.0,0.0,4.4952748719129545,-18.996308075315422,3.3480484728266333,-1.8477108335932253,5.283132166730468,-10.973910528726664,-2.0826205693178395,-3.56372462600433,-5.086689452883945,-0.4472084223756951,6.30288330387117,0.081877757561017,0.0160633489904853,6.959127523607606,0.0,2.0,4.0,4.0,4.0,4.0,4.0,4.0,4.0,4.0,4.0,4.0,4.0,4.0,4.0,4.0,100.0,,,,,,,,,,,,,,,,,,,,,,,,,,,,,,,,,,,,,,,
13207,1754692297.778153,103.01517701148988,1754692297.851145,22.0,0.0,3.5044822227600605,-20.17862676384678,4.212248415911262,2.12972743322004,6.995684109554503,-5.944672603499868,-0.0747253312547684,-5.998142828099418,-2.1791940252005872,2.825107870837172,-0.5927013094119786,1.423922457510315,-4.697327779465724,1.1651906837655304,0.0,2.0,4.0,4.0,4.0,4.0,4.0,4.0,4.0,4.0,4.0,4.0,4.0,4.0,4.0,4.0,100.0,,,,,,,,,,,,,,,,,,,,,,,,,,,,,,,,,,,,,,,
13208,1754692297.785956,103.0229799747467,1754692297.8589492,23.0,0.0,6.855563396459729,-20.78104978300871,6.897456020158643,4.874438381524669,9.87962570610307,-6.735178100176199,0.902909313249438,-3.740812021640068,-7.312244788619864,1.8556440553907123,-2.69469477394614,2.529268891531501,-7.888463057621266,3.0084242540660853,0.0,2.0,4.0,4.0,4.0,4.0,4.0,4.0,4.0,4.0,4.0,4.0,4.0,4.0,4.0,4.0,100.0,,,,,,,,,,,,,,,,,,,,,,,,,,,,,,,,,,,,,,,
13209,1754692297.793759,103.03078317642212,1754692297.866852,24.0,0.0,8.155951138994084,-15.255199752289258,2.381126880643848,1.7218969690592587,1.923797772013956,-6.864784330548531,-1.83240840213702,-2.696465783880825,-2.839981303336657,-0.761685966003455,4.536186795716645,1.1894144238594038,-1.9256758935551657,5.456154559038083,0.0,2.0,4.0,4.0,4.0,4.0,4.0,4.0,4.0,4.0,4.0,4.0,4.0,4.0,4.0,4.0,100.0,0.5715634226799011,0.3648681640625,-0.590576171875,0.4375,0.9995269775390624,-0.1542992293834686,-0.0307621881365776,-50.543983459472656,-106.32181549072266,3.4393835067749023,,,,,,,,,,,,,,,,,,,,,,,,,,,,,
13210,1754692297.801562,103.03858613967896,1754692297.874655,25.0,0.0,2.5367900884834853,-11.705511201619174,-5.159728426021957,-0.0173346791630137,-2.029398897563169,1.2673130069001672,-3.848147606392104,-4.26140321708408,1.7253551651124326,4.197155974505222,6.076521301411958,-2.2517394525843883,7.32343892017343,2.61716237520659,0.0,2.0,4.0,4.0,4.0,4.0,4.0,4.0,4.0,4.0,4.0,4.0,4.0,4.0,4.0,4.0,100.0,,,,,,,,,,,,,,,,,,,,,,,,,,,,,,,,,,,,,,,
13211,1754692297.809365,103.0463891029358,1754692297.882558,26.0,0.0,-0.9480669002524564,-14.942538886775424,-5.647384342490682,0.8142325905017742,3.0208374692118696,4.59356873259128,-2.100396817704791,-3.370167344960123,1.1743156689534544,7.603608723365937,0.8313542183612981,-3.069300875926388,6.192842518580278,0.2770246468552386,0.0,2.0,4.0,4.0,4.0,4.0,4.0,4.0,4.0,4.0,4.0,4.0,4.0,4.0,4.0,4.0,100.0,,,,,,,,,,,,,,,,,,,,,,,,,,,,,,,,,,,,,,,
13212,1754692297.817168,103.05419206619264,1754692297.890361,27.0,0.0,0.4400108584322311,-15.802835361726068,-4.949705242141647,2.713816021883701,3.4597614772800966,2.839253702978965,-1.0161645417202294,0.6608110200904207,0.6753997306231554,6.746228389036276,-0.2175023846608041,-1.7935242879667044,-6.527869886129395,-1.4628464166817707,0.0,2.0,4.0,4.0,4.0,4.0,4.0,4.0,4.0,4.0,4.0,4.0,4.0,4.0,4.0,4.0,100.0,,,,,,,,,,,,,,,,,,,,,,,,,,,,,,,,,,,,,,,
13213,1754692297.824971,103.06199502944946,1754692297.8982642,28.0,0.0,-0.5946921344984162,-11.57135721456865,-6.177271028070152,3.0700411477892544,0.6180933132555424,2.2370583080960955,-0.7061760537907844,4.16609082059955,2.2085734957846057,9.749022679248869,5.019590304675205,-2.02366872396027,-10.19899875403388,-4.809229352676027,0.0,2.0,4.0,4.0,4.0,4.0,4.0,4.0,4.0,4.0,4.0,4.0,4.0,4.0,4.0,4.0,100.0,0.571424663066864,0.364990234375,-0.5904541015625,0.437744140625,1.004409909248352,-0.1626001447439193,-0.0332036316394805,-50.99259948730469,-106.9199676513672,2.24307632446289,,,,,,,,,,,,,,,,,,,,,,,,,,,,,
13214,1754692297.832774,103.0697979927063,1754692297.9060671,29.0,0.0,-4.272401665861025,-10.05777750008042,-2.508870327372051,-0.1890567411990105,0.5764312940739273,1.8173956283205823,0.5458565975752663,1.901914017014633,2.308714006897617,2.65919782669539,2.088224669422061,-0.4521317888190879,-3.8933775194732334,-1.6915386795942595,0.0,2.0,4.0,4.0,4.0,4.0,4.0,4.0,4.0,4.0,4.0,4.0,4.0,4.0,4.0,4.0,100.0,,,,,,,,,,,,,,,,,,,,,,,,,,,,,,,,,,,,,,,
13215,1754692297.840577,103.07760095596312,1754692297.9139712,30.0,0.0,-1.235964677758716,-6.289603578492574,3.1062843676871807,0.5937333274249568,1.8043290341209968,6.718809525171196,3.664698118440242,-3.491249342494143,-2.4929196267950147,-10.241534654275824,-4.582981757089442,3.272128195697292,-1.5563412778825525,7.572062015086317,0.0,2.0,4.0,4.0,4.0,4.0,4.0,4.0,4.0,4.0,4.0,4.0,4.0,4.0,4.0,4.0,100.0,,,,,,,,,,,,,,,,,,,,,,,,,,,,,,,,,,,,,,,
13216,1754692297.84838,103.08540415763856,1754692297.921874,31.0,0.0,2.014110099042256,1.4323904752768897,-0.8500140124392317,4.419320828656083,1.9204385520124845,5.983805679799417,1.4589356458682516,-3.907906304850684,-5.756284410547295,-5.783901047862372,-4.46833263758387,1.163572661869722,-3.231527116779688,4.821812425598665,0.0,2.0,4.0,4.0,4.0,4.0,4.0,4.0,4.0,4.0,4.0,4.0,4.0,4.0,4.0,4.0,100.0,,,,,,,,,,,,,,,,,,,,,,,,,,,,,,,,,,,,,,,
13217,1754692297.856183,103.0932071208954,1754692297.9297771,32.0,0.0,3.112431987420337,7.047760322346335,-3.4248158886838382,4.582324174441624,3.7463520219040447,-3.241915663729173,-2.430791007382481,1.5857113127086675,-0.1709494796535864,6.564208411219283,-2.44327962855084,-0.571660906041302,-7.178614156593426,-2.827814300404839,0.0,2.0,4.0,4.0,4.0,4.0,4.0,4.0,4.0,4.0,4.0,4.0,4.0,4.0,4.0,4.0,100.0,0.57101970911026,0.364990234375,-0.59039306640625,0.4383544921875,1.0009918212890625,-0.1660181581974029,-0.0268558785319328,-50.69352340698242,-107.81719970703124,3.1403067111968994,,,,,,,,,,,,,,,,,,,,,,,,,,,,,
13218,1754692297.863986,103.10101008415222,1754692297.93758,33.0,0.0,6.506090222091245,7.522501065506788,-0.0610267367337087,2.007605378142273,1.0078054261512648,-7.00779920691042,-1.933783929773142,-1.4749759706277814,-3.0989957774081063,4.853979992390634,-8.540214839028465,2.052811498439098,-8.872626302066408,1.5005601118101026,0.0,2.0,4.0,4.0,4.0,4.0,4.0,4.0,4.0,4.0,4.0,4.0,4.0,4.0,4.0,4.0,100.0,,,,,,,,,,,,,,,,,,,,,,,,,,,,,,,,,,,,,,,
13219,1754692297.871789,103.10881304740906,1754692297.945383,34.0,0.0,8.938269860227592,9.784446306659447,2.862223653469755,4.947106632868781,-2.876719752577628,-4.361430272478174,-0.8935646050476862,-3.9988233202579977,-4.428283216939235,-0.7889603479798097,-6.937437394420158,3.890170478895016,-3.1414327393704298,10.534297652602618,0.0,2.0,4.0,4.0,4.0,4.0,4.0,4.0,4.0,4.0,4.0,4.0,4.0,4.0,4.0,4.0,100.0,,,,,,,,,,,,,,,,,,,,,,,,,,,,,,,,,,,,,,,
13220,1754692297.879592,103.1166160106659,1754692297.9532862,35.0,0.0,3.0438102570768706,8.051762931963253,-0.6820605677013418,3.7359316950286257,-5.438051936633315,-6.458607631515065,-3.698415734131345,0.9936437382638132,2.2847178961609416,-3.3193376831551404,1.6460381181249204,-0.2683960246387187,-4.825986643172996,3.512731070086716,0.0,2.0,4.0,4.0,4.0,4.0,4.0,4.0,4.0,4.0,4.0,4.0,4.0,4.0,4.0,4.0,100.0,,,,,,,,,,,,,,,,,,,,,,,,,,,,,,,,,,,,,,,
13221,1754692297.887395,103.12441897392272,1754692297.961189,36.0,0.0,0.9109708806162756,9.3833902851606,-0.6618328448853958,2.1410749414298493,-2.597633036587524,-1.1409851706335417,-0.3908240124365534,2.9264839863162138,0.7414137015848041,-1.6611817431654003,2.17689413606098,0.061364247489962,-5.643099718667656,-2.9744921521988203,0.0,2.0,4.0,4.0,4.0,4.0,4.0,4.0,4.0,4.0,4.0,4.0,4.0,4.0,4.0,4.0,100.0,0.5705442428588867,0.36492919921875,-0.5902099609375,0.43927001953125,0.992690920829773,-0.1748073548078537,-0.0327153429388999,-51.29167556762695,-106.32181549072266,3.4393835067749023,,,,,,,,,,,,,,,,,,,,,,,,,,,,,
13222,1754692297.895198,103.13222217559814,1754692297.9689932,37.0,0.0,1.518759371307823,15.661929953340149,0.2158890188918292,4.194776314058544,-1.1938997499694608,8.137620359039573,4.733782816412457,-5.05903004710197,-8.381858277347675,-2.503008564253633,-3.944905009144151,0.2441972965359298,-2.1171507448212026,-0.3595629417498287,0.0,2.0,4.0,4.0,4.0,4.0,4.0,4.0,4.0,4.0,4.0,4.0,4.0,4.0,4.0,4.0,100.0,,,,,,,,,,,,,,,,,,,,,,,,,,,,,,,,,,,,,,,
13223,1754692297.903001,103.14002513885498,1754692297.9767962,38.0,0.0,1.793727575100121,22.00465268089377,0.2359710766741329,6.719768865806174,0.8545903175509295,10.172975928761872,4.597510074428129,-4.008411797981324,-3.721173943288676,-3.916819317596918,-2.4291902135277894,-2.576867435371213,-2.13639111321865,-0.3393502816356601,0.0,2.0,4.0,4.0,4.0,4.0,4.0,4.0,4.0,4.0,4.0,4.0,4.0,4.0,4.0,4.0,100.0,,,,,,,,,,,,,,,,,,,,,,,,,,,,,,,,,,,,,,,
13224,1754692297.910804,103.14782810211182,1754692297.984599,39.0,0.0,2.216792909517949,20.06048060622686,-1.8781000454565628,2.343672470976685,-1.672977670233763,4.34345291109355,-1.085007187137876,1.8802448776299343,0.5874191325045786,-3.055473124767218,1.5200789056674466,-1.5684509224917065,-3.9195408659062414,-3.366369390850309,0.0,2.0,4.0,4.0,4.0,4.0,4.0,4.0,4.0,4.0,4.0,4.0,4.0,4.0,4.0,4.0,100.0,,,,,,,,,,,,,,,,,,,,,,,,,,,,,,,,,,,,,,,
13225,1754692297.918607,103.15563106536864,1754692297.992602,40.0,0.0,0.6793912354426652,14.349128590974772,-0.7302084287941284,-2.207269640192578,-2.418063507637896,2.6496121828320724,-1.5543516524309666,-1.2422467822463543,-6.7863740260197005,-1.7983101418960246,0.8387972407988968,3.482826368094095,1.7764453609455018,2.0304831681804103,0.0,2.0,4.0,4.0,4.0,4.0,4.0,4.0,4.0,4.0,4.0,4.0,4.0,4.0,4.0,4.0,100.0,0.3232462108135223,0.62744140625,-0.2952880859375,0.6439208984375,0.9970855116844176,-0.1748073548078537,-0.0415045395493507,-51.44121551513672,-106.77043151855467,3.1403067111968994,,,,,,,,,,,,,,,,,,,,,,,,,,,,,
13226,1754692297.92641,103.16343402862547,1754692298.000405,41.0,0.0,-0.8097489299242397,11.66801824392735,1.5810966890172722,-1.635454727415777,4.99823653013766,1.173338901507691,-0.3388410137002893,-5.9384770825926125,-11.396291381290098,-6.489037766987963,-3.2573330184053475,2.164624004987786,1.122318093932904,5.786747625051817,0.0,2.0,4.0,4.0,4.0,4.0,4.0,4.0,4.0,4.0,4.0,4.0,4.0,4.0,4.0,4.0,100.0,,,,,,,,,,,,,,,,,,,,,,,,,,,,,,,,,,,,,,,
13227,1754692297.934213,103.17123699188232,1754692298.008208,42.0,0.0,3.4383438331571483,10.815264090590688,2.0640422342223133,0.1117199233951282,4.104179410651511,1.0312959773561374,-2.8621533541352733,-2.723319505127449,-4.734896182362547,-4.389948004090741,-1.3888917931397486,2.1228188005626976,-3.4229223180082613,1.6444877168661949,0.0,2.0,4.0,4.0,4.0,4.0,4.0,4.0,4.0,4.0,4.0,4.0,4.0,4.0,4.0,4.0,100.0,,,,,,,,,,,,,,,,,,,,,,,,,,,,,,,,,,,,,,,
13228,1754692297.942016,103.17903995513916,1754692298.0161111,43.0,0.0,1.2089659541778983,7.656579092445014,-0.2282965054965586,-0.6529900293909066,-8.675746935189721,4.967393062276102,-6.023915059077893,-4.370663625356059,1.8862088716272467,3.211801245137764,-0.264645143726824,4.04462842176045,-2.886467765243964,-2.274576627084656,0.0,2.0,4.0,4.0,4.0,4.0,4.0,4.0,4.0,4.0,4.0,4.0,4.0,4.0,4.0,4.0,100.0,,,,,,,,,,,,,,,,,,,,,,,,,,,,,,,,,,,,,,,
13229,1754692297.949819,103.18684315681458,1754692298.0240152,44.0,0.0,-2.489305639010979,2.4657108531114886,0.9164433145861608,-2.9735995453383453,-6.28816878549236,6.530755770195412,-1.6913778880379482,-2.5629507071070634,4.519377060952195,4.230668569182456,-4.256202184050778,3.052548884123155,-1.0021396380392955,1.311070820374482,0.0,2.0,4.0,4.0,4.0,4.0,4.0,4.0,4.0,4.0,4.0,4.0,4.0,4.0,4.0,4.0,100.0,0.3231579065322876,0.62701416015625,-0.29522705078125,0.6444091796875,0.9863432049751282,-0.181155115365982,-0.0341802090406417,-51.14213943481445,-106.17227172851562,4.635690689086914,,,,,,,,,,,,,,,,,,,,,,,,,,,,,
13230,1754692297.957622,103.1946461200714,1754692298.0318182,45.0,0.0,-0.7156080620121941,-2.005495256921364,0.4736064701581597,-5.512390903173269,2.7805292931355723,0.9889652797513406,-0.2520800705966906,2.502226718781316,3.226248705926849,1.7179286807798633,-6.69708414010816,-2.1053027837748743,0.6474770381210817,-0.8547940792801967,0.0,2.0,4.0,4.0,4.0,4.0,4.0,4.0,4.0,4.0,4.0,4.0,4.0,4.0,4.0,4.0,100.0,,,,,,,,,,,,,,,,,,,,,,,,,,,,,,,,,,,,,,,
13231,1754692297.965425,103.20244908332825,1754692298.039621,46.0,0.0,-1.592387265527634,1.7170038464254844,-4.53874299929663,-1.929868000067529,2.736455863074241,1.8817864502629504,-1.3160548457645405,1.235417186884149,5.687141505004945,1.6706433686694595,-1.6665407408823398,-5.956878699357787,4.246367599565417,-9.515889007974296,0.0,2.0,4.0,4.0,4.0,4.0,4.0,4.0,4.0,4.0,4.0,4.0,4.0,4.0,4.0,4.0,100.0,,,,,,,,,,,,,,,,,,,,,,,,,,,,,,,,,,,,,,,
13232,1754692297.973228,103.21025204658508,1754692298.047524,47.0,0.0,-7.8306624255309885,1.4225362646685085,-8.41023833798721,1.8195039930197368,2.310563525818054,9.065937433152214,2.399595078931327,0.7778818633406104,3.717716763209012,0.445782986413235,-2.012302543173007,-5.832473353185321,1.0685072630981836,-12.72426648990853,0.0,2.0,4.0,4.0,4.0,4.0,4.0,4.0,4.0,4.0,4.0,4.0,4.0,4.0,4.0,4.0,100.0,,,,,,,,,,,,,,,,,,,,,,,,,,,,,,,,,,,,,,,
13233,1754692297.981031,103.21805500984192,1754692298.055427,48.0,0.0,-2.1190390239083285,-6.652414258892634,-1.8716202009812264,-0.3425298677914838,4.842546766663588,6.597091658084253,5.343084641154462,3.95025010698663,1.9406617594192423,0.4135583368421862,-3.4089227221441547,1.4376416115771349,-5.254954753248114,-3.5432324301030462,0.0,2.0,4.0,4.0,4.0,4.0,4.0,4.0,4.0,4.0,4.0,4.0,4.0,4.0,4.0,4.0,100.0,0.3228906393051147,0.6265869140625,-0.29522705078125,0.64495849609375,1.005386471748352,-0.1718776226043701,-0.0244144350290298,-51.14213943481445,-106.77043151855467,4.635690689086914,,,,,,,,,,,,,,,,,,,,,,,,,,,,,
13234,1754692297.988834,103.22585797309875,1754692298.06323,49.0,0.0,5.533274265117939,-12.581349923812128,0.3600823702521438,-5.925655000761367,-0.1508670146150734,-4.426288409141421,-0.8757739792782786,-1.0060515814622022,6.50052620675649,1.7050408569378988,1.9423988484717256,5.406629631342071,-4.333299887492217,2.358470387186003,0.0,2.0,4.0,4.0,4.0,4.0,4.0,4.0,4.0,4.0,4.0,4.0,4.0,4.0,4.0,4.0,100.0,,,,,,,,,,,,,,,,,,,,,,,,,,,,,,,,,,,,,,,
13235,1754692297.996637,103.23366117477416,1754692298.0710342,50.0,0.0,1.615668853888053,-6.768009138751097,-1.1456435315536169,-2.5001150916874053,-1.4922175135066595,-3.2654869557423467,-2.479582919616917,-1.8784071128680464,8.47183424920371,2.0650521831175297,6.978934699326089,4.03737411879905,2.9148696823667137,0.4002603581729431,0.0,2.0,4.0,4.0,4.0,4.0,4.0,4.0,4.0,4.0,4.0,4.0,4.0,4.0,4.0,4.0,100.0,,,,,,,,,,,,,,,,,,,,,,,,,,,,,,,,,,,,,,,
13236,1754692298.00444,103.241464138031,1754692298.078937,51.0,0.0,-5.007916087210617,-3.3702206307794427,-2.189684734829882,-1.2891350544737747,-1.2523775727364068,-0.1894510958737214,0.0536190625584254,2.1640819544581404,5.958827371799032,1.1093926484736016,2.8007884402258583,3.046770742610022,1.5935547924236175,-3.4418827454629195,0.0,2.0,4.0,4.0,4.0,4.0,4.0,4.0,4.0,4.0,4.0,4.0,4.0,4.0,4.0,4.0,100.0,,,,,,,,,,,75.0,4.0,20.47718620300293,4.0,34.54058074951172,4.0,18.43507575988769,1.0,54.37879180908203,4.0,14.360284805297852,4.0,19.53437614440918,4.0,21.543500900268555,4.0,22.84578323364257,4.0,24.37006378173828,4.0,30.767745971679688,4.0,32.044803619384766,4.0,21.58563232421875,4.0,24.621065139770508,4.0,26.042274475097656
13237,1754692298.012243,103.24926710128784,1754692298.0868402,52.0,0.0,-0.115634447654088,-4.641237945241869,-0.8507788716648292,-7.298846479911049,-2.600968437191227,-2.9568312309198745,0.7567278985178518,0.8402256252946927,10.1669533757198,6.646187579331922,1.2988224572703757,3.4392545087310964,1.0133372359485977,-0.3417314605213732,0.0,2.0,4.0,4.0,4.0,4.0,4.0,4.0,4.0,4.0,4.0,4.0,4.0,4.0,4.0,4.0,100.0,0.3222654461860657,0.62615966796875,-0.29534912109375,0.6456298828125,1.0029449462890625,-0.1743190735578537,-0.022949568927288,-50.99259948730469,-106.32181549072266,4.486152648925781,,,,,,,,,,,,,,,,,,,,,,,,,,,,,
13238,1754692298.020046,103.25707006454468,1754692298.094643,53.0,0.0,6.3733999052928425,-4.841475741228408,2.4253761900153563,-9.438559980410956,-3.233473468651084,-6.914240096226024,-1.0813567521245773,-4.219172461085748,2.241522081805158,2.2963861025440906,-0.8256738376763337,2.396392145173138,4.488036552020219,2.919853906395872,0.0,2.0,4.0,4.0,4.0,4.0,4.0,4.0,4.0,4.0,4.0,4.0,4.0,4.0,4.0,4.0,100.0,,,,,,,,,,,,,,,,,,,,,,,,,,,,,,,,,,,,,,,
13239,1754692298.027849,103.26487302780151,1754692298.102546,54.0,0.0,9.476026031384407,-2.247829006444846,10.6465466001234,-4.87116556440904,0.9215405941760936,-3.315520601512418,1.6005950549754004,-2.8516786317580056,-15.26397417403112,-8.659425617990365,-2.828723669292941,5.932155752371926,3.2883592273060174,5.433257032550699,0.0,2.0,4.0,4.0,4.0,4.0,4.0,4.0,4.0,4.0,4.0,4.0,4.0,4.0,4.0,4.0,100.0,,,,,,,,,,,,,,,,,,,,,,,,,,,,,,,,,,,,,,,
13240,1754692298.035652,103.27267599105836,1754692298.1103492,55.0,0.0,8.667403793527484,-2.80024754238886,10.706308337321644,-2.1504267556426555,3.1084356310705346,-2.898204489989638,1.6245407852022993,-0.0528555345656229,-15.727369594614371,-7.044083458007407,-4.869895280228064,8.069470605784119,-2.4365361230106544,5.605294029324597,0.0,2.0,4.0,4.0,4.0,4.0,4.0,4.0,4.0,4.0,4.0,4.0,4.0,4.0,4.0,4.0,100.0,,,,,,,,,,,,,,,,,,,,,,,,,,,,,,,,,,,,,,,
13241,1754692298.043455,103.2804789543152,1754692298.118252,56.0,0.0,2.963739355172322,-5.561324588220202,3.8945916543360113,-0.9826474272164774,-0.8836754404507587,-6.401943629998812,-2.241049397989343,1.0993649794575615,-3.338488462229805,3.574465304976286,-5.276232524481372,4.705692539020049,-0.1917089117197861,6.479115978750372,0.0,2.0,4.0,4.0,4.0,4.0,4.0,4.0,4.0,4.0,4.0,4.0,4.0,4.0,4.0,4.0,100.0,0.3218156993389129,0.625732421875,-0.29541015625,0.646240234375,1.005386471748352,-0.1616235673427581,-0.0268558785319328,-49.945831298828125,-107.2190399169922,4.635690689086914,,,,,,,,,,,,,,,,,,,,,,,,,,,,,
13242,1754692298.051257,103.2882809638977,1754692298.1260562,57.0,0.0,-3.5164093813511386,-3.05936842947375,2.4580606157244915,0.2872371503252111,-2.22047374567336,-1.692151610825647,-3.6372401881755536,0.6269993591320713,3.615006309215744,4.821940499734694,0.294150425604414,0.5082093803701468,-0.2620315746573283,3.74528170471632,0.0,2.0,4.0,4.0,4.0,4.0,4.0,4.0,4.0,4.0,4.0,4.0,4.0,4.0,4.0,4.0,100.0,,,,,,,,,,,,,,,,,,,,,,,,,,,,,,,,,,,,,,,
13243,1754692298.059061,103.29608511924744,1754692298.1338592,58.0,0.0,-4.01977822868281,2.464351490306342,0.6475581122307972,0.9915555536094304,1.3635058505128086,2.5127694530796703,-3.0505336831570844,2.1451771338014964,3.51114790633568,-1.774345257114021,4.936302747184925,-2.787269200189769,-9.34850450686082,-5.679319909470053,0.0,2.0,4.0,4.0,4.0,4.0,4.0,4.0,4.0,4.0,4.0,4.0,4.0,4.0,4.0,4.0,100.0,,,,,,,,,,,,,,,,,,,,,,,,,,,,,,,,,,,,,,,
13244,1754692298.066864,103.30388808250429,1754692298.141762,59.0,0.0,0.6433369267053308,4.853711629242923,-2.4197227098409826,0.3052897908930276,0.8565803223293074,-0.5150206544092839,-2.1673533230339785,5.796204958041187,3.926885401452808,-0.5493937086378651,3.1193553334775856,-2.421974807420895,-1.692794687324124,-7.483332310075923,0.0,2.0,4.0,4.0,4.0,4.0,4.0,4.0,4.0,4.0,4.0,4.0,4.0,4.0,4.0,4.0,100.0,,,,,,,,,,,,,,,,,,,,,,,,,,,,,,,,,,,,,,,
13245,1754692298.074667,103.31169104576112,1754692298.149665,60.0,0.0,4.946672301107412,2.189986564561025,1.604788812494064,-4.211676920685875,1.7242561502753802,-2.505669530888497,-1.5044877743575285,0.0158620600832932,-0.0159068916117917,-1.2101781781775005,-1.2948852439198504,0.6103160823941494,9.459156708843976,-1.4342527915377443,0.0,2.0,4.0,4.0,4.0,4.0,4.0,4.0,4.0,4.0,4.0,4.0,4.0,4.0,4.0,4.0,100.0,0.3212488293647766,0.62542724609375,-0.29547119140625,0.64678955078125,1.006851315498352,-0.1596704125404358,-0.0258793011307716,-50.69352340698242,-107.2190399169922,3.887998819351196,,,,,,,,,,,,,,,,,,,,,,,,,,,,,
13246,1754692298.08247,103.31949400901794,1754692298.157468,61.0,0.0,7.620815794731499,2.2059161516838515,6.4248344377204205,-4.98427010845964,8.796461471805998,0.4897311046177321,2.0951585532705224,-5.039994043097266,-5.725415562282905,-4.803957527402616,-3.533126188710156,3.4084547435934667,-0.2586412314558117,0.3964643944030115,0.0,2.0,4.0,4.0,4.0,4.0,4.0,4.0,4.0,4.0,4.0,4.0,4.0,4.0,4.0,4.0,100.0,,,,,,,,,,,,,,,,,,,,,,,,,,,,,,,,,,,,,,,
13247,1754692298.090273,103.32729697227478,1754692298.165271,62.0,0.0,2.4746855496686635,6.186237827038838,0.9114279327781674,-0.0644966871705605,4.133874016300922,1.096632718017588,1.6020865261161248,-2.107226721785139,-3.719835307058986,-2.536780825478729,-2.460342460498908,2.0083989843696486,-5.980950376698786,-0.986480291826922,0.0,2.0,4.0,4.0,4.0,4.0,4.0,4.0,4.0,4.0,4.0,4.0,4.0,4.0,4.0,4.0,100.0,,,,,,,,,,,,,,,,,,,,,,,,,,,,,,,,,,,,,,,
13248,1754692298.098076,103.3351001739502,1754692298.173174,63.0,0.0,-5.015862469459989,9.693184687826488,-2.2919943896022232,1.127358146444294,-7.037736761372344,-0.8955140735070017,-3.167942852495344,0.9095095676939308,1.3733457343419104,1.9048743875550824,-1.4792769323762514,1.0213643035945097,0.2352076434108312,3.808658514813942,0.0,2.0,4.0,4.0,4.0,4.0,4.0,4.0,4.0,4.0,4.0,4.0,4.0,4.0,4.0,4.0,100.0,,,,,,,,,,,,,,,,,,,,,,,,,,,,,,,,,,,,,,,
13249,1754692298.105878,103.34290218353271,1754692298.181078,64.0,0.0,-2.931992659053094,13.124360363181268,3.332773934207353,0.1561381591056942,-2.3449912140210927,-0.5115990917731779,-1.7953010055878167,-0.3206607259742213,1.5288469214017368,-0.0452069773584753,-2.7608212612119587,3.928173423411181,-3.52431979136486,7.044567310803132,3315.0,2.0,4.0,4.0,4.0,4.0,4.0,4.0,4.0,4.0,4.0,4.0,4.0,4.0,4.0,4.0,100.0,0.3210968375205993,0.625,-0.29547119140625,0.64727783203125,1.010269284248352,-0.1538109481334686,-0.0249027237296104,-52.48798370361328,-106.62088775634766,4.785229206085205,,,,,,,,,,,,,,,,,,,,,,,,,,,,,
13250,1754692298.113682,103.35070610046388,1754692298.1888812,65.0,0.0,-0.1842921469132079,16.877013670940983,3.012174219215126,1.0246839957236489,0.8792518524770685,0.3457756164854118,2.395575716419557,-2.862357276198395,-0.6528372475985407,-4.42949919567252,-6.197299048927903,2.1804837819164504,-5.073597257685265,-0.7307085758924359,3509.0,2.0,4.0,4.0,4.0,4.0,4.0,4.0,4.0,4.0,4.0,4.0,4.0,4.0,4.0,4.0,100.0,,,,,,,,,,,,,,,,,,,,,,,,,,,,,,,,,,,,,,,
13251,1754692298.121485,103.3585090637207,1754692298.196684,66.0,0.0,-1.90249936421327,20.390455284829443,-2.3678497569343904,-0.10084868953885,-4.8174505730657415,2.317683175741479,3.124312635550325,0.8528452543710614,1.8443497931348816,-4.557560199035322,0.3976595515410395,-1.041339964101951,4.049360353272107,-5.933940108026434,3497.0,2.0,4.0,4.0,4.0,4.0,4.0,4.0,4.0,4.0,4.0,4.0,4.0,4.0,4.0,4.0,100.0,,,,,,,,,,,,,,,,,,,,,,,,,,,,,,,,,,,,,,,
13252,1754692298.129288,103.36631202697754,1754692298.2043872,67.0,0.0,-5.289993458379996,19.972542685713705,-3.904132130189538,-2.016114798031396,-7.77315646131936,-0.7506159790225695,0.6605458336927938,7.937329567498836,6.657518376156276,-6.040760857856895,8.213005196158264,-1.150812948691765,2.14256129912107,-1.6389496530348708,3615.0,2.0,4.0,4.0,4.0,4.0,4.0,4.0,4.0,4.0,4.0,4.0,4.0,4.0,4.0,4.0,100.0,,,,,,,,,,,,,,,,,,,,,,,,,,,,,,,,,,,,,,,
13253,1754692298.137091,103.37411499023438,1754692298.21229,68.0,0.0,-4.233629881378562,20.18469533626498,-2.816573155725252,-2.6294804261348474,-9.276686473789283,-4.120401553352764,0.8428772972923468,9.857338525548442,10.15744090473558,-2.2633141995585504,2.2607978207523445,0.7160018299167348,0.0271406674511069,3.862550166006116,3627.0,2.0,4.0,4.0,4.0,4.0,4.0,4.0,4.0,4.0,4.0,4.0,4.0,4.0,4.0,4.0,100.0,0.3205691874027252,0.62451171875,-0.29547119140625,0.64801025390625,1.005386471748352,-0.155764102935791,-0.0097657740116119,-51.44121551513672,-107.51811981201172,5.383382797241211,,,,,,,,,,,,,,,,,,,,,,,,,,,,,
13254,1754692298.144894,103.3819179534912,1754692298.220094,69.0,0.0,0.0301397158750091,19.770392469120395,-2.600922786668036,-5.562023379618552,-9.127399660399137,-2.575286791155179,2.573568937325433,4.470965153178838,0.6948573467875008,2.623317525944856,-8.846724257325661,-0.7048044259423136,2.8635429740162976,-0.0408695221672701,3510.0,2.0,4.0,4.0,4.0,4.0,4.0,4.0,4.0,4.0,4.0,4.0,4.0,4.0,4.0,4.0,100.0,,,,,,,,,,,,,,,,,,,,,,,,,,,,,,,,,,,,,,,
13255,1754692298.152696,103.38971996307372,1754692298.227997,70.0,0.0,1.6852818701767944,16.63142212398813,-0.066621321066151,-4.065882330394317,0.5819789507908979,0.7431836440368613,2.888820670998456,4.75226227542268,-4.115019741530915,0.9867158832944084,-10.062625324599622,-1.7422385272798522,-1.1061272669969924,-1.0821732329559666,3491.0,2.0,4.0,4.0,4.0,4.0,4.0,4.0,4.0,4.0,4.0,4.0,4.0,4.0,4.0,4.0,100.0,,,,,,,,,,,,,,,,,,,,,,,,,,,,,,,,,,,,,,,
13256,1754692298.160499,103.39752316474916,1754692298.2358,71.0,0.0,-2.2125947584088976,12.12664365666177,0.1157226563852305,-2.2242431981883897,3.345847844730258,-0.6224301313753244,-0.3951141218902307,7.469624026700501,8.32289735228386,-0.2343014494079511,-5.113295428964477,-1.1398941077766835,-7.916164595370049,1.1427640677435988,3491.0,2.0,4.0,4.0,4.0,4.0,4.0,4.0,4.0,4.0,4.0,4.0,4.0,4.0,4.0,4.0,100.0,,,,,,,,,,,,,,,,,,,,,,,,,,,,,,,,,,,,,,,
13257,1754692298.168303,103.4053270816803,1754692298.243803,72.0,0.0,-2.3911933631709985,11.604602970661915,0.2233377159888618,-0.767930675853961,-4.122994824722184,-1.1453031535268678,2.24721745875803,4.06150646311761,5.1453182853480826,-1.0659683893989609,-1.536864851648545,0.4913176931665362,-5.689112072913588,1.554194202514907,3595.0,2.0,4.0,4.0,4.0,4.0,4.0,4.0,4.0,4.0,4.0,4.0,4.0,4.0,4.0,4.0,100.0,0.3198220431804657,0.6241455078125,-0.29571533203125,0.64862060546875,0.992202639579773,-0.1582055389881134,-0.0039063096046447,-50.69352340698242,-105.7236557006836,5.831998348236084,,,,,,,,,,,,,,,,,,,,,,,,,,,,,
13258,1754692298.176106,103.41313004493712,1754692298.251606,73.0,0.0,0.3455338441557103,9.27127350260966,1.5618558490953944,1.517821973391932,-4.646559731988106,1.2671414185423089,5.9187043698451305,-3.086033933759751,-14.853351022748171,-9.13398629713734,-3.3793462005061485,0.3938071893465746,1.379219859733979,3.2014546404296595,3603.0,2.0,4.0,4.0,4.0,4.0,4.0,4.0,4.0,4.0,4.0,4.0,4.0,4.0,4.0,4.0,100.0,,,,,,,,,,,,,,,,,,,,,,,,,,,,,,,,,,,,,,,
13259,1754692298.183909,103.42093300819396,1754692298.2594092,74.0,0.0,-0.2611147337729846,2.756805806376605,1.8279162384214656,4.538996801719776,1.8235209249214392,2.839549379825684,0.0198064773275916,-5.215693093688088,-12.52248231990555,-8.837037716948572,-5.264764220282387,-1.9272650332932528,0.9760234137072246,4.699163852932514,3607.0,2.0,4.0,4.0,4.0,4.0,4.0,4.0,4.0,4.0,4.0,4.0,4.0,4.0,4.0,4.0,100.0,,,,,,,,,,,,,,,,,,,,,,,,,,,,,,,,,,,,,,,
13260,1754692298.191712,103.4287359714508,1754692298.2672122,75.0,0.0,-0.9967495627587936,-3.768107211948916,1.7412719083345678,5.613051457867243,2.611472385484433,1.4217796523367383,-4.976751223298322,-3.126463157182968,1.0064313969765522,3.000225307772837,-0.0827789487711356,-2.5749636744193936,-4.920507006025844,3.468184733578312,3554.0,2.0,4.0,4.0,4.0,4.0,4.0,4.0,4.0,4.0,4.0,4.0,4.0,4.0,4.0,4.0,100.0,,,,,,,,,,,,,,,,,,,,,,,,,,,,,,,,,,,,,,,
13261,1754692298.199515,103.43653917312622,1754692298.275116,76.0,0.0,-1.3650118495602328,-7.374267591591888,0.062174991455322,6.84243614903653,2.761551553638583,0.0003423393509365,-3.460338198145564,-4.7184272860890815,-0.6976298548775048,6.857359229823032,3.352503535210872,-0.6535925170724113,-4.893447586653338,5.228763658661137,3557.0,2.0,4.0,4.0,4.0,4.0,4.0,4.0,4.0,4.0,4.0,4.0,4.0,4.0,4.0,4.0,100.0,0.5700434446334839,0.36468505859375,-0.5863037109375,0.4453125,1.003921627998352,-0.1679713129997253,-0.0126955062150955,-51.88983154296875,-106.17227172851562,5.831998348236084,,,,,,,,,,,,,,,,,,,,,,,,,,,,,
13262,1754692298.207317,103.44434118270874,1754692298.2829192,77.0,0.0,-4.076634501003497,-10.914299156704288,-2.4338017651308803,7.98173912610477,4.989989431381986,3.189412455355381,-5.071249386822416,-4.823431838052471,-0.7108321507277253,2.193937268806025,-0.718253943812357,0.7670342569188904,1.7891383795941636,4.054158290519666,3315.0,2.0,4.0,4.0,4.0,4.0,4.0,4.0,4.0,4.0,4.0,4.0,4.0,4.0,4.0,4.0,100.0,,,,,,,,,,,,,,,,,,,,,,,,,,,,,,,,,,,,,,,
13263,1754692298.21512,103.45214414596558,1754692298.290822,78.0,0.0,-4.124390282294343,-21.239693863478777,-3.0816739844685515,2.883633773417415,4.7959617096285285,4.667098795725025,-7.69156019365343,-1.2591226039653236,5.276502285330963,0.4394223476038235,0.586735243369759,0.9725444566884393,3.582851049648781,-4.1800115059749885,3607.0,2.0,4.0,4.0,4.0,4.0,4.0,4.0,4.0,4.0,4.0,4.0,4.0,4.0,4.0,4.0,100.0,,,,,,,,,,,,,,,,,,,,,,,,,,,,,,,,,,,,,,,
13264,1754692298.222924,103.45994806289671,1754692298.298625,79.0,0.0,-2.2053610476057486,-30.33753960099492,-1.382444869835382,1.8793132252551168,5.58823478979977,1.2626160929901005,-4.679312172688498,-4.514159858925979,2.570184091205846,-1.5705766330663948,9.24651270892329,4.382790875783229,3.96042899998244,-4.560908304483547,3554.0,2.0,4.0,4.0,4.0,4.0,4.0,4.0,4.0,4.0,4.0,4.0,4.0,4.0,4.0,4.0,100.0,,,,,,,,,,,,,,,,,,,,,,,,,,,,,,,,,,,,,,,
13265,1754692298.230727,103.46775102615356,1754692298.306528,80.0,0.0,-4.719205427898714,-31.01522473553609,-1.6290130872955615,1.2784076183349953,4.478933498315882,-0.2729875793618248,-4.6675053743822446,-8.427306490926867,1.568359626469146,-0.5302583620789392,7.369405567563035,7.015159518560495,7.803098882645145,-0.2259363400014535,3557.0,2.0,4.0,4.0,4.0,4.0,4.0,4.0,4.0,4.0,4.0,4.0,4.0,4.0,4.0,4.0,100.0,0.5703725218772888,0.36456298828125,-0.5860595703125,0.4453125,0.9980621337890624,-0.1669947355985641,-0.0131837949156761,-50.69352340698242,-106.47135162353516,4.635690689086914,,,,,,,,,,,,,,,,,,,,,,,,,,,,,
13266,1754692298.23853,103.4755539894104,1754692298.3144312,81.0,0.0,-1.8581555305115671,-26.536925048988223,1.2423587291220883,-3.861527836472078,3.2479753603131485,-2.0150793786699523,-7.782111651446712,-1.2343424078383125,4.233877804753092,7.595385313981069,0.0432493341302233,4.860167659207264,2.568038733550793,-1.9940448400964208,3315.0,2.0,4.0,4.0,4.0,4.0,4.0,4.0,4.0,4.0,4.0,4.0,4.0,4.0,4.0,4.0,100.0,,,,,,,,,,,,,,,,,,,,,,,,,,,,,,,,,,,,,,,
13267,1754692298.246333,103.48335695266724,1754692298.3222342,82.0,0.0,2.1877559784971368,-21.931362842965825,2.820769191317652,-1.6799261516634374,4.5896773063514615,-4.541481670382325,-5.161806476027721,4.702269724490691,2.039762495438083,7.924654296329265,2.972975457558789,1.1583508981676118,-7.026121950863569,-4.95820619893351,3607.0,2.0,4.0,4.0,4.0,4.0,4.0,4.0,4.0,4.0,4.0,4.0,4.0,4.0,4.0,4.0,100.0,,,,,,,,,,,,,,,,,,,,,,,,,,,,,,,,,,,,,,,
13268,1754692298.254135,103.49115896224976,1754692298.330038,83.0,0.0,-3.1439841243170576,-19.538558088464697,-1.3636789656422934,5.007070213513771,6.246967303793326,0.4161142789387213,0.0251868933876266,1.8758216621938573,0.1453751167771315,2.9600081822097764,6.501741350421298,-0.914843043547762,-5.660188094444948,-6.02858378288488,3554.0,2.0,4.0,4.0,4.0,4.0,4.0,4.0,4.0,4.0,4.0,4.0,4.0,4.0,4.0,4.0,100.0,,,,,,,,,,,,,,,,,,,,,,,,,,,,,,,,,,,,,,,
13269,1754692298.261938,103.49896216392516,1754692298.3377411,84.0,0.0,-8.148865068796539,-22.11293685816051,-6.103054918110018,2.6223750756803668,4.422793123094863,6.961826690584559,0.7869648526252888,-0.8169564211216027,0.8561854913246236,5.077960294889209,0.8377918794222126,-3.2063625740752,2.644179369754766,-3.724177673610456,3557.0,2.0,4.0,4.0,4.0,4.0,4.0,4.0,4.0,4.0,4.0,4.0,4.0,4.0,4.0,4.0,100.0,0.5704349279403687,0.36468505859375,-0.58587646484375,0.44537353515625,0.9961089491844176,-0.1630884259939193,-0.0151369497179985,-50.69352340698242,-106.47135162353516,4.635690689086914,,,,,,,,,,,,,,,,,,,,,,,,,,,,,
13270,1754692298.269741,103.506765127182,1754692298.345544,85.0,0.0,-3.5708942150919256,-19.74303994592776,-4.987957816838957,0.1453737821324239,3.578437497928803,6.005800591930779,0.8445331335655055,0.9889326908358952,1.0752219803242724,10.755163277558836,-2.848079425178753,-4.1921838367703685,2.320321864250104,1.0445901891624771,3315.0,2.0,4.0,4.0,4.0,4.0,4.0,4.0,4.0,4.0,4.0,4.0,4.0,4.0,4.0,4.0,100.0,,,,,,,,,,,,,,,,,,,,,,,,,,,,,,,,,,,,,,,
13271,1754692298.277545,103.51456904411316,1754692298.3532472,86.0,0.0,-1.7996938127362796,-11.952452420131578,-3.7519691636067023,2.8163785081969195,5.099125484613012,2.2976703402941325,4.949019455811992,1.5705722958063577,0.2462935287121013,7.085995712838155,-0.3666054660766917,-4.501459164551363,-3.5595898674146724,-1.205025526781867,3607.0,2.0,4.0,4.0,4.0,4.0,4.0,4.0,4.0,4.0,4.0,4.0,4.0,4.0,4.0,4.0,100.0,,,,,,,,,,,,,,,,,,,,,,,,,,,,,,,,,,,,,,,
13272,1754692298.285348,103.52237200737,1754692298.361051,87.0,0.0,-0.1710040089102733,-10.526455025347474,-5.39524761818862,0.093268352963463,4.959590030241856,0.4205435475695083,7.35312418109956,1.904363543459425,-0.3307696568892027,3.02147660554769,1.693797198276883,-3.053801698824969,-0.5563972776448338,-4.147550082578761,3554.0,2.0,4.0,4.0,4.0,4.0,4.0,4.0,4.0,4.0,4.0,4.0,4.0,4.0,4.0,4.0,100.0,,,,,,,,,,,,,,,,,,,,,,,,,,,,,,,,,,,,,,,
13273,1754692298.293151,103.53017497062685,1754692298.368854,88.0,0.0,2.941815225053972,-12.729174672205032,-4.501444329023968,-4.708866035161634,3.6670926140662345,-2.2620220092500745,1.1608674644670032,1.612242199982859,-3.158150307733365,6.711456564968387,-1.9200791479312893,-1.0299278689087146,3.366165184888416,2.6552544443196098,3557.0,2.0,4.0,4.0,4.0,4.0,4.0,4.0,4.0,4.0,4.0,4.0,4.0,4.0,4.0,4.0,100.0,0.5703088045120239,0.36492919921875,-0.58575439453125,0.44549560546875,1.006851315498352,-0.1567406803369522,-0.0014648661017417,-50.39444732666016,-106.47135162353516,4.635690689086914,,,,,,,,,,,,,,,,,,,,,,,,,,,,,
13274,1754692298.300954,103.53797817230225,1754692298.376657,89.0,0.0,-1.839053152614582,-8.7985782989916,0.4813347128485077,-1.503676805771505,3.4960507892966746,-2.3579113369258664,-3.168141963391321,0.8822995791939832,-1.1755287215445094,7.751036303143024,-0.2136387922554092,0.5421835815779161,2.826079598565599,6.592071567134241,3315.0,2.0,4.0,4.0,4.0,4.0,4.0,4.0,4.0,4.0,4.0,4.0,4.0,4.0,4.0,4.0,100.0,,,,,,,,,,,,,,,,,,,,,,,,,,,,,,,,,,,,,,,
13275,1754692298.308756,103.54578018188477,1754692298.38446,90.0,0.0,-5.973990866874914,-6.68678245766759,1.7229377401417023,-1.2364113154431775,-1.3513743938334244,-2.0039078074138104,-0.6958719583277286,1.540206287807365,2.9161157468028307,3.0374972992330243,4.857728178751046,0.6299139331898971,-1.7080589774498949,1.0986586839152608,3607.0,2.0,4.0,4.0,4.0,4.0,4.0,4.0,4.0,4.0,4.0,4.0,4.0,4.0,4.0,4.0,100.0,,,,,,,,,,,,,,,,,,,,,,,,,,,,,,,,,,,,,,,
13276,1754692298.316559,103.5535831451416,1754692298.3922632,91.0,0.0,0.8922313655128846,-2.716729403310751,1.82301469211086,-1.624392255321368,-5.541891626273468,0.1690680201257919,3.386920074967634,1.7852019481737216,0.8862564144959606,-1.703725078746288,4.189010072586711,0.0244577040083413,-1.6273935010450489,-0.5054296959502835,3554.0,2.0,4.0,4.0,4.0,4.0,4.0,4.0,4.0,4.0,4.0,4.0,4.0,4.0,4.0,4.0,100.0,,,,,,,,,,,,,,,,,,,,,,,,,,,,,,,,,,,,,,,
13277,1754692298.324362,103.56138610839844,1754692298.400067,92.0,0.0,0.7947264759316113,4.717250980547078,3.76560070299206,-0.5818529626310465,-3.4872986418411074,-0.5688374836329331,1.4356097313750524,-1.3131609740346448,2.345967061011152,-3.428621277857701,-0.2550778044153503,-1.8573740436038408,2.554291652059419,-2.681343921484085,3557.0,2.0,4.0,4.0,4.0,4.0,4.0,4.0,4.0,4.0,4.0,4.0,4.0,4.0,4.0,4.0,100.0,0.5700639486312866,0.364990234375,-0.5858154296875,0.4456787109375,0.991226077079773,-0.1567406803369522,-0.0146486610174179,-52.48798370361328,-106.32181549072266,4.187075614929199,,,,,,,,,,,,,,,,,,,,,,,,,,,,,
13278,1754692298.332166,103.5691900253296,1754692298.40787,93.0,0.0,-6.77116504120238,7.139326763083886,4.283871563959224,-0.4459966488478812,-2.1270324645341816,-2.2203686472047366,-2.6183305110320134,1.206893346079255,14.798468770813656,0.4925926755505543,1.7424296299546995,-0.8968050737006479,2.2482871827029385,-4.522797421522569,3315.0,2.0,4.0,4.0,4.0,4.0,4.0,4.0,4.0,4.0,4.0,4.0,4.0,4.0,4.0,4.0,100.0,,,,,,,,,,,,,,,,,,,,,,,,,,,,,,,,,,,,,,,
13279,1754692298.339969,103.57699298858644,1754692298.415673,94.0,0.0,-7.000367818013302,5.491540662103461,1.4753866311125137,0.1022339673249632,-5.482736778979898,0.721847164514628,-3.6001302756108373,2.9298882293119,13.320967934848312,-0.3276698405866511,4.5666626883739525,-2.5554482921466217,0.2490098579148423,-2.5952477174455737,3607.0,2.0,4.0,4.0,4.0,4.0,4.0,4.0,4.0,4.0,4.0,4.0,4.0,4.0,4.0,4.0,100.0,,,,,,,,,,,,,,,,,,,,,,,,,,,,,,,,,,,,,,,
13280,1754692298.347772,103.58479595184326,1754692298.423576,95.0,0.0,-0.2951992456503376,11.65732927368731,2.481948388946193,3.721546848077878,-2.0184266656890486,2.253073398455172,0.6221201329578889,-1.567856521132171,0.1829463815186045,-8.262422076589928,5.1542234444170845,-5.426211010076486,-1.7768488820754555,-1.9001836530198943,3554.0,2.0,4.0,4.0,4.0,4.0,4.0,4.0,4.0,4.0,4.0,4.0,4.0,4.0,4.0,4.0,100.0,,,,,,,,,,,,,,,,,,,,,,,,,,,,,,,,,,,,,,,
13281,1754692298.355574,103.59259796142578,1754692298.431479,96.0,0.0,3.76652625649956,18.50181122971924,3.5192986393675483,4.1967048415707495,2.528417745558613,-0.9160936070412616,0.9599138179963802,-4.93146805179515,-3.014970415936318,-9.082337607923478,4.93468453425055,-5.15789263417912,-5.599190467493486,-1.911624384649372,3557.0,2.0,4.0,4.0,4.0,4.0,4.0,4.0,4.0,4.0,4.0,4.0,4.0,4.0,4.0,4.0,100.0,0.5701447129249573,0.3648681640625,-0.58599853515625,0.4454345703125,0.9965972304344176,-0.1606469899415969,-0.018066681921482,-49.04859924316406,-106.62088775634766,5.532921314239502,,,,,,,,,,,,,,,,,,,,,,,,,,,,,
13282,1754692298.363377,103.6004011631012,1754692298.4392822,97.0,0.0,1.7736028464564129,13.161150272621342,3.0687398750828265,2.2422953071422285,-3.1562389405085582,-2.3115186040354843,-5.2476441956492295,-2.023803216056024,2.137343346385421,1.3126189667386257,4.127635957095606,-3.5874737597592343,-1.1085532190095932,-2.021985427621587,3315.0,2.0,4.0,4.0,4.0,4.0,4.0,4.0,4.0,4.0,4.0,4.0,4.0,4.0,4.0,4.0,100.0,,,,,,,,,,,,,,,,,,,,,,,,,,,,,,,,,,,,,,,
13283,1754692298.37118,103.60820412635805,1754692298.447086,98.0,0.0,-2.7324777344435347,4.396306957009813,-2.482616376395697,-0.2749793660638602,-9.09754993987707,-0.9331858145521325,-8.869000014738674,0.8214608987439647,4.9430657086830365,4.428727611915576,4.235361130956164,-3.029869695254717,7.83990481651773,-3.9343114702889466,3607.0,2.0,4.0,4.0,4.0,4.0,4.0,4.0,4.0,4.0,4.0,4.0,4.0,4.0,4.0,4.0,100.0,,,,,,,,,,,,,,,,,,,,,,,,,,,,,,,,,,,,,,,
13284,1754692298.378983,103.61600708961488,1754692298.4549892,99.0,0.0,0.0963740820219527,8.235583223122717,-6.718422282592314,-3.208382838052444,-5.286933800996508,-0.7542293432217093,-5.427363709013321,0.6017122838483147,5.078078584028276,2.1469855543658696,2.6869519097361945,0.5686433825097765,5.68709673006731,-2.138055031207955,3554.0,2.0,4.0,4.0,4.0,4.0,4.0,4.0,4.0,4.0,4.0,4.0,4.0,4.0,4.0,4.0,100.0,,,,,,,,,,,,,,,,,,,,,,,,,,,,,,,,,,,,,,,
13285,1754692298.386787,103.62381100654602,1754692298.462892,100.0,0.0,0.795473505098073,13.009719743805874,-4.392579141282056,-4.452051160245844,-1.5443297063356454,-6.237359376919301,-2.0881666059776194,-1.0197894173097095,-0.4193606996045105,2.493329646078621,-0.3021653576428775,3.537462765849398,2.085008635693669,3.764250035554653,3557.0,2.0,4.0,4.0,4.0,4.0,4.0,4.0,4.0,4.0,4.0,4.0,4.0,4.0,4.0,4.0,100.0,0.5696966052055359,0.36480712890625,-0.58642578125,0.44549560546875,1.0014801025390625,-0.1621118485927581,-0.0224612802267074,-51.14213943481445,-107.51811981201172,4.635690689086914,,,,,,,,,,,,,,,,,,,,,,,,,,,,,
13286,1754692298.39459,103.63161396980286,1754692298.470695,101.0,0.0,-2.57056996024761,7.647026401356527,-0.2702029327855939,-3.3551449804689923,-2.848338464380447,-10.338859648282266,-1.9513974327782648,-3.246062848076633,-5.129569439297427,2.2881772973915417,4.168678449648326,4.429715891228682,8.122081378452151,7.368123005615473,3315.0,2.0,4.0,4.0,4.0,4.0,4.0,4.0,4.0,4.0,4.0,4.0,4.0,4.0,4.0,4.0,100.0,,,,,,,,,,,,,,,,,,,,,,,,,,,,,,,,,,,,,,,
13287,1754692298.402393,103.63941717147829,1754692298.478498,102.0,0.0,1.477506315604387,1.048196233730323,1.3991932923427155,-3.6527282226647912,-4.631410984089143,-3.5539852483416325,0.1069951256581589,-3.609122517602827,-4.481661152190554,0.5186121333276787,3.1949861918137685,2.6746140370582907,2.6126046652811965,7.0230150156821765,3607.0,2.0,4.0,4.0,4.0,4.0,4.0,4.0,4.0,4.0,4.0,4.0,4.0,4.0,4.0,4.0,100.0,,,,,,,,,,,,,,,,,,,,,,,,,,,,,,,,,,,,,,,
13288,1754692298.410195,103.6472191810608,1754692298.486401,103.0,0.0,7.198443439651328,3.7964197686856096,3.4072559849651043,-2.057350992049124,0.2019960694938163,0.6537390034318378,5.678770671826442,-1.3589359793891165,-6.84152018251234,-2.031772494538928,-6.733005599626722,-2.611351360599201,-8.159484670634129,4.198755017442636,3554.0,2.0,4.0,4.0,4.0,4.0,4.0,4.0,4.0,4.0,4.0,4.0,4.0,4.0,4.0,4.0,100.0,,,,,,,,,,,,,,,,,,,,,,,,,,,,,,,,,,,,,,,
13289,1754692298.417998,103.65502214431764,1754692298.4943042,104.0,0.0,2.0349668714886207,8.57306803418868,3.049347925799964,1.0444541971971262,4.02810703541553,-4.82614937058662,7.047622234809467,2.557097003648039,-4.891789453485046,0.3273906997871449,-3.6866787558404326,-4.957185012228649,-4.234702611512887,-1.091875330567575,3557.0,2.0,4.0,4.0,4.0,4.0,4.0,4.0,4.0,4.0,4.0,4.0,4.0,4.0,4.0,4.0,100.0,0.5692368745803833,0.36456298828125,-0.5867919921875,0.44580078125,1.009292721748352,-0.1572289615869522,-0.0068360418081283,-50.99259948730469,-107.66765594482422,5.532921314239502,,,,,,,,,,,,,,,,,,,,,,,,,,,,,
13290,1754692298.425801,103.66282510757446,1754692298.502108,105.0,0.0,-5.554439820138327,5.128111665121992,-6.091761841957691,1.2257588122055267,-2.0097673235706,-2.342741314806176,1.8857486155947072,1.4903733079307813,3.604431048272886,4.447959850397069,4.329439079352937,-3.7083125682985374,-0.1454905773285872,-6.729946598671745,3315.0,2.0,4.0,4.0,4.0,4.0,4.0,4.0,4.0,4.0,4.0,4.0,4.0,4.0,4.0,4.0,100.0,,,,,,,,,,,,,,,,,,,,,,,,,,,,,,,,,,,,,,,
13291,1754692298.433604,103.6706280708313,1754692298.509911,106.0,0.0,-5.250652288544217,0.959146684797787,-8.90919832986313,-0.6439520495178215,-2.2975139153723205,6.041272591367459,3.1242957333879247,-2.04685657067742,6.424645824511089,2.295156873345121,2.703291999071069,-1.559456345573409,0.5901833239269934,-7.678745067238225,3607.0,2.0,4.0,4.0,4.0,4.0,4.0,4.0,4.0,4.0,4.0,4.0,4.0,4.0,4.0,4.0,100.0,,,,,,,,,,,,,,,,,,,,,,,,,,,,,,,,,,,,,,,
13292,1754692298.441408,103.67843198776244,1754692298.517714,107.0,0.0,-0.1301673306962811,-1.7277190749083502,1.602871002507868,-6.32681674821572,4.720150075248853,0.3134214775526516,6.785669317143288,-1.120242482690287,1.2686050754472262,-2.7989805841740463,0.0957699469726094,-0.3025386141854369,2.656329058636061,-2.4842307962995847,3554.0,2.0,4.0,4.0,4.0,4.0,4.0,4.0,4.0,4.0,4.0,4.0,4.0,4.0,4.0,4.0,100.0,,,,,,,,,,,,,,,,,,,,,,,,,,,,,,,,,,,,,,,
13293,1754692298.449211,103.68623495101927,1754692298.5256171,108.0,0.0,3.6354585853473225,-5.5812315268536,8.40482115204074,-8.869393195291678,2.872210142751527,-6.412409734652584,1.594081394961421,-1.395671842927669,-2.538064111521664,-2.403653035303733,2.7566359832494243,-2.4974755952348744,2.143303203247996,2.3408440035290994,3557.0,2.0,4.0,4.0,4.0,4.0,4.0,4.0,4.0,4.0,4.0,4.0,4.0,4.0,4.0,4.0,100.0,0.3201102614402771,0.62408447265625,-0.2955322265625,0.64862060546875,0.990249514579773,-0.1713893413543701,-0.0122072175145149,-50.99259948730469,-108.11627197265624,4.486152648925781,,,,,,,,,,,,,,,,,,,,,,,,,,,,,
13294,1754692298.457013,103.6940369606018,1754692298.53342,109.0,0.0,1.6915394578102223,-3.701075101075503,8.289182643768754,-0.3180194381682213,0.0494838303213782,-3.147624474709346,0.2939025794523786,-1.5520645734120535,-0.7102540094549568,-1.152606122578845,4.986821350542641,-1.0986013143681248,1.244555016986169,1.7180722755526858,3315.0,2.0,4.0,4.0,4.0,4.0,4.0,4.0,4.0,4.0,4.0,4.0,4.0,4.0,4.0,4.0,100.0,,,,,,,,,,,,,,,,,,,,,,,,,,,,,,,,,,,,,,,
13295,1754692298.464816,103.70184016227722,1754692298.541224,110.0,0.0,-0.2100279616626608,-1.156162818692053,7.576208166382742,5.766701931081855,6.871088423402227,-2.263213623721356,3.817315069923836,-1.5727430504818471,-4.182217060774917,-3.6437121686209935,-0.2985359468822821,1.8003769090353785,-0.1170085775190159,-3.7475463148336416,3607.0,2.0,4.0,4.0,4.0,4.0,4.0,4.0,4.0,4.0,4.0,4.0,4.0,4.0,4.0,4.0,100.0,,,,,,,,,,,,,,,,,,,,,,,,,,,,,,,,,,,,,,,
13296,1754692298.472619,103.70964312553406,1754692298.548927,111.0,0.0,6.106925313608599,-1.6873234988363492,8.014195173960843,7.0160617020676455,8.577863087194828,-0.0944428244672508,1.6691196762251366,-3.1643312262178824,-9.354937528848268,-2.1462190482309325,-4.405665658433691,1.2676926506921973,-1.951421042773518,-3.559494930562096,3554.0,2.0,4.0,4.0,4.0,4.0,4.0,4.0,4.0,4.0,4.0,4.0,4.0,4.0,4.0,4.0,100.0,,,,,,,,,,,,,,,,,,,,,,,,,,,,,,,,,,,,,,,
13297,1754692298.480422,103.7174460887909,1754692298.5568302,112.0,0.0,10.458220059410904,0.1609873087568303,6.226429358132918,6.971973844137665,1.2115954460036846,2.071247266283536,-3.797885652351852,-5.440924915458709,-7.257322452934204,-1.5031420251630152,-1.7964567984254245,-0.0694313520066316,-3.14598994052858,3.0711900950796007,3557.0,2.0,4.0,4.0,4.0,4.0,4.0,4.0,4.0,4.0,4.0,4.0,4.0,4.0,4.0,4.0,100.0,0.3201258778572082,0.6241455078125,-0.295654296875,0.64849853515625,1.008804440498352,-0.1723659187555313,-0.0146486610174179,-51.44121551513672,-108.26581573486328,3.5889220237731934,,,,,,,,,,,,,,,,,,,,,,,,,,,,,
13298,1754692298.488226,103.72525000572205,1754692298.564733,113.0,0.0,8.213587850583906,4.331981213429287,4.739766003523243,4.741441486247538,-0.3676119092145313,-3.87506101529317,-4.171067296889589,-6.545561063019534,-2.742119960911907,-4.669028673288096,0.3823060791470993,1.7018068862095674,-4.69404266291582,7.267840809605502,3315.0,2.0,4.0,4.0,4.0,4.0,4.0,4.0,4.0,4.0,4.0,4.0,4.0,4.0,4.0,4.0,100.0,,,,,,,,,,,,,,,,,,,,,,,,,,,,,,,,,,,,,,,
13299,1754692298.496029,103.73305296897888,1754692298.572536,114.0,0.0,6.542716799087913,1.7598412053094137,4.729486245081745,3.821066111149349,-0.1860013661502932,-7.073973786775213,-2.463918505200553,-3.921501376089026,-3.148978000529013,-3.802823975151085,1.565045794567169,0.5488944741532862,-1.895949713299359,5.55374147429032,3607.0,2.0,4.0,4.0,4.0,4.0,4.0,4.0,4.0,4.0,4.0,4.0,4.0,4.0,4.0,4.0,100.0,,,,,,,,,,,,,,,,,,,,,,,,,,,,,,,,,,,,,,,
13300,1754692298.503832,103.7408561706543,1754692298.5803392,115.0,0.0,4.84812550603516,-3.732055051306759,3.217453006814196,2.840178560070001,-1.4850163847658564,-2.059100460367006,-0.9901432172982254,0.0031540740001787,-8.76186768391102,-0.195802113348634,0.8242715344268277,-2.6967121355082213,4.046367861938563,1.0624580072827143,3554.0,2.0,4.0,4.0,4.0,4.0,4.0,4.0,4.0,4.0,4.0,4.0,4.0,4.0,4.0,4.0,100.0,,,,,,,,,,,41.66666793823242,4.0,18.769025802612305,4.0,26.64985084533692,4.0,17.586305618286133,1.0,55.07549285888672,4.0,13.688136100769045,4.0,13.51919937133789,3.0,23.061128616333008,4.0,21.726930618286133,4.0,23.109861373901367,4.0,25.45527076721192,1.0,38.55769729614258,4.0,14.305752754211426,4.0,32.37208557128906,4.0,23.23552894592285
13301,1754692298.511634,103.74865818023682,1754692298.588243,116.0,0.0,0.8663202175760603,-3.139686371149025,0.4675896225647307,1.8934639505053497,1.0472769964238182,0.6264220320275058,2.259449674734526,3.996519917274156,-2.3221380135939285,0.2369740838547045,-3.899857016792964,-3.1723879027401267,1.704569784196167,-2.627014723049058,3557.0,2.0,4.0,4.0,4.0,4.0,4.0,4.0,4.0,4.0,4.0,4.0,4.0,4.0,4.0,4.0,100.0,0.319955050945282,0.624267578125,-0.29571533203125,0.6484375,0.9941558241844176,-0.1611352711915969,-0.0146486610174179,-49.945831298828125,-107.51811981201172,4.33661413192749,,,,,,,,,,,,,,,,,,,,,,,,,,,,,
13302,1754692298.519437,103.75646114349364,1754692298.596146,117.0,0.0,-2.181876896172781,3.064576405097995,-2.3824937242800672,4.210186235313103,1.5982375583937198,-0.026760158584949,2.638857592427684,2.1438896576557624,11.3570889336481,0.0104926051842255,-4.519716616562874,-4.1365396174376485,-1.800346634623594,-5.432405692155754,3315.0,2.0,4.0,4.0,4.0,4.0,4.0,4.0,4.0,4.0,4.0,4.0,4.0,4.0,4.0,4.0,100.0,,,,,,,,,,,,,,,,,,,,,,,,,,,,,,,,,,,,,,,
13303,1754692298.52724,103.76426410675047,1754692298.603949,118.0,0.0,-2.920544218939227,6.461856366189608,-2.954735500940984,6.660253940312344,-0.3255171014822338,1.7535452358496002,1.9863569682687228,-6.113034037348513,4.749297797984895,0.5893906037575505,-1.0217926254491942,-1.6524001334397838,1.5909612714345656,-5.252915458955755,3607.0,2.0,4.0,4.0,4.0,4.0,4.0,4.0,4.0,4.0,4.0,4.0,4.0,4.0,4.0,4.0,100.0,,,,,,,,,,,,,,,,,,,,,,,,,,,,,,,,,,,,,,,
13304,1754692298.535043,103.77206707000732,1754692298.6118522,119.0,0.0,-0.6490515192890598,3.0564698763469096,-2.095697033599208,4.96354946379688,1.6102999384929717,2.334624050018647,2.7269459795170405,-11.68349295031794,-7.963694710631898,-7.01055214404505,-1.211869196986754,1.6824482173597062,-0.7524468713527313,-0.9183075846435712,3554.0,2.0,4.0,4.0,4.0,4.0,4.0,4.0,4.0,4.0,4.0,4.0,4.0,4.0,4.0,4.0,100.0,,,,,,,,,,,,,,,,,,,,,,,,,,,,,,,,,,,,,,,
13305,1754692298.542847,103.77987098693848,1754692298.6196551,120.0,0.0,-0.13612716221661,1.973566338691569,-1.256645959296577,1.8353602011636097,-1.2183186267623682,4.869182509085192,5.691623838891871,-6.642340730594526,-1.586573968137884,-11.32627499196434,1.4188145661666454,-1.0300753896083847,-8.497158578592973,2.121800572691143,3557.0,2.0,4.0,4.0,4.0,4.0,4.0,4.0,4.0,4.0,4.0,4.0,4.0,4.0,4.0,4.0,100.0,0.3195672333240509,0.62451171875,-0.2960205078125,0.64825439453125,0.9961089491844176,-0.1709010452032089,-0.0239261463284492,-50.69352340698242,-107.2190399169922,6.131074905395508,,,,,,,,,,,,,,,,,,,,,,,,,,,,,
13306,1754692298.55065,103.78767395019533,1754692298.627558,121.0,0.0,-4.53248539749103,4.861854287994163,-0.4994839405269999,-1.170341701636346,-3.47835195545332,9.098569618014324,9.940482507780589,-0.9140785850307224,3.94575647496157,2.5403718857484705,0.9839205946934158,-3.71592553048896,-11.807372495662378,-1.4077927727560675,3315.0,2.0,4.0,4.0,4.0,4.0,4.0,4.0,4.0,4.0,4.0,4.0,4.0,4.0,4.0,4.0,100.0,,,,,,,,,,,,,,,,,,,,,,,,,,,,,,,,,,,,,,,
13307,1754692298.558452,103.79547595977785,1754692298.635461,122.0,0.0,-4.926597594991279,6.749671912313545,-2.668514556710477,0.4116307360635005,1.774202780112148,6.281550362404516,8.250112116552202,-2.3860216222121267,-1.556740587482352,11.575610995914587,-4.175275029247757,-1.076270485699922,-8.210308054664154,-0.7798366264752872,3607.0,2.0,4.0,4.0,4.0,4.0,4.0,4.0,4.0,4.0,4.0,4.0,4.0,4.0,4.0,4.0,100.0,,,,,,,,,,,,,,,,,,,,,,,,,,,,,,,,,,,,,,,
13308,1754692298.566255,103.80327916145325,1754692298.643265,123.0,0.0,-0.3610082889696855,11.369045568212924,-5.108675404486064,3.9653665945200487,0.0367698483162826,-0.6920425252694145,-0.1288529022419311,-2.094047356182444,-0.1672515900633584,1.794588212533483,-0.6673830035358037,0.1851802492304273,-1.7261835945900543,4.180075279950245,3554.0,2.0,4.0,4.0,4.0,4.0,4.0,4.0,4.0,4.0,4.0,4.0,4.0,4.0,4.0,4.0,100.0,,,,,,,,,,,,,,,,,,,,,,,,,,,,,,,,,,,,,,,
13309,1754692298.574058,103.81108212471008,1754692298.651068,124.0,0.0,-1.3928632217312042,20.11826273050974,-3.3950839943740903,6.618351894810985,-9.49809992604969,-0.0613580809094855,-2.632055757931994,1.565333103759258,4.335752947494711,-2.96042882812526,1.9791174630968271,-0.7953922686110673,0.8011007134036845,0.5361180489239814,3557.0,2.0,4.0,4.0,4.0,4.0,4.0,4.0,4.0,4.0,4.0,4.0,4.0,4.0,4.0,4.0,100.0,0.3193526864051819,0.62481689453125,-0.296142578125,0.64801025390625,1.006851315498352,-0.1718776226043701,-0.0395513847470283,-50.99259948730469,-106.9199676513672,4.785229206085205,,,,,,,,,,,,,,,,,,,,,,,,,,,,,
13310,1754692298.581861,103.81888508796692,1754692298.658971,125.0,0.0,-3.7610187217732687,23.868927742361905,-1.7914082577835302,9.2050763690159,-15.301528121389254,2.1975352680415767,-2.971952416091824,-0.9620474766556412,3.2411485685343564,-1.7404626467650246,-2.634724247006432,0.6794894673485601,4.157725013067932,1.0104693242861345,3315.0,2.0,4.0,4.0,4.0,4.0,4.0,4.0,4.0,4.0,4.0,4.0,4.0,4.0,4.0,4.0,100.0,,,,,,,,,,,,,,,,,,,,,,,,,,,,,,,,,,,,,,,
13311,1754692298.589664,103.82668805122375,1754692298.666774,126.0,0.0,-2.551340067466072,18.49133177057115,-2.953539005828361,4.901198697725931,-16.552260272277408,-2.6808214012801272,-6.725982589939804,-3.072342823880035,4.345926339278549,-3.841678786644252,-0.4216482155713947,2.43256647702151,6.8077416572616585,8.118577303175925,3607.0,2.0,4.0,4.0,4.0,4.0,4.0,4.0,4.0,4.0,4.0,4.0,4.0,4.0,4.0,4.0,100.0,,,,,,,,,,,,,,,,,,,,,,,,,,,,,,,,,,,,,,,
13312,1754692298.597468,103.83449196815492,1754692298.6746771,127.0,0.0,-3.248713569649624,9.427400530619764,-4.972217144589592,-4.069550134047347,-11.396413139703723,-3.636748436664618,-1.774556246724785,2.700508519952166,5.922996006272626,-2.58165080068369,4.900449591956715,0.5791597941911846,3.154318912545534,4.807681827033832,52.0,2.0,4.0,4.0,4.0,4.0,4.0,4.0,4.0,4.0,4.0,4.0,4.0,4.0,4.0,4.0,100.0,,,,,,,,,,,,,,,,,,,,,,,,,,,,,,,,,,,,,,,
13313,1754692298.605271,103.84229516983032,1754692298.68248,0.0,0.0,-4.054658348804594,6.385571559384346,-3.303668820652262,-4.833996510061013,-4.649704354127323,0.0005980932422176,3.8784258283361055,8.162560557694917,5.97277032717767,-2.113063979743117,1.4559194701490128,-1.919127866550923,2.1658761223378065,-0.1649588471188394,3317.0,2.0,4.0,4.0,4.0,4.0,4.0,4.0,4.0,4.0,4.0,4.0,4.0,4.0,4.0,4.0,100.0,0.3197892010211944,0.62493896484375,-0.29608154296875,0.647705078125,0.9887846112251282,-0.1709010452032089,-0.0361333638429641,-51.88983154296875,-107.51811981201172,6.131074905395508,,,,,,,,,,,,,,,,,,,,,,,,,,,,,
13314,1754692298.613073,103.85009717941284,1754692298.690383,1.0,0.0,-0.967687424900248,10.804315094126252,-1.6134658506006758,-1.5750177355952817,-5.652701602958075,-4.742854813932752,0.6717137150167787,6.41516637583851,2.4246768549979265,-3.3086920993773106,-3.1751152557789624,-1.3244165247764954,7.461310748851531,5.559312221636958,3525.0,2.0,4.0,4.0,4.0,4.0,4.0,4.0,4.0,4.0,4.0,4.0,4.0,4.0,4.0,4.0,100.0,,,,,,,,,,,,,,,,,,,,,,,,,,,,,,,,,,,,,,,
13315,1754692298.620876,103.85790014266968,1754692298.698187,2.0,0.0,-1.5352363482922442,9.609268642047766,-5.480250840599808,-5.378863299229749,-8.921093982272112,-9.467886506931508,0.9635773204057044,5.03892139088822,-0.9241235144474444,2.373164801538053,1.3291285106491273,-1.8665688615116665,7.282722864133859,5.297211227453147,3504.0,2.0,4.0,4.0,4.0,4.0,4.0,4.0,4.0,4.0,4.0,4.0,4.0,4.0,4.0,4.0,100.0,,,,,,,,,,,,,,,,,,,,,,,,,,,,,,,,,,,,,,,
13316,1754692298.628679,103.86570310592651,1754692298.70609,3.0,0.0,-5.161586000199861,0.047412894921706,-6.536860204328661,-8.232814884621405,-6.5865387362505885,-3.154255611487372,6.32639998029066,7.968459556194773,2.1213219445562004,6.133648399840183,6.220422240618461,-2.880507877355342,5.529842182163009,-2.635875932438524,3618.0,2.0,4.0,4.0,4.0,4.0,4.0,4.0,4.0,4.0,4.0,4.0,4.0,4.0,4.0,4.0,100.0,,,,,,,,,,,,,,,,,,,,,,,,,,,,,,,,,,,,,,,
13317,1754692298.636482,103.87350606918336,1754692298.7138932,4.0,0.0,-7.6398496904650415,-10.068209969417865,-1.181322729788178,-7.181021685780422,-4.321067665195358,1.3454323599701752,5.304181636652004,9.432460121245017,5.313365937554238,2.865894901925742,-1.3829240200145136,0.3317107384444284,5.67455129882029,-2.9619052219943,3633.0,2.0,4.0,4.0,4.0,4.0,4.0,4.0,4.0,4.0,4.0,4.0,4.0,4.0,4.0,4.0,100.0,0.3198563158512115,0.62493896484375,-0.296142578125,0.64764404296875,0.9878080487251282,-0.1728542000055313,-0.0283207446336746,-51.74029159545898,-106.9199676513672,5.532921314239502,,,,,,,,,,,,,,,,,,,,,,,,,,,,,
13318,1754692298.644285,103.8813090324402,1754692298.721796,5.0,0.0,-6.19592899147915,-7.9213294287685585,0.5125955989153681,-5.108339828477028,-3.2091873798433426,1.2228773472104422,5.7794812642844136,11.406512485463509,4.299832170391937,2.3921369937195323,-6.216443229105835,3.83032880995529,-0.565318887209969,0.9249073457297072,3509.0,2.0,4.0,4.0,4.0,4.0,4.0,4.0,4.0,4.0,4.0,4.0,4.0,4.0,4.0,4.0,100.0,,,,,,,,,,,,,,,,,,,,,,,,,,,,,,,,,,,,,,,
13319,1754692298.652089,103.88911318778992,1754692298.729599,6.0,0.0,-3.0879562839661503,-2.947889164271828,-1.5510595169118917,-2.333945125080163,-3.4636884086237387,1.358786188626027,7.193055707746908,9.330393430954928,1.7476024607956333,-0.0724689057171872,2.769328946511223,1.3937819300520005,-7.389895271614478,2.405192132507409,3511.0,2.0,4.0,4.0,4.0,4.0,4.0,4.0,4.0,4.0,4.0,4.0,4.0,4.0,4.0,4.0,100.0,,,,,,,,,,,,,,,,,,,,,,,,,,,,,,,,,,,,,,,
13320,1754692298.659891,103.89691495895386,1754692298.737502,7.0,0.0,-0.4275661389323204,-8.364091362811791,1.4483260729999756,-1.923443034448951,-1.183643996594924,0.7080969528375363,3.6930828269474887,0.9274377404809684,1.5574003195966952,-0.5494853707067477,6.979541632050427,-0.133994733733175,-4.943674658204941,-0.7891705263513131,3504.0,2.0,4.0,4.0,4.0,4.0,4.0,4.0,4.0,4.0,4.0,4.0,4.0,4.0,4.0,4.0,100.0,,,,,,,,,,,,,,,,,,,,,,,,,,,,,,,,,,,,,,,
13321,1754692298.667694,103.90471816062929,1754692298.745405,8.0,0.0,1.5923022150524275,-14.499265237503437,0.8974085218798109,-3.865525350777148,3.3341684467474124,0.6881081409025,1.8545330703678928,-3.3108860285113906,-0.4841096007843362,4.771932682283591,-1.2163299994480212,-0.0210263194588833,2.903034328047056,-5.334878237774205,3600.0,2.0,4.0,4.0,4.0,4.0,4.0,4.0,4.0,4.0,4.0,4.0,4.0,4.0,4.0,4.0,100.0,0.3192349970340729,0.624755859375,-0.2962646484375,0.6480712890625,0.9970855116844176,-0.1889677345752716,-0.0273441672325134,-50.99259948730469,-105.5741195678711,5.23384428024292,,,,,,,,,,,,,,,,,,,,,,,,,,,,,
13322,1754692298.675497,103.91252112388612,1754692298.753209,9.0,0.0,2.1715831963799133,-19.196521863110604,-6.503207375646809,-6.776244468620746,7.874251570439526,-0.177854400663648,1.521226618955268,1.9762067726125565,-0.9106814095119375,8.065148772399596,-3.5888894630919026,-4.159255310954279,6.456089020057277,3.1676639962740296,3618.0,2.0,4.0,4.0,4.0,4.0,4.0,4.0,4.0,4.0,4.0,4.0,4.0,4.0,4.0,4.0,100.0,,,,,,,,,,,,,,,,,,,,,,,,,,,,,,,,,,,,,,,
13323,1754692298.6833,103.92032408714294,1754692298.761112,10.0,0.0,-0.0069495767035903,-26.17908763506213,-7.8514295598999695,-6.6805523964664815,11.456922811487203,-4.918520491442649,3.360391934834553,10.281507807900908,10.013036812933734,11.333409137718974,2.203209734628018,-6.09527901019348,2.1246629924098954,-21.330097369647063,3627.0,2.0,4.0,4.0,4.0,4.0,4.0,4.0,4.0,4.0,4.0,4.0,4.0,4.0,4.0,4.0,100.0,,,,,,,,,,,,,,,,,,,,,,,,,,,,,,,,,,,,,,,
13324,1754692298.691103,103.92812705039978,1754692298.7689152,11.0,0.0,-2.359736849155354,-29.594772305631807,-3.5963560630173674,-1.5714640505637476,14.61608121880289,-5.715075519277264,5.342280892060614,8.070723318301305,10.173202573795775,9.690856275782323,2.515988121793896,-2.6863598501420825,-6.220298014339335,-39.41276669264317,3568.0,2.0,4.0,4.0,4.0,4.0,4.0,4.0,4.0,4.0,4.0,4.0,4.0,4.0,4.0,4.0,100.0,,,,,,,,,,,,,,,,,,,,,,,,,,,,,,,,,,,,,,,
13325,1754692298.698906,103.93593001365662,1754692298.776818,12.0,0.0,0.8486644093336508,-24.956432824499643,0.2342384554331147,2.4964195087595726,17.174146728094456,2.182356312005595,4.336223623851765,2.0802908648843186,-6.112891292817494,3.701594777954142,-3.905627460187589,2.1765492025888307,-11.560567266902126,-46.83876336973526,3581.0,2.0,4.0,4.0,4.0,4.0,4.0,4.0,4.0,4.0,4.0,4.0,4.0,4.0,4.0,4.0,100.0,0.3188554942607879,0.62451171875,-0.29638671875,0.6484375,0.9839017391204834,-0.1787136644124984,-0.018066681921482,-51.29167556762695,-107.36858367919922,4.486152648925781,,,,,,,,,,,,,,,,,,,,,,,,,,,,,
13326,1754692298.70671,103.94373416900636,1754692298.784621,13.0,0.0,4.493695886673407,-22.62487356144848,-0.3408443346305887,2.366271088857133,16.357943638310275,7.162732293911262,2.646758556682101,2.4501620215665696,-10.442711101672018,0.4052127588757628,-4.217514532852789,2.907732913663125,-6.217778472161314,-21.837982730254595,3316.0,2.0,4.0,4.0,4.0,4.0,4.0,4.0,4.0,4.0,4.0,4.0,4.0,4.0,4.0,4.0,100.0,,,,,,,,,,,,,,,,,,,,,,,,,,,,,,,,,,,,,,,
13327,1754692298.714512,103.95153617858888,1754692298.792524,14.0,0.0,1.437161502581489,-21.879815385801635,-2.79513990204498,4.643087195292878,11.111660431237738,2.3317514787348728,1.247227503726549,0.1684588134957039,-0.6954149676199677,-3.695508529018412,4.196667467661769,-1.978673975719744,0.2846295468460766,-4.734878113756736,3627.0,2.0,4.0,4.0,4.0,4.0,4.0,4.0,4.0,4.0,4.0,4.0,4.0,4.0,4.0,4.0,100.0,,,,,,,,,,,,,,,,,,,,,,,,,,,,,,,,,,,,,,,
13328,1754692298.722315,103.9593391418457,1754692298.800328,15.0,0.0,0.8445564489834965,-13.551620921855315,3.3300524216743383,9.895344862071909,10.473988611450809,0.4551220801045588,-0.970251624442824,-3.877803427038941,1.9846252688508343,-5.711665878840847,7.273412085730399,-1.4907070879002615,-0.2755940802312011,-9.195019960104162,3568.0,2.0,4.0,4.0,4.0,4.0,4.0,4.0,4.0,4.0,4.0,4.0,4.0,4.0,4.0,4.0,100.0,,,,,,,,,,,,,,,,,,,,,,,,,,,,,,,,,,,,,,,
13329,1754692298.730118,103.96714210510254,1754692298.808231,16.0,0.0,2.4706505791395443,-14.76796600068343,4.518002688661397,6.451454249212873,7.730162226778191,-0.2041394929288458,-6.404954425652761,-4.223926059748067,-3.2314840250779184,-2.679008920312356,2.62643750816909,0.0665572912516268,-3.5670156289025385,4.944129560175895,0.0,2.0,4.0,4.0,4.0,4.0,4.0,4.0,4.0,4.0,4.0,4.0,4.0,4.0,4.0,4.0,100.0,0.5665707588195801,0.362548828125,-0.5889892578125,0.44793701171875,1.0034332275390625,-0.1850614249706268,-0.0239261463284492,-51.14213943481445,-109.01350402832033,5.831998348236084,,,,,,,,,,,,,,,,,,,,,,,,,,,,,
13330,1754692298.737921,103.97494506835938,1754692298.816034,17.0,0.0,3.934974240374373,-16.339202765834983,-0.3299597854173441,4.660069572748085,5.534777313335013,0.0824771471613132,-3.9647503898489447,-1.1780207850145814,-1.6415921880919484,-2.479275634622212,2.740520741099914,-4.333235338357866,-1.1291237354895145,14.040224965396334,0.0,2.0,4.0,4.0,4.0,4.0,4.0,4.0,4.0,4.0,4.0,4.0,4.0,4.0,4.0,4.0,100.0,,,,,,,,,,,,,,,,,,,,,,,,,,,,,,,,,,,,,,,
13331,1754692298.745724,103.9827480316162,1754692298.8239372,18.0,0.0,2.978867080856162,-8.832112239354046,-0.2562657707944709,5.347220658664355,8.742767612671287,1.477881622435234,-0.1508118919032313,-2.737206729758782,-1.5957756373095435,-7.373884928156258,2.463183013316666,-7.064154116883856,-2.1798716868420343,9.333558564912437,0.0,2.0,4.0,4.0,4.0,4.0,4.0,4.0,4.0,4.0,4.0,4.0,4.0,4.0,4.0,4.0,100.0,,,,,,,,,,,,,,,,,,,,,,,,,,,,,,,,,,,,,,,
13332,1754692298.753527,103.99055099487305,1754692298.83174,19.0,0.0,4.279847357309961,-4.121306074437428,2.3026249201272435,-1.252498007866336,9.983195462049196,-0.6080354793623997,-1.3287856569471046,-3.0950724844936417,-2.1126795527678155,-1.4530581576103143,3.200481438295072,1.2519504961316557,-5.668725505376699,17.045632730643945,0.0,2.0,4.0,4.0,4.0,4.0,4.0,4.0,4.0,4.0,4.0,4.0,4.0,4.0,4.0,4.0,100.0,,,,,,,,,,,,,,,,,,,,,,,,,,,,,,,,,,,,,,,
13333,1754692298.76133,103.99835395812988,1754692298.839643,20.0,0.0,6.064981779240384,-3.296199728414763,-0.5980167839112482,-1.1377501373459609,5.136573995912272,-6.824605543059647,-4.812613051285211,-1.9266328397053485,-2.8603172076869896,2.0390319672250143,3.210339019496928,4.569545710342368,-3.3002622478405783,26.17222270950822,0.0,2.0,4.0,4.0,4.0,4.0,4.0,4.0,4.0,4.0,4.0,4.0,4.0,4.0,4.0,4.0,100.0,0.5664011240005493,0.3623046875,-0.5887451171875,0.44866943359375,0.9882963299751282,-0.1752956509590149,-0.0126955062150955,-52.48798370361328,-106.9199676513672,4.187075614929199,,,,,,,,,,,,,,,,,,,,,,,,,,,,,
13334,1754692298.769133,104.0061571598053,1754692298.847446,21.0,0.0,6.427175594910949,2.8635422232489134,-1.5080971366631104,10.063871503057925,3.477767934064758,-6.96078272554567,-2.762567317122631,-3.8851862714493848,-2.5446074234226046,-4.225885165724577,0.8573583690615294,-1.0889889384491482,0.7055922892822935,25.42720500913376,0.0,2.0,4.0,4.0,4.0,4.0,4.0,4.0,4.0,4.0,4.0,4.0,4.0,4.0,4.0,4.0,100.0,,,,,,,,,,,,,,,,,,,,,,,,,,,,,,,,,,,,,,,
13335,1754692298.776936,104.01396012306212,1754692298.85535,22.0,0.0,2.7607314015098154,5.106844737868755,-0.8100865554152961,7.364720117545744,1.3389964520969215,-0.2905373912614095,-0.4124830387733027,-8.103338504558565,-2.45477727109676,-8.572971107475155,0.0857065586172893,-4.82490614355595,-0.2175501556772587,17.866269397596056,0.0,2.0,4.0,4.0,4.0,4.0,4.0,4.0,4.0,4.0,4.0,4.0,4.0,4.0,4.0,4.0,100.0,,,,,,,,,,,,,,,,,,,,,,,,,,,,,,,,,,,,,,,
13336,1754692298.784739,104.02176308631896,1754692298.863153,23.0,0.0,2.509719134270682,1.6880312365929342,-1.487985937777438,0.5468663131210008,-1.9454631664543456,4.755355142014679,-1.5999800945359937,-4.852540882409784,-0.585636453309661,-3.453834741939289,3.846843025118716,-1.175025721416631,0.1040115230551066,18.15817896477941,0.0,2.0,4.0,4.0,4.0,4.0,4.0,4.0,4.0,4.0,4.0,4.0,4.0,4.0,4.0,4.0,100.0,,,,,,,,,,,,,,,,,,,,,,,,,,,,,,,,,,,,,,,
13337,1754692298.792542,104.0295660495758,1754692298.871056,24.0,0.0,1.89885739562024,2.619437329738872,0.3590472642298721,3.5859424009612724,-4.29158851422298,0.3778294057086953,-5.638247173880785,-2.246643083001885,-0.3865819447388219,-3.383968867154721,1.846156979392077,0.5091818888876389,-2.357847906097817,20.17549690531078,0.0,2.0,4.0,4.0,4.0,4.0,4.0,4.0,4.0,4.0,4.0,4.0,4.0,4.0,4.0,4.0,100.0,0.5656952857971191,0.36224365234375,-0.588623046875,0.44976806640625,0.9975737929344176,-0.1943389028310775,-0.0083009079098701,-51.74029159545898,-108.11627197265624,4.187075614929199,,,,,,,,,,,,,,,,,,,,,,,,,,,,,
13338,1754692298.800345,104.03736901283264,1754692298.878859,25.0,0.0,2.689929740424219,10.843828200637205,4.973294935493328,9.607280694452951,-3.5958051932021533,-3.1232671090902784,-3.2985527233841765,-5.183641478976,-1.5419286117181343,-9.406005686876682,-0.5727026599343787,0.9617742439894812,-0.0885478157800605,18.82678252000088,0.0,2.0,4.0,4.0,4.0,4.0,4.0,4.0,4.0,4.0,4.0,4.0,4.0,4.0,4.0,4.0,100.0,,,,,,,,,,,,,,,,,,,,,,,,,,,,,,,,,,,,,,,
13339,1754692298.808148,104.04517197608948,1754692298.886762,26.0,0.0,5.515015321770306,9.505540549230544,1.991280846164728,1.9697832954636847,-7.566480458923024,-4.6790961893023,-0.1450268494315878,-6.416747547233854,-4.210462248646081,-9.948732118929229,-0.0819772858205851,-0.3595168901981651,6.081868581095932,16.172769510229273,0.0,2.0,4.0,4.0,4.0,4.0,4.0,4.0,4.0,4.0,4.0,4.0,4.0,4.0,4.0,4.0,100.0,,,,,,,,,,,,,,,,,,,,,,,,,,,,,,,,,,,,,,,
13340,1754692298.815951,104.05297517776488,1754692298.894665,27.0,0.0,4.040790997957572,0.1360441727615011,-0.4354099409547984,-6.958422079369541,-9.674376883960631,-3.448325094609629,0.5857327622642856,1.0184784738148096,-2.5672230057098773,-0.90690876446439,2.169231797116879,5.450517159033552e-05,2.879093736337097,14.80171599548379,0.0,2.0,4.0,4.0,4.0,4.0,4.0,4.0,4.0,4.0,4.0,4.0,4.0,4.0,4.0,4.0,100.0,,,,,,,,,,,,,,,,,,,,,,,,,,,,,,,,,,,,,,,
13341,1754692298.823754,104.06077814102171,1754692298.902468,28.0,0.0,-1.1665375068529895,-3.8110720009473766,0.7329927122971753,-5.035828770000705,-6.915093077808422,-1.5488888115102668,5.250962429123604,4.783949713092454,1.08992480830085,5.7879975463495725,-0.6397549414793389,0.5593860270994924,-4.667299927543979,8.815564795572584,0.0,2.0,4.0,4.0,4.0,4.0,4.0,4.0,4.0,4.0,4.0,4.0,4.0,4.0,4.0,4.0,100.0,0.565040111541748,0.36199951171875,-0.58856201171875,0.45086669921875,0.9985504150390624,-0.1796902418136596,-0.0214847028255462,-49.64675521850586,-109.01350402832033,6.131074905395508,,,,,,,,,,,,,,,,,,,,,,,,,,,,,
13342,1754692298.831557,104.06858110427856,1754692298.910372,29.0,0.0,-1.920085055359096,1.2982744697349062,2.68565261090248,-1.544334554876741,-4.750172978656565,-0.8827569835818849,3.3322426791053203,2.8602065901416154,-1.8360222055450777,1.904832724573908,-7.181849470078532,-0.9748255073702694,-0.6508205538373204,3.796239674973776,0.0,2.0,4.0,4.0,4.0,4.0,4.0,4.0,4.0,4.0,4.0,4.0,4.0,4.0,4.0,4.0,100.0,,,,,,,,,,,,,,,,,,,,,,,,,,,,,,,,,,,,,,,
13343,1754692298.83936,104.0763840675354,1754692298.918175,30.0,0.0,-0.5524364143386151,3.354835151564941,3.75593551199546,-4.22231249676787,-4.711355100278695,-0.7570678580988783,-13.459845326129823,2.800313239484524,-2.5692973328352195,-1.287668623998968,-2.1546227290916136,1.1659445673138291,7.673330091674472,8.176676627957761,0.0,2.0,4.0,4.0,4.0,4.0,4.0,4.0,4.0,4.0,4.0,4.0,4.0,4.0,4.0,4.0,100.0,,,,,,,,,,,,,,,,,,,,,,,,,,,,,,,,,,,,,,,
13344,1754692298.847163,104.08418703079224,1754692298.926078,31.0,0.0,-5.027439411259365,0.4511042820395232,-0.3802058476767342,-7.874121365965038,-7.7733186088416915,-1.913583746648328,-28.027782845744696,2.3065577326301536,2.645350941055767,0.3104412840034456,4.790754442122761,1.607774765855538,5.539538414514027,5.588594915185695,0.0,2.0,4.0,4.0,4.0,4.0,4.0,4.0,4.0,4.0,4.0,4.0,4.0,4.0,4.0,4.0,100.0,,,,,,,,,,,,,,,,,,,,,,,,,,,,,,,,,,,,,,,
13345,1754692298.854966,104.09198999404909,1754692298.933881,32.0,0.0,-6.020111586295542,7.17752443683051,-0.8311032605265325,2.1315903195964268,-7.309346608967616,2.304450492827556,-20.696422462651725,0.0190020460527478,1.6387721325236555,1.4564752047749892,-0.4368749971972363,2.1799021661454674,-1.938645773941716,-2.039215671282335,0.0,2.0,4.0,4.0,4.0,4.0,4.0,4.0,4.0,4.0,4.0,4.0,4.0,4.0,4.0,4.0,100.0,0.563990592956543,0.36175537109375,-0.5885009765625,0.45245361328125,0.9995269775390624,-0.1821316927671432,-0.0234378576278686,-50.99259948730469,-109.1630401611328,4.486152648925781,,,,,,,,,,,,,,,,,,,,,,,,,,,,,
13346,1754692298.862769,104.09979295730592,1754692298.941684,33.0,0.0,-2.314556200056132,13.71032154550835,4.390838601223777,11.023377821007898,-2.0549579385158268,5.901386588172727,-9.77882283788199,-1.8716585809286244,-2.75723994814166,1.3108590480526343,-5.971881620269187,4.950627033719911,-6.511084374563325,-1.6539120153540807,0.0,2.0,4.0,4.0,4.0,4.0,4.0,4.0,4.0,4.0,4.0,4.0,4.0,4.0,4.0,4.0,100.0,,,,,,,,,,,,,,,,,,,,,,,,,,,,,,,,,,,,,,,
13347,1754692298.870572,104.10759615898132,1754692298.949587,34.0,0.0,-3.086873961296533,8.761223433150008,2.173569409942957,5.949322393323655,-7.135618706811783,1.78251713557529,-10.883584079188497,-4.374649734120339,2.1020483632019022,2.4114797046554486,-0.6074707045004288,1.1138314591430571,-3.0424291315925984,-0.4351925704736459,0.0,2.0,4.0,4.0,4.0,4.0,4.0,4.0,4.0,4.0,4.0,4.0,4.0,4.0,4.0,4.0,100.0,,,,,,,,,,,,,,,,,,,,,,,,,,,,,,,,,,,,,,,
13348,1754692298.878375,104.11539912223816,1754692298.957391,35.0,0.0,-2.9587808761982046,3.623767249786681,-2.8770744677055404,1.6402399936922052,-19.095714876095546,-1.3092251291988646,-10.16208868485245,-5.735543486947961,4.426735577450302,6.171920504569982,6.34608371431824,-1.103485719768457,9.84021404732158,-1.442176628058121,0.0,2.0,4.0,4.0,4.0,4.0,4.0,4.0,4.0,4.0,4.0,4.0,4.0,4.0,4.0,4.0,100.0,,,,,,,,,,,,,,,,,,,,,,,,,,,,,,,,,,,,,,,
13349,1754692298.886178,104.123202085495,1754692298.965294,36.0,0.0,-1.127643778184222,4.106202777595797,0.2629222728393756,0.3038908527143462,-17.0969220391533,-1.8720499310177845,-6.891214740088628,-4.527162617953593,-3.7319887747260623,7.186832917151776,3.377612185523674,3.591556652067254,10.999066310189107,-0.8042994792165814,0.0,2.0,4.0,4.0,4.0,4.0,4.0,4.0,4.0,4.0,4.0,4.0,4.0,4.0,4.0,4.0,100.0,0.5620813965797424,0.36163330078125,-0.58837890625,0.455078125,0.992690920829773,-0.190920889377594,-0.0351567864418029,-50.543983459472656,-108.11627197265624,4.785229206085205,,,,,,,,,,,,,,,,,,,,,,,,,,,,,
13350,1754692298.893981,104.13100504875185,1754692298.973197,37.0,0.0,0.7899431319897303,3.398937617050251,3.3133670155857544,-1.4530698633602697,-3.5919152198798656,-1.3863551825079412,-0.406317196940563,1.319082154390344,-4.997662769987528,6.821705433905208,-4.27227731458288,3.689383286697648,-2.7056031929751043,0.5289531338180495,0.0,2.0,4.0,4.0,4.0,4.0,4.0,4.0,4.0,4.0,4.0,4.0,4.0,4.0,4.0,4.0,100.0,,,,,,,,,,,,,,,,,,,,,,,,,,,,,,,,,,,,,,,
13351,1754692298.901784,104.13880801200868,1754692298.9810002,38.0,0.0,1.5262362942758043,-4.411736500237112,0.2537619403065037,-3.556248409076943,-0.9243873209452432,1.8513960247178147,8.977813159724974,7.952433726090931,-0.2971123095717303,6.514771509420825,-3.8177666755527753,-0.1575906177404249,-5.446112160440862,1.3039443980342185,0.0,2.0,4.0,4.0,4.0,4.0,4.0,4.0,4.0,4.0,4.0,4.0,4.0,4.0,4.0,4.0,100.0,,,,,,,,,,,,,,,,,,,,,,,,,,,,,,,,,,,,,,,
13352,1754692298.909587,104.1466109752655,1754692298.988903,39.0,0.0,-0.5983420259944978,-11.941712310607272,-1.9626230248509275,-7.019867422399329,-9.021062142353005,-1.8400908520588928,10.221349718473904,7.273290061128591,-1.3740841458857176,5.433663985955263,1.6317297446803425,0.5042137159425693,1.225333222068457,2.413863366098667,0.0,2.0,4.0,4.0,4.0,4.0,4.0,4.0,4.0,4.0,4.0,4.0,4.0,4.0,4.0,4.0,100.0,,,,,,,,,,,,,,,,,,,,,,,,,,,,,,,,,,,,,,,
13353,1754692298.91739,104.15441417694092,1754692298.996706,40.0,0.0,1.5291698810823109,-5.442745568894367,-1.0048676163693528,-4.851228391005094,-6.5848024533553655,-4.99004978741155,9.821505226196535,5.588691474873798,0.4010947595437244,3.680844511199524,1.762068787731863,2.825083284824217,-0.0216316513819094,-0.6396890544257587,0.0,2.0,4.0,4.0,4.0,4.0,4.0,4.0,4.0,4.0,4.0,4.0,4.0,4.0,4.0,4.0,100.0,0.5601857304573059,0.3612060546875,-0.587890625,0.4583740234375,0.9780422449111938,-0.1884794384241104,-0.0175783932209014,-52.93659973144531,-109.1630401611328,5.981536388397217,,,,,,,,,,,,,,,,,,,,,,,,,,,,,
13354,1754692298.925193,104.16221714019775,1754692299.004609,41.0,0.0,0.19101068265212,3.327852683863455,-3.433888603550315,1.0766643691972035,1.2602321436438046,0.8901760038774569,11.507309766809556,1.1891087233952362,3.762729401387276,-6.3947560254319455,1.350698683589087,-2.5240020028045933,-7.827509671935616,-10.719476778783758,0.0,2.0,4.0,4.0,4.0,4.0,4.0,4.0,4.0,4.0,4.0,4.0,4.0,4.0,4.0,4.0,100.0,,,,,,,,,,,,,,,,,,,,,,,,,,,,,,,,,,,,,,,
13355,1754692298.932996,104.1700201034546,1754692299.012413,42.0,0.0,-3.72462177095332,1.9455963024403784,-5.760410161785615,3.74089164175183,3.627686879059354,5.160727176878197,11.26800506744911,-3.2155971523241647,3.083915512613828,-6.765737334315247,4.351141105688555,-6.866561769752309,0.3025387491977085,-10.337104747874776,0.0,2.0,4.0,4.0,4.0,4.0,4.0,4.0,4.0,4.0,4.0,4.0,4.0,4.0,4.0,4.0,100.0,,,,,,,,,,,,,,,,,,,,,,,,,,,,,,,,,,,,,,,
13356,1754692298.940799,104.17782306671144,1754692299.020316,43.0,0.0,-3.2215515445486176,-0.0928171769145933,-5.745692500607163,2.410725460343258,6.382917557331041,0.0369128777484206,9.05445711584531,-2.6169788273281824,-1.5033124540663607,3.249615814100764,0.0652537239703292,-6.304429671905325,8.706358883848964,-1.5493994178536354,0.0,2.0,4.0,4.0,4.0,4.0,4.0,4.0,4.0,4.0,4.0,4.0,4.0,4.0,4.0,4.0,100.0,,,,,,,,,,,,,,,,,,,,,,,,,,,,,,,,,,,,,,,
13357,1754692298.948602,104.18562602996826,1754692299.028119,44.0,0.0,-0.2245192528481254,4.835785979304461,-3.898801410070604,5.17448858130129,13.817749044761428,-0.3600712625735411,9.012309451852984,-3.589870422251437,-5.33096894362788,-0.2801151521344707,-4.599539311316306,-2.4386820535911227,1.696688377242623,0.3607837868516128,0.0,2.0,4.0,4.0,4.0,4.0,4.0,4.0,4.0,4.0,4.0,4.0,4.0,4.0,4.0,4.0,100.0,0.5586795210838318,0.36029052734375,-0.58740234375,0.4615478515625,1.004409909248352,-0.2060578316450119,-0.0136720836162567,-51.29167556762695,-107.66765594482422,5.23384428024292,,,,,,,,,,,,,,,,,,,,,,,,,,,,,
13358,1754692298.956405,104.1934289932251,1754692299.0360222,45.0,0.0,1.2078064901083962,6.864076557787939,-0.5109603845144193,6.872978455300199,16.90668966142266,3.237810772600369,6.927639962600097,-3.8734911260362415,-4.191147742102203,-8.453703447605676,-2.5220444742003565,-1.6654272827586285,-4.570714752906497,-2.737770552987058,0.0,2.0,4.0,4.0,4.0,4.0,4.0,4.0,4.0,4.0,4.0,4.0,4.0,4.0,4.0,4.0,100.0,,,,,,,,,,,,,,,,,,,,,,,,,,,,,,,,,,,,,,,
13359,1754692298.964208,104.20123195648192,1754692299.0438251,46.0,0.0,3.1768420503424863,0.671865343042839,0.0222450350727854,2.800036030578952,15.197661471532513,-0.2008774775255801,6.233422907196029,1.1781830037296572,-1.6723886753204056,-5.517555746521055,-0.4226431258554726,-7.270169034061553,-2.3764201337227746,-2.827455859081226,0.0,2.0,4.0,4.0,4.0,4.0,4.0,4.0,4.0,4.0,4.0,4.0,4.0,4.0,4.0,4.0,100.0,,,,,,,,,,,,,,,,,,,,,,,,,,,,,,,,,,,,,,,
13360,1754692298.972011,104.20903515815736,1754692299.051728,47.0,0.0,1.836232165333115,-1.324012976143365,-2.09220657026566,0.8447491029583603,15.815898538870044,-1.8600239491010484,9.726952204634529,6.5645740824048175,-1.4783224952925025,-0.9391022364047216,1.2420082779763677,-7.903851202770909,1.6784721106737948,-2.166438218825021,0.0,2.0,4.0,4.0,4.0,4.0,4.0,4.0,4.0,4.0,4.0,4.0,4.0,4.0,4.0,4.0,100.0,,,,,,,,,,,,,,,,,,,,,,,,,,,,,,,,,,,,,,,
13361,1754692298.979814,104.21683812141418,1754692299.059631,48.0,0.0,-5.233946451503584,3.3414686580707667,-2.554466377811991,4.665989597753537,12.597097627913968,-1.7473032825920427,6.072983639961308,3.1212282202399138,-0.7812080601039497,0.2474883081775942,-0.0362924968950437,-3.965803616544804,-1.590914969085247,-4.57651823169283,0.0,2.0,4.0,4.0,4.0,4.0,4.0,4.0,4.0,4.0,4.0,4.0,4.0,4.0,4.0,4.0,100.0,0.5572807788848877,0.3590087890625,-0.587158203125,0.46453857421875,1.0000152587890625,-0.2080109864473343,-0.018066681921482,-53.23567581176758,-109.46212005615234,6.280613422393799,,,,,,,,,,,,,,,,,,,,,,,,,,,,,
13362,1754692298.987617,104.22464108467102,1754692299.067435,49.0,0.0,-3.195149115580449,9.905843339630422,3.4926709677543784,9.89014170998516,8.153690437901872,-0.5179239141324672,2.8209833857327737,-3.478976537771274,-1.371521437272719,-2.8669241243350427,1.5419867428018676,-2.405909988001355,-0.6933616325474361,-3.373816453954447,0.0,2.0,4.0,4.0,4.0,4.0,4.0,4.0,4.0,4.0,4.0,4.0,4.0,4.0,4.0,4.0,100.0,,,,,,,,,,,,,,,,,,,,,,,,,,,,,,,,,,,,,,,
13363,1754692298.99542,104.23244404792786,1754692299.075338,50.0,0.0,3.5016078014253083,11.334653874699852,2.84557118154342,6.620423649617152,3.478055799811301,-2.522612245973704,-0.9114419896647804,-10.80029000020042,-6.60034750914312,-13.84568663354841,5.331251348294046,-5.006254106455998,0.3150019106329011,-1.699928351318448,0.0,2.0,4.0,4.0,4.0,4.0,4.0,4.0,4.0,4.0,4.0,4.0,4.0,4.0,4.0,4.0,100.0,,,,,,,,,,,,,,,,,,,,,,,,,,,,,,,,,,,,,,,
13364,1754692299.003223,104.24024701118468,1754692299.083141,51.0,0.0,5.465480419133968,13.456406573043154,0.023968098850986,6.28184625974049,-0.3020486789420431,-1.7485745983046002,-4.292174018305701,-7.840796852602722,-2.670277448453504,-9.775102109715732,5.047808306666724,-0.2018792415794053,-2.5308822005103195,2.3818857622721623,0.0,2.0,4.0,4.0,4.0,4.0,4.0,4.0,4.0,4.0,4.0,4.0,4.0,4.0,4.0,4.0,100.0,,,,,,,,,,,58.33333206176758,4.0,21.00771713256836,4.0,23.725080490112305,4.0,17.674007415771484,3.0,32.68815231323242,4.0,12.37053108215332,4.0,13.687478065490724,3.0,24.788070678710938,4.0,24.08121681213379,4.0,21.091997146606445,4.0,22.2579345703125,1.0,38.48436737060547,4.0,13.21058177947998,4.0,31.637184143066406,3.0,43.20797729492188
13365,1754692299.011026,104.24804997444151,1754692299.090944,52.0,0.0,2.125690736769741,15.147204271715111,1.4850220729309171,7.2245780676731215,-1.475005937943877,0.4569753127985336,-2.738758741354048,-1.7856744748650613,-0.4186072565580048,-2.333781709505672,-2.0925787815244234,3.31143523445104,-2.991696900748991,1.7041783283921743,0.0,2.0,4.0,4.0,4.0,4.0,4.0,4.0,4.0,4.0,4.0,4.0,4.0,4.0,4.0,4.0,100.0,0.3117018043994903,0.61785888671875,-0.29803466796875,0.657470703125,0.9843900203704834,-0.2202182114124298,-0.0117189288139343,-52.03936767578125,-107.66765594482422,6.729228496551514,,,,,,,,,,,,,,,,,,,,,,,,,,,,,
13366,1754692299.018829,104.25585317611694,1754692299.0988472,53.0,0.0,2.178537098711616,14.479662081717208,4.370877893362206,4.042412329714182,2.8498918630619414,-0.7600912648801454,1.391435236694463,-4.100286623869749,-10.446549560007668,-10.512393200712438,-1.5262174623009628,-0.1185195368154268,0.0852506893982649,-4.405783264532317,0.0,2.0,4.0,4.0,4.0,4.0,4.0,4.0,4.0,4.0,4.0,4.0,4.0,4.0,4.0,4.0,100.0,,,,,,,,,,,,,,,,,,,,,,,,,,,,,,,,,,,,,,,
13367,1754692299.026632,104.26365613937378,1754692299.10665,54.0,0.0,4.5806646416344,15.065516689888597,5.625030661007173,2.70115061431298,0.900021609478614,-3.0281008958537257,0.66995293038363,-4.791316116177399,-7.886905536812804,-8.703897655479608,1.6198287562559983,3.4141577905315046,-1.485694688931602,-6.76611233947105,0.0,2.0,4.0,4.0,4.0,4.0,4.0,4.0,4.0,4.0,4.0,4.0,4.0,4.0,4.0,4.0,100.0,,,,,,,,,,,,,,,,,,,,,,,,,,,,,,,,,,,,,,,
13368,1754692299.034435,104.27145910263062,1754692299.1145542,55.0,0.0,3.984193315564028,15.112227875731662,3.9448519214388966,-0.3900880868331455,-7.289513178254253,-6.504348324752243,-1.7534599143145329,-1.340044631858234,5.049349325421247,2.603839773405128,-0.5449440526498961,9.462980257350011,-7.14367306886669,-7.312345240978573,0.0,2.0,4.0,4.0,4.0,4.0,4.0,4.0,4.0,4.0,4.0,4.0,4.0,4.0,4.0,4.0,100.0,,,,,,,,,,,,,,,,,,,,,,,,,,,,,,,,,,,,,,,
13369,1754692299.042238,104.27926206588744,1754692299.122457,56.0,0.0,2.65963096109806,19.53072311603671,4.2050787955098485,-3.30872734445677,-10.374415995388176,-7.286656354906995,0.4525244963928116,-1.231805891767749,-0.8663640605283263,1.203102890520654,2.7620252019286227,8.580215355542691,-1.6703862531873028,-5.556938378798463,0.0,2.0,4.0,4.0,4.0,4.0,4.0,4.0,4.0,4.0,4.0,4.0,4.0,4.0,4.0,4.0,100.0,0.3096434772014618,0.616943359375,-0.2987060546875,0.65899658203125,0.9980621337890624,-0.2133821696043014,-0.0063477531075477,-52.63752365112305,-108.56488800048828,6.131074905395508,,,,,,,,,,,,,,,,,,,,,,,,,,,,,
13370,1754692299.050041,104.28706502914427,1754692299.13026,57.0,0.0,0.1502553760331011,27.1909686659435,5.52921437641794,-0.0135558495564964,-8.240173043328241,-2.4284515098459,-0.7333186279327037,-2.441036241223401,-7.455082003628604,-3.4954576716743304,4.986190259320438,3.975374264879292,7.514424442073505,-5.482311800198886,0.0,2.0,4.0,4.0,4.0,4.0,4.0,4.0,4.0,4.0,4.0,4.0,4.0,4.0,4.0,4.0,100.0,,,,,,,,,,,,,,,,,,,,,,,,,,,,,,,,,,,,,,,
13371,1754692299.057844,104.29486799240112,1754692299.1380632,58.0,0.0,-6.680113287017832,25.591462771349995,1.575825986265443,0.940795651541464,-8.608645759361082,4.935461167391566,-4.692179318377441,1.0658521257414009,3.141996373070413,-4.067387348363866,1.068096267052567,0.9771645872451132,3.131832048895319,-12.799298360041178,0.0,2.0,4.0,4.0,4.0,4.0,4.0,4.0,4.0,4.0,4.0,4.0,4.0,4.0,4.0,4.0,100.0,,,,,,,,,,,,,,,,,,,,,,,,,,,,,,,,,,,,,,,
13372,1754692299.065647,104.30267095565796,1754692299.145966,59.0,0.0,-5.863497124751717,19.87187972941851,-0.4604210118110643,-1.4636349637409296,-6.956100243537236,7.872138533655601,2.862541241520688,9.829606892154374,9.003561611147546,-3.454070757759069,-1.9564975397521776,2.122954563719162,-5.52301006583221,-13.431906137512811,0.0,2.0,4.0,4.0,4.0,4.0,4.0,4.0,4.0,4.0,4.0,4.0,4.0,4.0,4.0,4.0,100.0,,,,,,,,,,,,,,,,,,,,,,,,,,,,,,,,,,,,,,,
13373,1754692299.07345,104.31047415733336,1754692299.1538692,60.0,0.0,-0.2041845735552669,15.50899452412068,-0.5228043250572227,-2.507792426519245,-3.4645065848121703,5.5461568597734185,7.491364489305397,10.996694886626756,2.4429682562818016,-1.3465456757940046,-7.430529249604206,0.0567084696826896,-6.96928523537531,-6.2517511488026685,0.0,2.0,4.0,4.0,4.0,4.0,4.0,4.0,4.0,4.0,4.0,4.0,4.0,4.0,4.0,4.0,100.0,0.3076960146427154,0.61614990234375,-0.29925537109375,0.660400390625,1.0014801025390625,-0.2290074080228805,-0.0126955062150955,-52.33844375610352,-109.31258392333984,6.878767013549805,,,,,,,,,,,,,,,,,,,,,,,,,,,,,
13374,1754692299.081253,104.3182771205902,1754692299.161672,61.0,0.0,0.0540803575213715,10.833873365060782,-3.210139126808798,-1.6946503268554522,-1.893114874809697,7.5144347454370575,3.559350503331217,3.4838024670016523,1.8519638075390787,-1.8117961912944047,-9.08681112991323,-3.1593043261372884,1.1572201692358988,-1.1475054083384464,0.0,2.0,4.0,4.0,4.0,4.0,4.0,4.0,4.0,4.0,4.0,4.0,4.0,4.0,4.0,4.0,100.0,,,,,,,,,,,,,,,,,,,,,,,,,,,,,,,,,,,,,,,
13375,1754692299.089056,104.32608008384705,1754692299.1695762,62.0,0.0,0.8776258617096175,3.1197674631722805,-1.921452386029472,-2.929888371608598,-4.46917794461146,7.957499888560193,2.475389917553599,0.2792758554052454,3.7771648801146114,-4.212930669783731,-8.312290641071144,-1.6853001848733982,0.343276584379879,2.561072723463127,0.0,2.0,4.0,4.0,4.0,4.0,4.0,4.0,4.0,4.0,4.0,4.0,4.0,4.0,4.0,4.0,100.0,,,,,,,,,,,,,,,,,,,,,,,,,,,,,,,,,,,,,,,
13376,1754692299.096859,104.33388304710388,1754692299.1773791,63.0,0.0,4.02725590799173,-4.859067365481678,3.246088022454387,-4.853228523174494,-7.663168843661424,2.9276478096071514,3.0757108340735613,2.0925579646309416,2.0624050669225653,-2.2178147634631387,-8.217432960546375,1.771788976885091,-7.255157922248827,11.123768637323336,0.0,2.0,4.0,4.0,4.0,4.0,4.0,4.0,4.0,4.0,4.0,4.0,4.0,4.0,4.0,4.0,100.0,,,,,,,,,,,,,,,,,,,,,,,,,,,,,,,,,,,,,,,
13377,1754692299.104662,104.34168601036072,1754692299.185282,64.0,0.0,3.901385862363042,-8.291720972954352,1.499121879629513,-4.112783055548732,-2.417076457632845,0.027096630739436,-1.6993957675348952,1.0291201987625411,2.6408717352201734,0.513221681899779,-1.5929599010837023,3.002869576285832,-2.780288294877153,16.97632695295721,3328.0,2.0,4.0,4.0,4.0,4.0,4.0,4.0,4.0,4.0,4.0,4.0,4.0,4.0,4.0,4.0,100.0,0.3062453866004944,0.61529541015625,-0.2998046875,0.66162109375,0.9990386962890624,-0.2275425344705581,0.0141603723168373,-51.74029159545898,-109.1630401611328,6.280613422393799,,,,,,,,,,,,,,,,,,,,,,,,,,,,,
13378,1754692299.112465,104.34948897361755,1754692299.1930852,65.0,0.0,3.751606389725225,-14.08467049822582,-2.0789994841564976,-3.1817227122313625,3.292194215368568,-1.1495367388514524,-5.290501345026655,-2.281067175946532,-1.7419170249535227,-0.5902456393004059,4.705731184755791,0.7979654581146178,4.966939194131214,15.647229550332328,3513.0,2.0,4.0,4.0,4.0,4.0,4.0,4.0,4.0,4.0,4.0,4.0,4.0,4.0,4.0,4.0,100.0,,,,,,,,,,,,,,,,,,,,,,,,,,,,,,,,,,,,,,,
13379,1754692299.120268,104.35729217529295,1754692299.200988,66.0,0.0,8.00000551113618,-19.080579072927947,0.5641973564095792,-3.0782869141173137,1.537144826459837,-0.9983150260110848,-2.657087600635976,-1.0630940603784325,-4.932658588548463,-0.7093082517650942,5.038952159532357,-1.7124894036111868,7.082118374306049,17.407339378517293,3516.0,2.0,4.0,4.0,4.0,4.0,4.0,4.0,4.0,4.0,4.0,4.0,4.0,4.0,4.0,4.0,100.0,,,,,,,,,,,,,,,,,,,,,,,,,,,,,,,,,,,,,,,
13380,1754692299.128071,104.3650951385498,1754692299.208791,67.0,0.0,7.373990884658127,-16.754333035230644,1.4324344250938736,-0.3524352178430092,0.7194081248988766,-0.2726632668119748,-4.170044401696174,-2.657731351802937,-3.320026450430902,-2.1792672386879133,9.23150016746908,-2.6349820166689426,5.945236541822027,21.86267827163087,3612.0,2.0,4.0,4.0,4.0,4.0,4.0,4.0,4.0,4.0,4.0,4.0,4.0,4.0,4.0,4.0,100.0,,,,,,,,,,,,,,,,,,,,,,,,,,,,,,,,,,,,,,,
13381,1754692299.135874,104.37289810180664,1754692299.216694,68.0,0.0,5.035112876426211,-14.25210231620096,-1.9687152421213057,4.244792159639729,0.3949703836244964,-3.0130323275249964,-12.033763861586266,-9.710092872698825,-1.8261334311025337,0.7635789587577904,11.82766610828574,-2.318671828313853,3.723211327040673,22.72377086417489,3631.0,2.0,4.0,4.0,4.0,4.0,4.0,4.0,4.0,4.0,4.0,4.0,4.0,4.0,4.0,4.0,100.0,0.3043788075447082,0.61480712890625,-0.3004150390625,0.66265869140625,0.9946441054344176,-0.2324254214763641,0.0102540627121925,-52.93659973144531,-109.1630401611328,5.532921314239502,,,,,,,,,,,,,,,,,,,,,,,,,,,,,
13382,1754692299.143677,104.38070106506348,1754692299.224498,69.0,0.0,8.240549675080302,-21.115554070114257,-1.7911614753561196,4.314176104918744,0.4506066521821879,-4.426841389112241,-11.799897565205782,-9.813779230713834,-3.1989303536792875,6.484640768102537,5.040935915025813,-1.95987828960412,1.5710928356250236,15.503844603635144,3514.0,2.0,4.0,4.0,4.0,4.0,4.0,4.0,4.0,4.0,4.0,4.0,4.0,4.0,4.0,4.0,100.0,,,,,,,,,,,,,,,,,,,,,,,,,,,,,,,,,,,,,,,
13383,1754692299.15148,104.38850402832033,1754692299.2324011,70.0,0.0,10.503272735211794,-27.34642269166534,2.115800153893815,1.5503478825776256,1.711024346996055,-0.6087802727161034,-2.880120106578943,-5.676203841434017,-8.263216030684816,3.3318353374752405,1.0389194802255588,0.4529329462320675,-3.380124430630076,9.77888787769325,3509.0,2.0,4.0,4.0,4.0,4.0,4.0,4.0,4.0,4.0,4.0,4.0,4.0,4.0,4.0,4.0,100.0,,,,,,,,,,,,,,,,,,,,,,,,,,,,,,,,,,,,,,,
13384,1754692299.159283,104.39630699157716,1754692299.240204,71.0,0.0,6.709060416052694,-26.299650447701765,2.416376475214861,2.482966391703144,3.9783144332474194,-2.256204247706023,-1.8040927610257995,-5.867452595889404,-10.677363505903372,1.9118297254455,0.2331447261041148,2.8834322861536066,-8.460338034873644,9.34093418739542,3508.0,2.0,4.0,4.0,4.0,4.0,4.0,4.0,4.0,4.0,4.0,4.0,4.0,4.0,4.0,4.0,100.0,,,,,,,,,,,,,,,,,,,,,,,,,,,,,,,,,,,,,,,
13385,1754692299.167086,104.40410995483398,1754692299.2481072,72.0,0.0,2.913929799075504,-23.623324893860627,0.6791614794678935,6.2311661159878895,7.424950715771502,-6.169736156533872,-6.896360317693052,-3.20414542497656,-2.3591004763725323,11.46950799376009,0.8545650374217075,2.0601399689207938,-7.590876987419733,5.225185772997065,3606.0,2.0,4.0,4.0,4.0,4.0,4.0,4.0,4.0,4.0,4.0,4.0,4.0,4.0,4.0,4.0,100.0,0.3029555976390838,0.61468505859375,-0.301025390625,0.66314697265625,0.9995269775390624,-0.2270542532205581,-0.0029297322034835,-53.83382797241211,-109.01350402832033,5.383382797241211,,,,,,,,,,,,,,,,,,,,,,,,,,,,,
13386,1754692299.174889,104.4119131565094,1754692299.2559102,73.0,0.0,2.615680361685349,-23.23093927050388,-1.1607136548633434,2.5470492009366126,5.716151900993623,-4.833252889954224,-4.95623223932364,1.2815842189050954,2.6251327447542963,12.488017836508677,2.1882806143806874,1.1378279591957607,-6.734310094609896,-3.776455810285938,3610.0,2.0,4.0,4.0,4.0,4.0,4.0,4.0,4.0,4.0,4.0,4.0,4.0,4.0,4.0,4.0,100.0,,,,,,,,,,,,,,,,,,,,,,,,,,,,,,,,,,,,,,,
13387,1754692299.182692,104.41971611976624,1754692299.263813,74.0,0.0,4.53762910968976,-22.093509688733093,2.294024523836697,-0.8861601735145541,1.836059769641679,1.5584694745341494,2.8668923904540407,-0.2535982301981221,-2.257216180202022,-2.89201887833201,1.6433844122118444,1.251079805859035,-4.209015918188925,-9.540221711229831,3612.0,2.0,4.0,4.0,4.0,4.0,4.0,4.0,4.0,4.0,4.0,4.0,4.0,4.0,4.0,4.0,100.0,,,,,,,,,,,,,,,,,,,,,,,,,,,,,,,,,,,,,,,
13388,1754692299.190495,104.42751908302309,1754692299.2716172,75.0,0.0,1.3577466827867966,-15.374613782480196,7.051340998719184,6.472196394527032,3.5686835624595687,9.375848292348904,5.215370180379409,-3.959886331658368,-3.903803982768864,-11.405043769581994,-0.1736638733633526,-1.6603680606918942,-0.4440781771432966,-11.993443508644418,3576.0,2.0,4.0,4.0,4.0,4.0,4.0,4.0,4.0,4.0,4.0,4.0,4.0,4.0,4.0,4.0,100.0,,,,,,,,,,,,,,,,,,,,,,,,,,,,,,,,,,,,,,,
13389,1754692299.198298,104.43532204627992,1754692299.27952,76.0,0.0,-6.718949560461169,-11.994620883916468,2.7408085159768234,7.636445057627952,4.108971035124796,11.32898143333432,4.6608917543412645,0.8063438999865866,8.131591942173145,2.028617344004033,-3.780494071382236,-3.846188917590098,-7.625546925605022,-18.02062467031419,3565.0,2.0,4.0,4.0,4.0,4.0,4.0,4.0,4.0,4.0,4.0,4.0,4.0,4.0,4.0,4.0,100.0,0.3024574816226959,0.61468505859375,-0.3013916015625,0.6632080078125,0.9956206679344176,-0.241702914237976,0.0004882887005805,-53.83382797241211,-109.31258392333984,5.831998348236084,,,,,,,,,,,,,,,,,,,,,,,,,,,,,
13390,1754692299.206101,104.44312500953674,1754692299.287323,77.0,0.0,-9.95285944026017,-15.343651196756298,-3.581325573021502,-2.789535899005557,2.356368413436769,8.752843308879903,9.628980584141402,12.028030039159889,21.18039490622442,18.27590322606312,-5.187652973739375,0.7731815795685293,-10.42735722685478,-22.826223232995005,3322.0,2.0,4.0,4.0,4.0,4.0,4.0,4.0,4.0,4.0,4.0,4.0,4.0,4.0,4.0,4.0,100.0,,,,,,,,,,,,,,,,,,,,,,,,,,,,,,,,,,,,,,,
13391,1754692299.213904,104.45092797279358,1754692299.295226,78.0,0.0,-15.396799131144178,-18.65303243354396,-7.848803361026455,-6.420489806017429,3.004349087720186,7.795199677339099,11.652768939918644,14.26677673853925,15.23917244269029,13.29989576836175,-2.573168495240168,-2.472887845999537,-3.1369681966943403,-28.43600794549087,3612.0,2.0,4.0,4.0,4.0,4.0,4.0,4.0,4.0,4.0,4.0,4.0,4.0,4.0,4.0,4.0,100.0,,,,,,,,,,,,,,,,,,,,,,,,,,,,,,,,,,,,,,,
13392,1754692299.221707,104.458731174469,1754692299.303029,79.0,0.0,-18.86121267934385,-15.206077143783377,-7.903558871409757,-0.410161209142359,3.8643508073622,10.069944435851369,10.788443922237375,10.08752831243538,5.022618570041516,4.760859485171125,2.4531322882460813,-6.91400944977039,-0.8732316204984159,-30.904433679479723,3576.0,2.0,4.0,4.0,4.0,4.0,4.0,4.0,4.0,4.0,4.0,4.0,4.0,4.0,4.0,4.0,100.0,,,,,,,,,,,,,,,,,,,,,,,,,,,,,,,,,,,,,,,
13393,1754692299.22951,104.46653413772584,1754692299.3109322,80.0,0.0,-16.341650460339736,-10.941805223583344,-7.265263964103781,-1.407638008822289,-0.7941264573269677,6.376660668101465,10.168928933356652,8.102126013253326,5.355104681387218,9.781784236878536,3.639327175749656,-2.48046688996925,-3.4235972050160512,-23.67679539863736,3565.0,2.0,4.0,4.0,4.0,4.0,4.0,4.0,4.0,4.0,4.0,4.0,4.0,4.0,4.0,4.0,100.0,0.3024064302444458,0.61474609375,-0.30145263671875,0.66314697265625,0.9873197674751282,-0.2578164339065552,-0.0048828870058059,-52.33844375610352,-109.31258392333984,7.626459121704102,,,,,,,,,,,,,,,,,,,,,,,,,,,,,
13394,1754692299.237313,104.47433710098268,1754692299.3187351,81.0,0.0,-14.675620250732097,-6.160802331801165,-6.716046389219969,-5.681226320808378,-3.257797493984868,0.5541539653373775,9.8537708151772,8.171811583476597,7.214551255707761,11.431407034980223,5.737172654317078,2.177558816406531,-0.5836105451743379,-16.257084478579486,3322.0,2.0,4.0,4.0,4.0,4.0,4.0,4.0,4.0,4.0,4.0,4.0,4.0,4.0,4.0,4.0,100.0,,,,,,,,,,,,,,,,,,,,,,,,,,,,,,,,,,,,,,,
13395,1754692299.245116,104.4821400642395,1754692299.3266392,82.0,0.0,-13.102548253200268,-1.4759894206416106,-4.665416785677564,-6.277914872284612,-4.103547475996322,0.2279237567365157,7.0551686732443954,5.431635330131201,1.2305811530779351,3.278028425912624,8.66533800555925,2.269978531328149,3.2384418152602734,-14.548937915206636,3612.0,2.0,4.0,4.0,4.0,4.0,4.0,4.0,4.0,4.0,4.0,4.0,4.0,4.0,4.0,4.0,100.0,,,,,,,,,,,,,,,,,,,,,,,,,,,,,,,,,,,,,,,
13396,1754692299.252919,104.48994302749634,1754692299.334442,83.0,0.0,-7.358604436800533,-0.8774275306316213,-1.793300036856408,-6.03585058941303,-4.971928980912935,0.8863972855485827,7.63176566483412,3.834290612459199,-0.4232768092012975,0.4930962659243505,4.7124400514155695,3.1069616027432403,3.5794782033860884,-10.614339041839456,3576.0,2.0,4.0,4.0,4.0,4.0,4.0,4.0,4.0,4.0,4.0,4.0,4.0,4.0,4.0,4.0,100.0,,,,,,,,,,,,,,,,,,,,,,,,,,,,,,,,,,,,,,,
13397,1754692299.260722,104.49774599075316,1754692299.342345,84.0,0.0,-5.85965137108073,0.2015070793646884,-0.7718956726519934,-4.760670517687544,-5.170052828719093,1.0337262099239126,9.357358764319684,4.199367600269085,4.367969986583972,5.456228623104067,0.1170738673687594,1.8878329175278448,-1.9069414841147527,-6.375341904416786,3565.0,2.0,4.0,4.0,4.0,4.0,4.0,4.0,4.0,4.0,4.0,4.0,4.0,4.0,4.0,4.0,100.0,0.302428275346756,0.61480712890625,-0.30157470703125,0.66302490234375,0.9965972304344176,-0.2382848858833313,-0.0053711757063865,-51.44121551513672,-110.80796813964844,6.131074905395508,,,,,,,,,,,,,,,,,,,,,,,,,,,,,
13398,1754692299.268525,104.50554895401,1754692299.350248,85.0,0.0,-7.503175365123809,1.935262213955809,-2.7662281304629346,-1.7612706970604108,-5.1349585452081214,3.734627753161419,4.215860849068974,3.9842727465124312,4.075245896362446,4.440114127151844,1.1112122069070551,-1.102917547805248,-6.970335132384491,-8.849650894150784,3322.0,2.0,4.0,4.0,4.0,4.0,4.0,4.0,4.0,4.0,4.0,4.0,4.0,4.0,4.0,4.0,100.0,,,,,,,,,,,,,,,,,,,,,,,,,,,,,,,,,,,,,,,
13399,1754692299.276328,104.51335215568542,1754692299.358051,86.0,0.0,-4.552964095539977,1.783249177718659,-3.354798127352609,0.397297754842981,-6.453650777350816,4.428874501414299,0.7150220934537685,2.167690929935503,2.399547269948158,-1.4594195429338868,4.5097066694812895,-0.4970639686769971,0.2480216830125812,-9.022337600875147,3612.0,2.0,4.0,4.0,4.0,4.0,4.0,4.0,4.0,4.0,4.0,4.0,4.0,4.0,4.0,4.0,100.0,,,,,,,,,,,,,,,,,,,,,,,,,,,,,,,,,,,,,,,
13400,1754692299.284131,104.52115511894226,1754692299.3659542,87.0,0.0,-3.985793723224276,3.306144829937523,-0.9911264904823724,-0.7632615087802037,-8.615813324339513,0.2714530171613774,0.0386891631308685,-1.610186591340323,4.099805470668173,-0.9475864289749438,4.535114317279579,0.6958740093480742,9.31200676774148,-3.144915379016936,3576.0,2.0,4.0,4.0,4.0,4.0,4.0,4.0,4.0,4.0,4.0,4.0,4.0,4.0,4.0,4.0,100.0,,,,,,,,,,,,,,,,,,,,,,,,,,,,,,,,,,,,,,,
13401,1754692299.291934,104.5289580821991,1754692299.3737571,88.0,0.0,-5.352878385992881,4.035237750476426,-1.2879428052442563,-2.0962012249565305,-8.778087316890378,-1.5074394878274688,-3.098981478420683,1.008763100390297,6.814309932489323,-0.087313373543111,4.71946719501193,0.1085894206044031,6.4374024129153895,-0.1736933798997597,3565.0,2.0,4.0,4.0,4.0,4.0,4.0,4.0,4.0,4.0,4.0,4.0,4.0,4.0,4.0,4.0,100.0,0.552868664264679,0.35211181640625,-0.58740234375,0.47467041015625,0.9853665828704834,-0.2475623786449432,-0.0073243305087089,-51.29167556762695,-108.11627197265624,5.23384428024292,,,,,,,,,,,,,,,,,,,,,,,,,,,,,
13402,1754692299.299737,104.53676104545592,1754692299.3816612,89.0,0.0,-2.09640169387626,3.446787008122328,-3.5791892805552834,-2.827907972823823,-6.382937601415733,-0.984995333712277,-0.7517947294657006,3.6240275310562993,5.401822694070461,-1.364184212766986,5.728859912249618,1.045632187570618,0.6221423294830402,0.082814444645237,3322.0,2.0,4.0,4.0,4.0,4.0,4.0,4.0,4.0,4.0,4.0,4.0,4.0,4.0,4.0,4.0,100.0,,,,,,,,,,,,,,,,,,,,,,,,,,,,,,,,,,,,,,,
13403,1754692299.30754,104.54456400871275,1754692299.389464,90.0,0.0,1.2394085057570123,5.190895305026345,-3.112027243390628,-2.430470162368408,-5.16771456968462,-3.755762259653409,1.6896989105310354,-0.359164728449457,1.4568409202573207,1.5165815282201152,0.6673196856484651,0.3084775820109939,-0.2102594604390901,-0.6721523424168367,3612.0,2.0,4.0,4.0,4.0,4.0,4.0,4.0,4.0,4.0,4.0,4.0,4.0,4.0,4.0,4.0,100.0,,,,,,,,,,,,,,,,,,,,,,,,,,,,,,,,,,,,,,,
13404,1754692299.315343,104.5523669719696,1754692299.397367,91.0,0.0,2.5899022328523813,8.505808661307327,-0.1664367832761684,4.060967695469316,-5.875054613749654,-8.718348535538354,-5.968689977303967,-0.9565225063622904,-2.778399341357982,2.169195611536196,-1.1606571596537665,-1.1459866599368809,1.4489046061985107,3.252764178165052,3576.0,2.0,4.0,4.0,4.0,4.0,4.0,4.0,4.0,4.0,4.0,4.0,4.0,4.0,4.0,4.0,100.0,,,,,,,,,,,,,,,,,,,,,,,,,,,,,,,,,,,,,,,
13405,1754692299.323146,104.56017017364502,1754692299.40517,92.0,0.0,5.353524523337967,8.66516330562905,0.6907895651625608,5.236873286500725,-4.845204725926067,-10.378889021342218,-9.726792845005493,0.9338704828992944,-4.957444106387754,-1.1040150123566832,-0.895880984761277,-0.3655996308825138,0.3491670193639606,10.586424594250786,3565.0,2.0,4.0,4.0,4.0,4.0,4.0,4.0,4.0,4.0,4.0,4.0,4.0,4.0,4.0,4.0,100.0,0.5526098012924194,0.35186767578125,-0.587890625,0.47454833984375,0.9746242761611938,-0.2460975050926208,-0.0141603723168373,-52.33844375610352,-109.31258392333984,5.383382797241211,,,,,,,,,,,,,,,,,,,,,,,,,,,,,
13406,1754692299.330949,104.56797313690186,1754692299.413073,93.0,0.0,10.362323367148008,4.812104407438426,1.5935077742071255,-2.711852083683709,1.7455766214999926,-5.724606314625191,0.202703414565974,-0.2119817185023862,-3.378594299219742,-1.1715911879844612,-4.870328294414151,2.677681277090585,-2.1240440971931207,11.02970494018399,3322.0,2.0,4.0,4.0,4.0,4.0,4.0,4.0,4.0,4.0,4.0,4.0,4.0,4.0,4.0,4.0,100.0,,,,,,,,,,,,,,,,,,,,,,,,,,,,,,,,,,,,,,,
13407,1754692299.338752,104.57577610015868,1754692299.420876,94.0,0.0,12.178429899125206,6.938913244536309,1.3391862759372657,-1.7380700048015,6.581982778540862,-1.2135554462774394,1.744438812537794,-3.126751416875265,-7.35572218721876,-4.925670265289625,-9.13924670488035,1.1592545568728951,-4.130542677504252,5.966039900110502,3612.0,2.0,4.0,4.0,4.0,4.0,4.0,4.0,4.0,4.0,4.0,4.0,4.0,4.0,4.0,4.0,100.0,,,,,,,,,,,,,,,,,,,,,,,,,,,,,,,,,,,,,,,
13408,1754692299.346555,104.58357906341551,1754692299.4287791,95.0,0.0,10.738673880449936,16.238156839234875,-0.016779104424927,6.904945292252819,2.8505470750679933,-0.2182675284001334,-5.1636615374553685,-1.7808704504162731,-8.605809970345376,-5.6610196824739205,-3.864795956596822,-1.1254566339883922,-2.749322693494264,8.349610603284077,3576.0,2.0,4.0,4.0,4.0,4.0,4.0,4.0,4.0,4.0,4.0,4.0,4.0,4.0,4.0,4.0,100.0,,,,,,,,,,,,,,,,,,,,,,,,,,,,,,,,,,,,,,,
13409,1754692299.354358,104.59138202667236,1754692299.436583,96.0,0.0,8.95887133718196,12.170592537736582,-3.865777308474492,0.9586922428158572,-2.5258929337890663,-2.538665736517771,-3.195197118931276,1.501317531414486,1.0173187274355655,1.1912534197232958,0.6507656685054712,-3.635811877848312,-0.2547889195878383,8.65146307601043,3565.0,2.0,4.0,4.0,4.0,4.0,4.0,4.0,4.0,4.0,4.0,4.0,4.0,4.0,4.0,4.0,100.0,0.55267733335495,0.35150146484375,-0.58843994140625,0.47406005859375,0.9819485545158386,-0.2475623786449432,-0.0166018158197402,-51.44121551513672,-109.61165618896484,6.131074905395508,,,,,,,,,,,,,,,,,,,,,,,,,,,,,
13410,1754692299.362161,104.5991849899292,1754692299.444486,97.0,0.0,6.079602991293513,-0.9588424756657616,-4.016366519196737,-6.22001216159336,0.7756808458497915,0.7982255124224764,6.06773489152053,4.157463830265414,7.978706406931423,3.489259000803912,-7.213228765400828,-5.78619505241025,-3.7869498392358594,-0.4584703552432358,3322.0,2.0,4.0,4.0,4.0,4.0,4.0,4.0,4.0,4.0,4.0,4.0,4.0,4.0,4.0,4.0,100.0,,,,,,,,,,,,,,,,,,,,,,,,,,,,,,,,,,,,,,,
13411,1754692299.369964,104.60698795318604,1754692299.452289,98.0,0.0,1.507247365076239,-1.3602023340458231,0.2719530636068725,0.0072474980507308,5.8961303786337,8.010041375860112,11.899154498716657,4.197827508602643,-6.623515603859175,0.3634624654774256,-12.164830705631118,-3.498041159864385,-12.426438013335598,-1.4894944069037024,3612.0,2.0,4.0,4.0,4.0,4.0,4.0,4.0,4.0,4.0,4.0,4.0,4.0,4.0,4.0,4.0,100.0,,,,,,,,,,,,,,,,,,,,,,,,,,,,,,,,,,,,,,,
13412,1754692299.377767,104.61479115486144,1754692299.460192,99.0,0.0,-0.3089371215235701,3.024230878551577,-0.9265707861248416,0.0121988018437946,2.7286127111521523,2.7776012301712285,6.338166450263259,1.0311567278264988,-14.060092260729846,-3.224089070625098,-6.3246588065288165,-2.0899724927201646,-12.111594850396216,4.241422922708978,3576.0,2.0,4.0,4.0,4.0,4.0,4.0,4.0,4.0,4.0,4.0,4.0,4.0,4.0,4.0,4.0,100.0,,,,,,,,,,,,,,,,,,,,,,,,,,,,,,,,,,,,,,,
13413,1754692299.38557,104.62259411811829,1754692299.4679952,100.0,0.0,3.977656615853192,0.9442193256361122,0.8913524201122698,-2.049101863857942,-0.2843212732207405,-4.51901858042018,-2.991438655703206,2.096746909651955,-1.6775295467898843,-0.4109181693982293,1.4556958004806972,1.0859165597664455,-2.004415116586671,3.542610046038334,3565.0,2.0,4.0,4.0,4.0,4.0,4.0,4.0,4.0,4.0,4.0,4.0,4.0,4.0,4.0,4.0,100.0,0.552520215511322,0.35150146484375,-0.58843994140625,0.4742431640625,0.9751125574111938,-0.251468688249588,-0.0029297322034835,-51.74029159545898,-108.71442413330078,6.729228496551514,,,,,,,,,,,,,,,,,,,,,,,,,,,,,
13414,1754692299.393373,104.63039708137512,1754692299.475898,101.0,0.0,2.783762013938457,-1.9917207970620725,4.5753951372939525,1.7490141680286513,-3.838773860623888,-3.1031159109411703,-8.457342537751657,-2.1029448607255574,0.356240765181127,2.6863040897683,0.4270060844687293,1.1354799247378369,0.931962449544443,-0.5050377341731576,3322.0,2.0,4.0,4.0,4.0,4.0,4.0,4.0,4.0,4.0,4.0,4.0,4.0,4.0,4.0,4.0,100.0,,,,,,,,,,,,,,,,,,,,,,,,,,,,,,,,,,,,,,,
13415,1754692299.401176,104.63820004463196,1754692299.4837022,102.0,0.0,-1.793230603617218,3.085709740064061,4.674829837680676,7.413010709763597,-5.502694868367058,1.7749678320243163,-8.449642345324634,-7.555169254584968,-5.308654960338487,0.605608643923091,-0.1224020051867285,-0.3013176778512445,2.059319030982209,3.921980225692181,3612.0,2.0,4.0,4.0,4.0,4.0,4.0,4.0,4.0,4.0,4.0,4.0,4.0,4.0,4.0,4.0,100.0,,,,,,,,,,,,,,,,,,,,,,,,,,,,,,,,,,,,,,,
13416,1754692299.408979,104.6460030078888,1754692299.491605,103.0,0.0,-3.508956710383188,4.093899942920473,2.5731272643966463,6.305577115714243,-1.192997540309932,-0.3282281149512869,-10.517121377712954,-10.429563279537376,-2.543267672975105,-5.227737784818999,0.8001871202800999,0.1062357110222933,4.787817585981713,7.364176974413624,3576.0,2.0,4.0,4.0,4.0,4.0,4.0,4.0,4.0,4.0,4.0,4.0,4.0,4.0,4.0,4.0,100.0,,,,,,,,,,,,,,,,,,,,,,,,,,,,,,,,,,,,,,,
13417,1754692299.416782,104.65380597114564,1754692299.499408,104.0,0.0,-2.9998016850996123,0.0919096640859038,4.323702096559771,4.019002442283579,1.7219683312186476,-2.4089051957390097,-13.997723999110406,-11.585473295545455,-0.7530342419377689,-4.443342114974314,1.998214844981192,-0.1265125398641089,3.297519886650832,2.476160822354757,3565.0,2.0,4.0,4.0,4.0,4.0,4.0,4.0,4.0,4.0,4.0,4.0,4.0,4.0,4.0,4.0,100.0,0.5523619651794434,0.3514404296875,-0.58837890625,0.47454833984375,0.9863432049751282,-0.2412146180868148,-0.0092774853110313,-51.14213943481445,-109.61165618896484,5.831998348236084,,,,,,,,,,,,,,,,,,,,,,,,,,,,,
13418,1754692299.424585,104.66160917282104,1754692299.507311,105.0,0.0,-0.4494976437540856,0.3740289429228767,5.285749948272013,4.262554513999447,-0.9176233436024006,0.2610367972438041,-10.251249652698364,-9.928107602066603,-3.208085934538332,-4.309601131778464,9.186412631146112,-1.8907482823092607,1.707529270576032,4.123360193461366,3322.0,2.0,4.0,4.0,4.0,4.0,4.0,4.0,4.0,4.0,4.0,4.0,4.0,4.0,4.0,4.0,100.0,,,,,,,,,,,,,,,,,,,,,,,,,,,,,,,,,,,,,,,
13419,1754692299.432388,104.66941213607788,1754692299.515114,106.0,0.0,0.1840901359148006,0.9665266422632044,3.18833800747069,3.27109737887912,-2.1652341961533352,-0.2705447129254139,-4.812056397554272,-9.00771451043812,-2.5804791560902345,-10.089141212091192,9.300476327177137,-2.593794099358832,4.313230918175748,7.683589689428743,3612.0,2.0,4.0,4.0,4.0,4.0,4.0,4.0,4.0,4.0,4.0,4.0,4.0,4.0,4.0,4.0,100.0,,,,,,,,,,,,,,,,,,,,,,,,,,,,,,,,,,,,,,,
13420,1754692299.440191,104.67721509933472,1754692299.5228171,107.0,0.0,-0.5014176193090236,-2.365349782473942,5.423187200341516,3.431065830061897,2.2826182084663458,-0.3535714899694824,-5.410706852796494,-4.522159311981369,1.358645587496511,-6.12864581460056,-1.7054477360011615,-0.0584213974689475,1.9984127875920592,1.6271496501339868,3576.0,2.0,4.0,4.0,4.0,4.0,4.0,4.0,4.0,4.0,4.0,4.0,4.0,4.0,4.0,4.0,100.0,,,,,,,,,,,,,,,,,,,,,,,,,,,,,,,,,,,,,,,
13421,1754692299.447994,104.68501806259157,1754692299.5307212,108.0,0.0,0.338831023748753,-3.2370301997029856,7.958664610070173,3.510272185644681,4.367346581097991,2.3174661652933537,-2.58807787801561,0.4919098712580307,0.679044784434609,-1.0848018330661944,-4.88296977420805,0.4246507076359194,-3.870514432540176,-0.579022841288861,3565.0,2.0,4.0,4.0,4.0,4.0,4.0,4.0,4.0,4.0,4.0,4.0,4.0,4.0,4.0,4.0,100.0,0.5522433519363403,0.35150146484375,-0.5882568359375,0.47479248046875,0.9790188670158386,-0.2402380406856537,-0.0107423514127731,-52.03936767578125,-109.1630401611328,7.028305530548096,,,,,,,,,,,,,,,,,,,,,,,,,,,,,
13422,1754692299.455797,104.6928210258484,1754692299.5385242,109.0,0.0,-0.5588389643000369,-3.268412646188324,7.901865149109483,0.6568925528079603,1.5789221380608185,2.758557250352908,3.5033180560974984,-1.1080452875968945,-1.5836502252292917,-5.2965947136701175,-1.387313572852861,-0.3565238912426025,-3.8815388859322297,3.784008939649368,3322.0,2.0,4.0,4.0,4.0,4.0,4.0,4.0,4.0,4.0,4.0,4.0,4.0,4.0,4.0,4.0,100.0,,,,,,,,,,,,,,,,,,,,,,,,,,,,,,,,,,,,,,,
13423,1754692299.4636,104.70062398910522,1754692299.546327,110.0,0.0,1.0749264866135777,-6.41699451883639,7.168637543192773,-4.612326817650654,3.4464289685356846,-2.666033015570946,3.222538892083349,-0.9663985682254576,-0.7320770147352675,-2.94067692558653,-3.031983157660278,2.50203272831007,1.3508721483483723,2.377354160846181,3612.0,2.0,4.0,4.0,4.0,4.0,4.0,4.0,4.0,4.0,4.0,4.0,4.0,4.0,4.0,4.0,100.0,,,,,,,,,,,,,,,,,,,,,,,,,,,,,,,,,,,,,,,
13424,1754692299.471403,104.70842695236206,1754692299.5540302,111.0,0.0,5.234851705746564,-4.824973115819944,5.36505474241892,-5.631699218840936,4.1103741438131465,-8.532374681661281,-2.519560904706509,3.267284248059582,-3.45615352005882,2.2461802728347493,-5.57098933175223,4.114629070792375,3.0711994795432247,-1.8943506036654296,3576.0,2.0,4.0,4.0,4.0,4.0,4.0,4.0,4.0,4.0,4.0,4.0,4.0,4.0,4.0,4.0,100.0,,,,,,,,,,,,,,,,,,,,,,,,,,,,,,,,,,,,,,,
13425,1754692299.479206,104.71623015403748,1754692299.561933,112.0,0.0,6.092019352900422,2.9039114935293924,2.031507187474233,-1.557829347827976,1.094376522094933,-4.649793326792462,-6.466747895408446,2.490309489680328,-2.516276339608396,-0.9167293615201402,-3.897382366210024,3.737739985925544,-0.718098681829872,0.0927405315368901,3565.0,2.0,4.0,4.0,4.0,4.0,4.0,4.0,4.0,4.0,4.0,4.0,4.0,4.0,4.0,4.0,100.0,0.5523731708526611,0.35162353515625,-0.5880126953125,0.474853515625,0.9848783016204834,-0.2294956892728805,-0.0004882887005805,-53.385215759277344,-109.61165618896484,5.383382797241211,,,,,,,,,,,,,,,,,,,,,,,,,,,,,
13426,1754692299.487009,104.72403311729433,1754692299.569737,113.0,0.0,2.2012365579115283,6.103442441611918,-0.639003599422864,0.9616014623883018,-0.5595841024420736,0.1721576904377286,-6.478788179069539,-4.491370477738343,3.1214360743786926,-6.245158833046531,-0.2986115987920641,3.035154179943987,-3.3881842145632675,1.5503878044827104,3322.0,2.0,4.0,4.0,4.0,4.0,4.0,4.0,4.0,4.0,4.0,4.0,4.0,4.0,4.0,4.0,100.0,,,,,,,,,,,,,,,,,,,,,,,,,,,,,,,,,,,,,,,
13427,1754692299.494812,104.73183608055116,1754692299.57764,114.0,0.0,0.7388462184400737,10.447919435825668,1.5714335000563435,0.8998538299603638,-1.1264348359607652,0.5736113762861237,-3.441520418376797,-5.602949861440095,2.036135994601125,-8.730313735979337,-0.786151315627933,3.4472000329807884,-2.246886789368375,0.3757280162141683,3612.0,2.0,4.0,4.0,4.0,4.0,4.0,4.0,4.0,4.0,4.0,4.0,4.0,4.0,4.0,4.0,100.0,,,,,,,,,,,,,,,,,,,,,,,,,,,,,,,,,,,,,,,
13428,1754692299.502615,104.73963904380798,1754692299.585443,115.0,0.0,2.3529609187351355,20.034671644582232,1.1199394054454217,-0.7673527789640673,-1.813037192361861,2.3823631927660074,-1.1923790703842485,-1.2297022752024702,0.2023960027716214,-11.068104349130609,-5.241118989086061,1.35627157959496,1.0645693853034857,-0.5537422485647028,3576.0,2.0,4.0,4.0,4.0,4.0,4.0,4.0,4.0,4.0,4.0,4.0,4.0,4.0,4.0,4.0,100.0,,,,,,,,,,,58.33333206176758,4.0,27.876205444335938,4.0,28.432201385498047,3.0,25.809833526611328,3.0,28.84873390197754,4.0,17.543912887573242,3.0,23.567995071411133,3.0,27.352947235107425,3.0,31.59595489501953,4.0,26.143985748291016,4.0,27.0117130279541,1.0,38.99017333984375,4.0,27.77585220336914,4.0,31.57040977478028,3.0,43.40748977661133
13429,1754692299.510418,104.74744200706482,1754692299.593346,116.0,0.0,1.4813135779748734,26.08308904680265,-4.098221425126809,-1.3393416719792697,-0.4191490690865578,6.933126637200843,1.9779305132986733,3.170926024878412,4.200404666641447,-6.5108297947678295,-5.91264173834648,-1.4999446146595403,-0.2513504194797917,-3.1203843409468,3565.0,2.0,4.0,4.0,4.0,4.0,4.0,4.0,4.0,4.0,4.0,4.0,4.0,4.0,4.0,4.0,100.0,0.5520461797714233,0.3519287109375,-0.587890625,0.47515869140625,0.9682765007019044,-0.2304722666740417,0.0039063096046447,-50.543983459472656,-108.71442413330078,6.729228496551514,,,,,,,,,,,,,,,,,,,,,,,,,,,,,
13430,1754692299.518221,104.75524497032166,1754692299.601149,117.0,0.0,0.0951404085000717,23.614457941773423,-6.614970221050328,-1.0369777717276634,-1.739374783532014,5.497488776190664,8.65040325974968,8.441049912056485,2.8111493310049696,-4.109724376990755,-3.3920961605984417,1.2531590459122413,-5.585149929284228,-3.488488845749828,3322.0,2.0,4.0,4.0,4.0,4.0,4.0,4.0,4.0,4.0,4.0,4.0,4.0,4.0,4.0,4.0,100.0,,,,,,,,,,,,,,,,,,,,,,,,,,,,,,,,,,,,,,,
13431,1754692299.526024,104.76304817199708,1754692299.6090522,118.0,0.0,1.7888928617974216,23.147275494118503,-4.608190887142655,-2.347137515010445,-5.610511159366297,-2.520573803207526,9.682863040483198,12.349942384951872,6.479321240299896,-6.0874787886407375,-2.9180841566624167,2.7032105608639085,-2.0281960689555945,-1.157433119125244,3612.0,2.0,4.0,4.0,4.0,4.0,4.0,4.0,4.0,4.0,4.0,4.0,4.0,4.0,4.0,4.0,100.0,,,,,,,,,,,,,,,,,,,,,,,,,,,,,,,,,,,,,,,
13432,1754692299.533827,104.7708511352539,1754692299.6168551,119.0,0.0,2.928197315897989,23.784140100078105,-3.423475453488834,-7.666894709109044,-5.201949112682712,-2.0108416396585085,3.833379548766345,9.709122326366298,10.229332801166777,-3.697315133199652,-6.971302352985447,-0.9291147802693444,4.045631861477261,-0.7464617195252572,3576.0,2.0,4.0,4.0,4.0,4.0,4.0,4.0,4.0,4.0,4.0,4.0,4.0,4.0,4.0,4.0,100.0,,,,,,,,,,,,,,,,,,,,,,,,,,,,,,,,,,,,,,,
13433,1754692299.54163,104.77865409851074,1754692299.624759,120.0,0.0,1.1512132617988016,18.962504002495933,-1.763657638736987,-7.392429221639105,0.213658757468437,4.830413768290072,3.193454361384028,4.293688121914983,-1.9174529779577647,-2.794340149182318,-7.753819806582925,-1.0386541360278727,0.9007017206772332,-0.7392633486058742,3565.0,2.0,4.0,4.0,4.0,4.0,4.0,4.0,4.0,4.0,4.0,4.0,4.0,4.0,4.0,4.0,100.0,0.5519660115242004,0.3519287109375,-0.5877685546875,0.47540283203125,0.9878080487251282,-0.2285191118717193,-0.0029297322034835,-52.93659973144531,-109.91073608398438,5.532921314239502,,,,,,,,,,,,,,,,,,,,,,,,,,,,,
13434,1754692299.549433,104.78645706176758,1754692299.6325622,121.0,0.0,-0.7697664603377348,14.892685067429454,-1.90187788444274,0.6055057075952277,2.0732482705759026,2.758545419222344,4.620628522986124,3.4061861915985787,-8.144558519808754,-6.209028897626752,-4.03418192497594,2.8181284795443275,-6.290689400931626,-1.549601607181387,3322.0,2.0,4.0,4.0,4.0,4.0,4.0,4.0,4.0,4.0,4.0,4.0,4.0,4.0,4.0,4.0,100.0,,,,,,,,,,,,,,,,,,,,,,,,,,,,,,,,,,,,,,,
13435,1754692299.557236,104.7942600250244,1754692299.640465,122.0,0.0,-1.3540325414891754,13.997284377600463,-5.940894245356901,3.916158823179616,-2.820657930545565,0.1812925230734094,0.5292521025608607,4.362905215548892,1.4851009816821374,-4.241028856041282,-0.5985531231626169,3.2610805852996805,-5.17539321406224,-0.6834825974187311,3612.0,2.0,4.0,4.0,4.0,4.0,4.0,4.0,4.0,4.0,4.0,4.0,4.0,4.0,4.0,4.0,100.0,,,,,,,,,,,,,,,,,,,,,,,,,,,,,,,,,,,,,,,
13436,1754692299.565039,104.80206298828124,1754692299.648268,123.0,0.0,-4.445302535031317,4.9936397515197655,-8.634697697096783,-2.1152226420027205,-6.830532430628466,2.5222670211573472,-2.101465001159397,2.6647937931119827,3.816200941151181,2.700221023690517,-1.957545027386061,0.3515333170298049,-1.4029016485010857,2.038540187750129,3576.0,2.0,4.0,4.0,4.0,4.0,4.0,4.0,4.0,4.0,4.0,4.0,4.0,4.0,4.0,4.0,100.0,,,,,,,,,,,,,,,,,,,,,,,,,,,,,,,,,,,,,,,
13437,1754692299.572842,104.80986595153809,1754692299.656171,124.0,0.0,-3.978014953707316,-5.905146500439059,-6.36800288505583,-4.75064098294024,-0.2299497580142997,2.17755214763747,4.245150207827464,3.740076834140382,0.8421617005151347,7.577442423771572,-3.760679443969366,3.396862865789444,-0.9835566111605658,2.535624052909497,3565.0,2.0,4.0,4.0,4.0,4.0,4.0,4.0,4.0,4.0,4.0,4.0,4.0,4.0,4.0,4.0,100.0,0.3029822409152984,0.61492919921875,-0.30157470703125,0.66265869140625,0.9746242761611938,-0.2431677728891372,0.0014648661017417,-53.23567581176758,-109.1630401611328,6.280613422393799,,,,,,,,,,,,,,,,,,,,,,,,,,,,,
13438,1754692299.580645,104.8176691532135,1754692299.663974,125.0,0.0,-2.149072898664258,-8.727455922095146,-4.8425414057770695,-2.342911940228646,4.66799731419303,-0.4723045162346579,7.759462307666922,0.2472878768693363,5.053973082564767,6.46875795917947,-1.6411373341599074,3.086801539556632,-3.751878748361719,-1.396660041331529,3322.0,2.0,4.0,4.0,4.0,4.0,4.0,4.0,4.0,4.0,4.0,4.0,4.0,4.0,4.0,4.0,100.0,,,,,,,,,,,,,,,,,,,,,,,,,,,,,,,,,,,,,,,
13439,1754692299.588448,104.82547211647034,1754692299.6718771,126.0,0.0,-2.438128939656337,-8.821799334198943,-5.092184042665224,1.0604495775220926,3.7967391190138073,5.821228525359572,7.097203411941962,-5.944937537701037,4.8440675728767815,4.5159998969504045,1.1801000650954734,-3.9807944533843616,-1.2928101188729784,-2.8415551466680995,3612.0,2.0,4.0,4.0,4.0,4.0,4.0,4.0,4.0,4.0,4.0,4.0,4.0,4.0,4.0,4.0,100.0,,,,,,,,,,,,,,,,,,,,,,,,,,,,,,,,,,,,,,,
13440,1754692299.596251,104.83327507972716,1754692299.679681,127.0,0.0,-4.717950904328575,-18.38387753951525,-4.779970381170699,-0.4499360857521992,4.452750908919768,5.699617908363905,5.032771607851316,-5.746320459711171,-0.6999603115278319,5.596637190232229,2.27105976526667,-5.181830558482545,7.093216524892512,-1.1087645992584498,52.0,2.0,4.0,4.0,4.0,4.0,4.0,4.0,4.0,4.0,4.0,4.0,4.0,4.0,4.0,4.0,100.0,,,,,,,,,,,,,,,,,,,,,,,,,,,,,,,,,,,,,,,
13441,1754692299.604054,104.841078042984,1754692299.6875842,0.0,0.0,-2.7512912659012727,-26.730568162130112,-3.2620531001348354,-3.9636358722345904,7.098300528080472,-2.866374872543929,1.498484889957581,-2.6393572246561234,0.4136167056904014,9.272951383475627,4.204863086426485,0.8870966054555538,9.280846640468326,1.252962075571304,3330.0,2.0,4.0,4.0,4.0,4.0,4.0,4.0,4.0,4.0,4.0,4.0,4.0,4.0,4.0,4.0,100.0,0.3029502034187317,0.6151123046875,-0.3016357421875,0.6624755859375,0.9829251766204834,-0.2260776758193969,-0.0063477531075477,-53.23567581176758,-109.46212005615234,4.785229206085205,,,,,,,,,,,,,,,,,,,,,,,,,,,,,
13442,1754692299.611857,104.84888100624084,1754692299.6953871,1.0,0.0,1.5293718531877687,-28.42462338586685,-2.536938507233316,-3.0083148555756622,6.772192039072507,-6.114202170366497,-1.0502274493889845,-1.4524949694184386,0.6905156234627441,15.398906529800826,4.002401685056412,1.820749446568044,-0.702026827288563,1.701050830110745,3520.0,2.0,4.0,4.0,4.0,4.0,4.0,4.0,4.0,4.0,4.0,4.0,4.0,4.0,4.0,4.0,100.0,,,,,,,,,,,,,,,,,,,,,,,,,,,,,,,,,,,,,,,
13443,1754692299.61966,104.85668396949768,1754692299.7030902,2.0,0.0,1.3089953217206016,-27.55682792799536,-1.6331164235287474,2.344937482564262,4.762396636842084,-5.475236510521256,1.3479498117760045,-1.1321762769715065,-3.623646066343838,17.180568392978955,2.902320955175753,-0.9560262644043293,-5.076224202374817,2.3430824151875527,3516.0,2.0,4.0,4.0,4.0,4.0,4.0,4.0,4.0,4.0,4.0,4.0,4.0,4.0,4.0,4.0,100.0,,,,,,,,,,,,,,,,,,,,,,,,,,,,,,,,,,,,,,,
13444,1754692299.627463,104.8644871711731,1754692299.710993,3.0,0.0,-1.508332365113688,-24.02590250730316,-1.0606742839680692,3.987582795542608,2.221103328881896,-3.6552524294569366,1.302637514147705,-3.42983496433078,-5.318515986691068,8.06808038188285,1.888222564855028,-1.4694636877005678,4.662326959458028,2.0563418932284776,3623.0,2.0,4.0,4.0,4.0,4.0,4.0,4.0,4.0,4.0,4.0,4.0,4.0,4.0,4.0,4.0,100.0,,,,,,,,,,,,,,,,,,,,,,,,,,,,,,,,,,,,,,,
13445,1754692299.635266,104.87229013442992,1754692299.718797,4.0,0.0,-1.0165599068959636,-19.562828173506205,-1.306335682864301,4.061352108117717,2.304695083040315,1.751028171569942,-2.723920464915864,-4.7227732870624095,0.1406231224932526,2.761366715497843,2.720441588182439,-1.86997191060982,10.000359457371587,-4.159213219897083,3626.0,2.0,4.0,4.0,4.0,4.0,4.0,4.0,4.0,4.0,4.0,4.0,4.0,4.0,4.0,4.0,100.0,0.3029976189136505,0.61541748046875,-0.3016357421875,0.66217041015625,0.9819485545158386,-0.2353551536798477,0.0009765774011611,-52.33844375610352,-109.61165618896484,5.831998348236084,,,,,,,,,,,,,,,,,,,,,,,,,,,,,
13446,1754692299.643069,104.88009309768675,1754692299.7267,5.0,0.0,-0.5167111214857414,-18.205236797999305,-1.7158358636750108,5.098494291506768,2.466581538269793,4.140032456155268,-3.203199701323456,-3.511307364630966,1.902772475749544,6.21069937027346,2.7597255036932893,-2.490548550833182,0.7972157196047647,-9.392282052872131,3518.0,2.0,4.0,4.0,4.0,4.0,4.0,4.0,4.0,4.0,4.0,4.0,4.0,4.0,4.0,4.0,100.0,,,,,,,,,,,,,,,,,,,,,,,,,,,,,,,,,,,,,,,
13447,1754692299.650872,104.8878960609436,1754692299.734503,6.0,0.0,1.6058452712675262,-19.3638095601857,0.9325364823546352,0.4745888181439568,1.6353303148096074,-2.243157356861275,-1.3884346649685997,-3.394629301604027,-3.6851020911137766,5.792783053391986,2.434793423850124,0.2185840459221708,-1.0010349115880215,1.401072315729607,3504.0,2.0,4.0,4.0,4.0,4.0,4.0,4.0,4.0,4.0,4.0,4.0,4.0,4.0,4.0,4.0,100.0,,,,,,,,,,,,,,,,,,,,,,,,,,,,,,,,,,,,,,,
13448,1754692299.658675,104.89569902420044,1754692299.742406,7.0,0.0,1.962015420321564,-25.07360285891048,1.9468131844913608,-7.048958023899672,1.418313503453987,-8.971844069883105,-1.293124270505018,-3.3967406482107663,-6.512431098711772,4.540143238615542,4.46397892703169,1.411174982128955,6.6146982990989045,14.055761615494587,3514.0,2.0,4.0,4.0,4.0,4.0,4.0,4.0,4.0,4.0,4.0,4.0,4.0,4.0,4.0,4.0,100.0,,,,,,,,,,,,,,,,,,,,,,,,,,,,,,,,,,,,,,,
13449,1754692299.666478,104.90350198745728,1754692299.750209,8.0,0.0,-1.79462670841383,-27.186979030109683,-1.7866405450544107,-7.907739718795142,-4.135064706813296,-6.959818821652675,-2.7865425704607105,0.4622389030965905,0.0779260428395218,7.425129132696497,7.060488622100024,2.90222096270611,9.795489108342167,7.744694939263013,3621.0,2.0,4.0,4.0,4.0,4.0,4.0,4.0,4.0,4.0,4.0,4.0,4.0,4.0,4.0,4.0,100.0,0.3034768104553222,0.61553955078125,-0.30157470703125,0.661865234375,0.9834134578704834,-0.2299839854240417,-0.0151369497179985,-51.88983154296875,-109.31258392333984,6.878767013549805,,,,,,,,,,,,,,,,,,,,,,,,,,,,,
13450,1754692299.674281,104.91130495071413,1754692299.7581122,9.0,0.0,1.0983491777561198,-16.051034034567635,-2.6974531254022054,-2.323364821114353,-8.220946638114526,-2.6681562212237964,-5.330039056046132,1.3914027880865092,0.6876360235424386,4.438998121220777,9.32149385417148,5.834767265343601,10.261335931619726,0.0725880571345101,3619.0,2.0,4.0,4.0,4.0,4.0,4.0,4.0,4.0,4.0,4.0,4.0,4.0,4.0,4.0,4.0,100.0,,,,,,,,,,,,,,,,,,,,,,,,,,,,,,,,,,,,,,,
13451,1754692299.682084,104.91910815238953,1754692299.7659152,10.0,0.0,4.186702737081077,-4.918967202594331,0.9927817000923368,1.550409581012218,-2.2164521209731447,-4.608097288876479,-6.096926303695682,-3.547510323092183,-5.006331417252795,0.927616950048332,11.626006643373104,2.7145487647078426,10.728423759363976,5.232620628162067,3621.0,2.0,4.0,4.0,4.0,4.0,4.0,4.0,4.0,4.0,4.0,4.0,4.0,4.0,4.0,4.0,100.0,,,,,,,,,,,,,,,,,,,,,,,,,,,,,,,,,,,,,,,
13452,1754692299.689887,104.92691111564636,1754692299.773819,11.0,0.0,-1.2267287378428475,-2.501181996015191,1.438886207128519,0.696704534756293,-3.478657000858391,-8.615885334709844,-8.161570603961252,-3.8639718801338745,7.008212524157273,3.7061286238111393,14.412904127546255,-3.1152805109824726,5.300722937238845,4.480128880002951,3562.0,2.0,4.0,4.0,4.0,4.0,4.0,4.0,4.0,4.0,4.0,4.0,4.0,4.0,4.0,4.0,100.0,,,,,,,,,,,,,,,,,,,,,,,,,,,,,,,,,,,,,,,
13453,1754692299.69769,104.9347140789032,1754692299.7816222,12.0,0.0,-1.314540581894363,0.7907535758961046,-0.6259199687467856,3.896370859434427,-10.299337691378495,-6.798644539997696,-10.848187346627384,1.871816356891685,15.42319142035987,6.170824818480213,12.210577158943778,-1.0082593298732547,-0.1920820605196525,-3.4181388511881607,3571.0,2.0,4.0,4.0,4.0,4.0,4.0,4.0,4.0,4.0,4.0,4.0,4.0,4.0,4.0,4.0,100.0,0.3036797940731048,0.6156005859375,-0.301513671875,0.6617431640625,0.9795071482658386,-0.252445250749588,-0.0092774853110313,-51.74029159545898,-108.71442413330078,5.981536388397217,,,,,,,,,,,,,,,,,,,,,,,,,,,,,
13454,1754692299.705493,104.94251704216003,1754692299.789525,13.0,0.0,2.576656558216172,3.1567740624777514,-1.2761182422705415,3.316863214945414,-5.572373310451468,-3.0256089304503178,-10.857163126399456,4.566474262586752,-2.6114727605672954,3.2482217504907283,0.8184969427665862,1.3757903558070836,-1.0145179859794382,-3.722766949077169,3326.0,2.0,4.0,4.0,4.0,4.0,4.0,4.0,4.0,4.0,4.0,4.0,4.0,4.0,4.0,4.0,100.0,,,,,,,,,,,,,,,,,,,,,,,,,,,,,,,,,,,,,,,
13455,1754692299.713296,104.95032000541688,1754692299.797328,14.0,0.0,1.3433998385318375,7.560061045602794,-0.2420635516467371,1.7982984253596044,5.290524777777279,1.8076904926985264,-8.265243829380637,4.038472199032782,-9.849496709417366,-3.824453034934635,-3.439625016105168,-2.091430363520743,0.0551263389446887,0.7686038357379914,3621.0,2.0,4.0,4.0,4.0,4.0,4.0,4.0,4.0,4.0,4.0,4.0,4.0,4.0,4.0,4.0,100.0,,,,,,,,,,,,,,,,,,,,,,,,,,,,,,,,,,,,,,,
13456,1754692299.721099,104.9581229686737,1754692299.805231,15.0,0.0,-0.0276987668504204,15.99082457145451,-1.7643015325794238,5.866148776912183,5.798079458311719,2.831239464162905,-5.976606384128075,1.7142489816391446,0.7106967535045499,-8.704503312985793,0.0757455859210551,-2.8166943239103546,-1.261632564782616,-2.278297921015195,3562.0,2.0,4.0,4.0,4.0,4.0,4.0,4.0,4.0,4.0,4.0,4.0,4.0,4.0,4.0,4.0,100.0,,,,,,,,,,,,,,,,,,,,,,,,,,,,,,,,,,,,,,,
13457,1754692299.728902,104.96592617034912,1754692299.813034,16.0,0.0,3.079724274309001,18.698341814925016,0.2388957848909285,9.967684644145038,6.85913770079128,2.241068910803051,-0.7015966438086707,-0.3562909331915307,-2.080213476410563,-5.529785563983978,-2.2991806509878643,-0.1224072656043517,-4.7016469735378905,-4.3026600897517255,0.0,2.0,4.0,4.0,4.0,4.0,4.0,4.0,4.0,4.0,4.0,4.0,4.0,4.0,4.0,4.0,100.0,0.3035414218902588,0.615966796875,-0.30157470703125,0.66143798828125,0.9839017391204834,-0.2343785762786865,-0.0004882887005805,-52.33844375610352,-109.61165618896484,6.43015193939209,,,,,,,,,,,,,,,,,,,,,,,,,,,,,
13458,1754692299.736705,104.97372913360596,1754692299.8209372,17.0,0.0,3.602742685176622,12.711654036722509,5.825611389079427,8.106113002903498,11.66907030454388,4.082638525252264,5.131996646900575,-1.096247509604268,-10.376286926585069,-11.185416798582878,-10.04154667574619,-3.8627660627493015,-11.612545386134457,-3.642428998309129,0.0,2.0,4.0,4.0,4.0,4.0,4.0,4.0,4.0,4.0,4.0,4.0,4.0,4.0,4.0,4.0,100.0,,,,,,,,,,,,,,,,,,,,,,,,,,,,,,,,,,,,,,,
13459,1754692299.744508,104.9815320968628,1754692299.828741,18.0,0.0,2.948462672563608,7.952626411254357,5.547930360841463,4.943752661793212,8.401012961952063,4.702134537467089,5.185523839908626,0.9698505042603642,-7.416999743239842,-21.10389035344207,-10.975515755326626,-7.16843585299813,-15.962914139054476,-4.164288619754927,0.0,2.0,4.0,4.0,4.0,4.0,4.0,4.0,4.0,4.0,4.0,4.0,4.0,4.0,4.0,4.0,100.0,,,,,,,,,,,,,,,,,,,,,,,,,,,,,,,,,,,,,,,
13460,1754692299.752311,104.98933506011964,1754692299.8366442,19.0,0.0,0.6873787124475825,10.304157586806298,3.615252340490599,3.042912509937935,5.15806721233804,2.0899693697859334,5.087817075279247,1.7306465440113357,-2.8661784805732964,-8.961618216789418,-6.52296833419922,-3.340764068950364,-14.183930947488705,-4.9592169271497255,0.0,2.0,4.0,4.0,4.0,4.0,4.0,4.0,4.0,4.0,4.0,4.0,4.0,4.0,4.0,4.0,100.0,,,,,,,,,,,,,,,,,,,,,,,,,,,,,,,,,,,,,,,
13461,1754692299.760114,104.99713802337646,1754692299.844547,20.0,0.0,-4.53837354307467,8.354097502557067,4.653826996287023,-0.815812129516928,6.311255078403008,1.7929814188213982,4.495446147079235,1.1232936357841368,-2.3751512755307544,1.268720067731408,-6.9271467684289405,-0.9511043212938262,-12.952616398079556,-5.809875855811299,0.0,2.0,4.0,4.0,4.0,4.0,4.0,4.0,4.0,4.0,4.0,4.0,4.0,4.0,4.0,4.0,100.0,0.3034735321998596,0.6168212890625,-0.3016357421875,0.66064453125,0.991714358329773,-0.2246128022670745,0.0019531548023223,-52.33844375610352,-109.01350402832033,6.131074905395508,,,,,,,,,,,,,,,,,,,,,,,,,,,,,
13462,1754692299.767917,105.0049409866333,1754692299.85235,21.0,0.0,-2.4681454333868373,2.690159696401168,6.216065531363199,-0.6192784618716018,2.239848680131161,4.515883063559556,1.110130056399555,2.166090562998249,-1.7608022645827646,-6.636643438090289,-2.67451927865028,2.0066761389625185,-6.460705981300464,-2.684474326850306,0.0,2.0,4.0,4.0,4.0,4.0,4.0,4.0,4.0,4.0,4.0,4.0,4.0,4.0,4.0,4.0,100.0,,,,,,,,,,,,,,,,,,,,,,,,,,,,,,,,,,,,,,,
13463,1754692299.77572,105.01274394989014,1754692299.860253,22.0,0.0,0.4386697076641894,1.9521959496890984,3.367263267710655,-1.2648520060703277,-10.07064464140069,0.0960862995688103,-4.405802885920025,-1.6006304045464503,-2.6563671519617174,-10.675475987548111,5.644708366022655,3.643021320586626,1.7354508936399498,1.2994467120164472,0.0,2.0,4.0,4.0,4.0,4.0,4.0,4.0,4.0,4.0,4.0,4.0,4.0,4.0,4.0,4.0,100.0,,,,,,,,,,,,,,,,,,,,,,,,,,,,,,,,,,,,,,,
13464,1754692299.783523,105.02054715156557,1754692299.868056,23.0,0.0,-2.7237459888189903,4.717889964156967,1.258238925513325,2.212143098629241,-10.96727002628333,-0.6201187467683837,-3.917757897421069,-2.2422905246378093,2.609469197530672,-5.370219960340108,6.25169028591634,0.3662290514751305,1.7251580838292568,0.02438610077823,0.0,2.0,4.0,4.0,4.0,4.0,4.0,4.0,4.0,4.0,4.0,4.0,4.0,4.0,4.0,4.0,100.0,,,,,,,,,,,,,,,,,,,,,,,,,,,,,,,,,,,,,,,
13465,1754692299.791326,105.0283501148224,1754692299.8759592,24.0,0.0,-3.1328812688414587,-0.3481838593796169,0.8636032064557071,6.705569597185956,-1.7145921705821934,8.037030753685201,4.908362654627297,3.430627631426603,7.312447382402468,-2.449576507611539,-1.8738321430071776,-2.8164088119290795,-4.204649036683861,-2.9504109278835244,0.0,2.0,4.0,4.0,4.0,4.0,4.0,4.0,4.0,4.0,4.0,4.0,4.0,4.0,4.0,4.0,100.0,0.3049018681049347,0.61737060546875,-0.30120849609375,0.65966796875,0.9951323866844176,-0.2270542532205581,0.0078126192092895,-52.03936767578125,-108.11627197265624,5.23384428024292,,,,,,,,,,,,,,,,,,,,,,,,,,,,,
13466,1754692299.799129,105.03615307807922,1754692299.883763,25.0,0.0,0.1543168686089302,-6.975292492439621,1.4522872737875332,-0.1089397151686171,-1.981187226558632,9.756177999616284,14.81664791585854,9.033805159342592,2.6017543147322613,0.0415563046071838,-5.701224592513881,-1.6145603973468496,-8.443265064685647,-0.5452274226618101,0.0,2.0,4.0,4.0,4.0,4.0,4.0,4.0,4.0,4.0,4.0,4.0,4.0,4.0,4.0,4.0,100.0,,,,,,,,,,,,,,,,,,,,,,,,,,,,,,,,,,,,,,,
13467,1754692299.806932,105.04395604133606,1754692299.8916662,26.0,0.0,-0.2506428716523601,-8.504809450182108,4.874039303918437,-6.433043433613364,-4.313448565736451,3.7273699469251937,16.399551897272488,6.4301061138831415,-0.0233711437599026,0.8381671630705227,-3.621234150539692,1.894820270792536,-9.42310514617492,1.748339350900153,0.0,2.0,4.0,4.0,4.0,4.0,4.0,4.0,4.0,4.0,4.0,4.0,4.0,4.0,4.0,4.0,100.0,,,,,,,,,,,,,,,,,,,,,,,,,,,,,,,,,,,,,,,
13468,1754692299.814735,105.0517590045929,1754692299.8994691,27.0,0.0,-0.7526612442640044,-9.160642002862572,3.947975278684567,-4.476196401653965,0.6444082055962781,1.876376163832788,11.945744922841527,1.6327471029070466,4.556048410340168,1.2858838351152144,-4.86469623996129,1.4487952432704103,-6.620464369722981,-1.659352904803768,0.0,2.0,4.0,4.0,4.0,4.0,4.0,4.0,4.0,4.0,4.0,4.0,4.0,4.0,4.0,4.0,100.0,,,,,,,,,,,,,,,,,,,,,,,,,,,,,,,,,,,,,,,
13469,1754692299.822538,105.05956196784972,1754692299.907372,28.0,0.0,0.5358018395246802,-6.292122566962775,-0.3222738052052989,-1.55153906162181,0.3936571869527654,-0.3011596339609639,7.307968251610106,3.335495258989482,6.243231695949959,8.138395115327654,-6.122803514011906,-2.3447940003869405,-1.1077790718255471,-0.982202712853308,0.0,2.0,4.0,4.0,4.0,4.0,4.0,4.0,4.0,4.0,4.0,4.0,4.0,4.0,4.0,4.0,100.0,0.3058323860168457,0.6180419921875,-0.301025390625,0.65869140625,1.0161287784576416,-0.2221713662147522,-0.0039063096046447,-53.385215759277344,-110.3593521118164,5.383382797241211,,,,,,,,,,,,,,,,,,,,,,,,,,,,,
13470,1754692299.830341,105.06736516952516,1754692299.915175,29.0,0.0,-1.8102508509815325,-1.0379582988085474,0.2146033171474357,-1.546212249962622,-8.06699858049123,-1.1396914922730446,3.276455468682258,3.4060560140214022,5.694336882918748,6.40712023755296,-3.026140098978516,-2.587682439721533,0.6692984897514691,1.3737556164445834,0.0,2.0,4.0,4.0,4.0,4.0,4.0,4.0,4.0,4.0,4.0,4.0,4.0,4.0,4.0,4.0,100.0,,,,,,,,,,,,,,,,,,,,,,,,,,,,,,,,,,,,,,,
13471,1754692299.838144,105.07516813278198,1754692299.9229782,30.0,0.0,-1.7808946563185657,-2.4252109581047137,2.4465000185774386,-3.916308880030925,-9.050039392352488,1.5529676318511465,2.273555877582652,0.9197291587048256,5.4147693289693,0.069932203989623,-1.78544124298233,1.4686532799319991,-0.3464220580641779,-0.0985243171125205,0.0,2.0,4.0,4.0,4.0,4.0,4.0,4.0,4.0,4.0,4.0,4.0,4.0,4.0,4.0,4.0,100.0,,,,,,,,,,,,,,,,,,,,,,,,,,,,,,,,,,,,,,,
13472,1754692299.845947,105.08297109603882,1754692299.9306822,31.0,0.0,0.7874767858029088,-5.757083849544443,-1.8781913997459296,-7.476404481381934,-6.773895812880284,-2.87969391836171,3.244888066592438,0.2981979564915207,4.402414884211311,7.349870466329293,-0.1840162071316911,3.9437826903585744,1.0858677202370188,-0.4745290038845553,0.0,2.0,4.0,4.0,4.0,4.0,4.0,4.0,4.0,4.0,4.0,4.0,4.0,4.0,4.0,4.0,100.0,,,,,,,,,,,,,,,,,,,,,,,,,,,,,,,,,,,,,,,
13473,1754692299.85375,105.09077405929564,1754692299.938585,32.0,0.0,-2.8671162459411903,-1.1614221492821457,-7.819392175106088,-5.887603818183209,-10.842294568213047,-8.257527471107835,-1.59580716851616,4.044904970879713,11.415730089322722,19.53954348081077,3.342307367689216,3.518543117724392,5.44442997974096,0.606193925629384,0.0,2.0,4.0,4.0,4.0,4.0,4.0,4.0,4.0,4.0,4.0,4.0,4.0,4.0,4.0,4.0,100.0,0.5564563274383545,0.353515625,-0.5894775390625,0.466796875,0.9995269775390624,-0.2045929729938507,-0.0102540627121925,-52.48798370361328,-109.91073608398438,4.486152648925781,,,,,,,,,,,,,,,,,,,,,,,,,,,,,
13474,1754692299.861553,105.09857702255248,1754692299.946388,33.0,0.0,-5.575851460802255,2.960319014887432,-6.267176341893787,-0.4596291107881143,-11.159956983778898,-2.407447180509621,-5.630244760513847,1.1137875445029977,10.836356430007186,12.324687719263352,1.593409310827269,0.5798033933816669,8.318864329739085,2.195608488500625,0.0,2.0,4.0,4.0,4.0,4.0,4.0,4.0,4.0,4.0,4.0,4.0,4.0,4.0,4.0,4.0,100.0,,,,,,,,,,,,,,,,,,,,,,,,,,,,,,,,,,,,,,,
13475,1754692299.869356,105.10637998580933,1754692299.954291,34.0,0.0,-0.7015660111723889,5.744196277572456,-1.1709287573498557,2.285758255668526,-1.250661101153554,2.902807135789345,-1.0192901395798517,-5.146265792139701,-5.358434687135713,-0.8128185283521532,-0.0957849802366297,-1.8471260395503748,2.765291262175907,3.335012313946692,0.0,2.0,4.0,4.0,4.0,4.0,4.0,4.0,4.0,4.0,4.0,4.0,4.0,4.0,4.0,4.0,100.0,,,,,,,,,,,,,,,,,,,,,,,,,,,,,,,,,,,,,,,
13476,1754692299.877159,105.11418318748474,1754692299.962094,35.0,0.0,1.079951995310637,9.619615362116235,-0.2269270873821938,2.230654536850068,2.523540063333656,-0.7511764231667826,-0.4767020827276269,-5.986989411466823,-11.474711155091484,1.321863196530046,1.837608187350213,-0.7722499057045411,-5.302503441996635,-2.0123678802097515,0.0,2.0,4.0,4.0,4.0,4.0,4.0,4.0,4.0,4.0,4.0,4.0,4.0,4.0,4.0,4.0,100.0,,,,,,,,,,,,,,,,,,,,,,,,,,,,,,,,,,,,,,,
13477,1754692299.884962,105.12198615074158,1754692299.9699972,36.0,0.0,2.3236102573545168,13.65016575131392,1.2959971118647218,4.517345085564443,2.056967150164269,1.960566178053682,-4.744762764851771,-5.336783962661798,-4.562366451740786,3.050975473490212,0.2889115422675559,0.6714941704129842,-4.035179958376943,-6.540193290011871,0.0,2.0,4.0,4.0,4.0,4.0,4.0,4.0,4.0,4.0,4.0,4.0,4.0,4.0,4.0,4.0,100.0,0.5569208264350891,0.35333251953125,-0.5902099609375,0.4654541015625,1.003921627998352,-0.2099641412496566,-0.0170901045203208,-52.48798370361328,-108.41535186767578,5.981536388397217,,,,,,,,,,,,,,,,,,,,,,,,,,,,,
13478,1754692299.892765,105.1297891139984,1754692299.977801,37.0,0.0,3.79059817384541,13.01770342370537,2.300184639823783,6.679873824436527,3.674148920465541,1.445198446656832,-6.245825013032572,-6.078071551462472,-7.297456477049764,-5.6402452232428,-0.7890945039680446,-0.8439859459708714,2.068997829199361,-2.2152041629638006,0.0,2.0,4.0,4.0,4.0,4.0,4.0,4.0,4.0,4.0,4.0,4.0,4.0,4.0,4.0,4.0,100.0,,,,,,,,,,,,,,,,,,,,,,,,,,,,,,,,,,,,,,,
13479,1754692299.900568,105.13759207725523,1754692299.9857042,38.0,0.0,1.2580969873965555,7.011496144180427,-0.1559111676906752,4.430690547877447,3.642341670279592,-5.846128936912493,-3.779028912953919,-4.955078186460042,-10.25196580185505,-3.8487437790431898,1.5401380631605832,-0.0066062774135673,2.6596592013044926,2.33239588523972,0.0,2.0,4.0,4.0,4.0,4.0,4.0,4.0,4.0,4.0,4.0,4.0,4.0,4.0,4.0,4.0,100.0,,,,,,,,,,,,,,,,,,,,,,,,,,,,,,,,,,,,,,,
13480,1754692299.908371,105.14539504051208,1754692299.9935071,39.0,0.0,0.7310831753008529,1.682199507005123,-1.2999683509254396,-2.044202830622737,2.206798898305067,-6.967813323233997,2.3425064466616163,0.8178880230840946,-6.631559368502906,5.327839469389517,-2.7404397050962075,1.6609331396936682,-4.862459023066151,1.1925070415606456,0.0,2.0,4.0,4.0,4.0,4.0,4.0,4.0,4.0,4.0,4.0,4.0,4.0,4.0,4.0,4.0,100.0,,,,,,,,,,,,,,,,,,,,,,,,,,,,,,,,,,,,,,,
13481,1754692299.916174,105.15319800376892,1754692300.00141,40.0,0.0,3.067675422864568,3.540156879877713,-1.060844620845501,-7.083737445452925,2.6132747733147426,-4.36139509471991,2.0464492389576208,3.3783826224259883,-6.223410273350737,1.1488679945189233,-4.3133009303626295,1.334392152571354,-6.269762041963531,2.5925564865654,0.0,2.0,4.0,4.0,4.0,4.0,4.0,4.0,4.0,4.0,4.0,4.0,4.0,4.0,4.0,4.0,100.0,0.5568332076072693,0.35321044921875,-0.5909423828125,0.4647216796875,0.9980621337890624,-0.2255893796682357,-0.022949568927288,-52.03936767578125,-109.91073608398438,5.23384428024292,,,,,,,,,,,,,,,,,,,,,,,,,,,,,
13482,1754692299.923977,105.16100096702576,1754692300.009213,41.0,0.0,2.9658601735077923,7.564593598707745,-2.347039906525368,-6.418963690606176,2.0730674321244464,-7.103874096522247,-6.692794685778097,-0.061676049183859,-4.624151708581792,-2.9162229183570503,4.058674326218863,0.8514886507969663,6.306004695725335,5.5505254328409706,0.0,2.0,4.0,4.0,4.0,4.0,4.0,4.0,4.0,4.0,4.0,4.0,4.0,4.0,4.0,4.0,100.0,,,,,,,,,,,,,,,,,,,,,,,,,,,,,,,,,,,,,,,
13483,1754692299.93178,105.16880416870116,1754692300.017116,42.0,0.0,-0.0580641593116979,2.5182955807943017,0.6344285407160442,-2.8255316576271525,-2.1090242857765134,-7.955875014428557,-9.290125327289616,-1.195815507472389,-3.0134577218088907,4.092609596046486,1.362976168767318,1.7106637719323317,5.841663405474264,2.480367128772059,0.0,2.0,4.0,4.0,4.0,4.0,4.0,4.0,4.0,4.0,4.0,4.0,4.0,4.0,4.0,4.0,100.0,,,,,,,,,,,,,,,,,,,,,,,,,,,,,,,,,,,,,,,
13484,1754692299.939583,105.176607131958,1754692300.0250192,43.0,0.0,2.3590842855299456,2.6664538643534,5.387152184803483,1.1081158596933278,-2.128516201658556,-2.470335859279828,-2.512084312149625,-0.4937184823831444,-5.464410419474177,3.2720465611267286,-3.946329567589771,2.930781526269868,-5.228383413376776,1.47100084589448,0.0,2.0,4.0,4.0,4.0,4.0,4.0,4.0,4.0,4.0,4.0,4.0,4.0,4.0,4.0,4.0,100.0,,,,,,,,,,,,,,,,,,,,,,,,,,,,,,,,,,,,,,,
13485,1754692299.947386,105.18441009521484,1754692300.032823,44.0,0.0,6.370353436688959,10.472346434228996,2.653328491817149,2.391352429271421,-1.1151643573527394,-2.286493176161173,-3.3255460724837462,-3.483081816076435,-4.901340516900461,-5.221220845613232,1.4407735252464704,1.6030253246856887,-1.361276165023071,5.3705175085518135,0.0,2.0,4.0,4.0,4.0,4.0,4.0,4.0,4.0,4.0,4.0,4.0,4.0,4.0,4.0,4.0,100.0,0.5569352507591248,0.35284423828125,-0.59173583984375,0.4638671875,0.9834134578704834,-0.2226596474647522,-0.020508125424385,-51.74029159545898,-111.25658416748048,5.981536388397217,,,,,,,,,,,,,,,,,,,,,,,,,,,,,
13486,1754692299.955189,105.19221305847168,1754692300.040626,45.0,0.0,0.6677604270556685,1.8698840750734007,0.0842303749376469,-1.0838860549416722,0.1408741809640332,-1.2642274723413038,-5.360574330805889,-0.3889403358963363,1.5753484398732098,-6.189955929493522,3.321754425140512,-0.3923819763064102,5.32459845683627,-0.6030050556861397,0.0,2.0,4.0,4.0,4.0,4.0,4.0,4.0,4.0,4.0,4.0,4.0,4.0,4.0,4.0,4.0,100.0,,,,,,,,,,,,,,,,,,,,,,,,,,,,,,,,,,,,,,,
13487,1754692299.962992,105.20001602172852,1754692300.0485291,46.0,0.0,-3.695383050589186,-1.517130307412259,1.5157298340890009,-2.7229137135319945,2.965297291811879,3.2685496411498605,2.260590736332091,8.401478763263952,6.378314402241216,-3.2445377887148936,-3.559816239890239,0.9092764792329432,-0.166312531806767,-10.727785660382011,0.0,2.0,4.0,4.0,4.0,4.0,4.0,4.0,4.0,4.0,4.0,4.0,4.0,4.0,4.0,4.0,100.0,,,,,,,,,,,,,,,,,,,,,,,,,,,,,,,,,,,,,,,
13488,1754692299.970795,105.20781898498537,1754692300.056332,47.0,0.0,0.2455900716083761,21.216380672885634,0.1461208361231456,0.3424417060257383,0.8400333282413612,3.6734963586052345,4.414750209166186,2.545225169391188,1.642498076606671,-9.3092997189799,-7.995400470018694,-0.4414957140891147,-6.166589052799054,-5.320413473907365,0.0,2.0,4.0,4.0,4.0,4.0,4.0,4.0,4.0,4.0,4.0,4.0,4.0,4.0,4.0,4.0,100.0,,,,,,,,,,,,,,,,,,,,,,,,,,,,,,,,,,,,,,,
13489,1754692299.978598,105.21562218666077,1754692300.0640352,48.0,0.0,6.072691516526902,40.59406954153792,1.810108632565516,10.410373189631173,0.3143044433627437,5.550744421620493,0.6904807899845764,-7.507238001083806,-3.0188587950206056,-14.61677876297017,-4.465465918384325,-1.7347249367503537,-7.204149091709724,0.853411362621955,0.0,2.0,4.0,4.0,4.0,4.0,4.0,4.0,4.0,4.0,4.0,4.0,4.0,4.0,4.0,4.0,100.0,0.5572555661201477,0.3525390625,-0.59228515625,0.4630126953125,0.9809719920158386,-0.2377966046333313,-0.0200198367238044,-52.93659973144531,-109.1630401611328,5.981536388397217,,,,,,,,,,,,,,,,,,,,,,,,,,,,,
13490,1754692299.986401,105.2234251499176,1754692300.071939,49.0,0.0,5.450745600202026,39.79794460006087,4.709576306840972,18.518768189143884,2.700478185232896,7.784852451360166,-1.7355202917351562,-5.384288813592775,-2.3814762652068566,-14.76578345822736,-3.857594094095475,0.4980793723543684,-8.327012682206487,-6.548137878347006,0.0,2.0,4.0,4.0,4.0,4.0,4.0,4.0,4.0,4.0,4.0,4.0,4.0,4.0,4.0,4.0,100.0,,,,,,,,,,,,,,,,,,,,,,,,,,,,,,,,,,,,,,,
13491,1754692299.994204,105.23122811317444,1754692300.0797422,50.0,0.0,5.528059682772778,40.181575056871566,3.6784708124476992,15.256756773413484,3.584650213988766,4.2511168422000765,-0.8491032048992793,-1.8802738523960445,-4.426961623496595,-17.068043358364434,-9.701923785056463,1.326644257957355,-9.28042707706743,-5.684543445801978,0.0,2.0,4.0,4.0,4.0,4.0,4.0,4.0,4.0,4.0,4.0,4.0,4.0,4.0,4.0,4.0,100.0,,,,,,,,,,,,,,,,,,,,,,,,,,,,,,,,,,,,,,,
13492,1754692300.002007,105.23903107643127,1754692300.0875452,51.0,0.0,6.954857310108309,39.92638817247098,2.7014894858180014,7.649845360509062,3.466344663257587,0.3713921169128298,2.271964545128867,-2.14947980383522,-6.598714328463757,-19.776069179294154,-11.94300502448823,-1.965858777478388,-11.45469607475684,1.90286209866008,0.0,2.0,4.0,4.0,4.0,4.0,4.0,4.0,4.0,4.0,4.0,4.0,4.0,4.0,4.0,4.0,100.0,,,,,,,,,,,25.0,4.0,32.14088821411133,3.0,30.19846534729004,3.0,28.83465385437012,3.0,34.224788665771484,4.0,21.49129104614257,3.0,30.07495880126953,1.0,37.99694061279297,1.0,37.41570663452149,3.0,32.32386016845703,3.0,36.441165924072266,1.0,48.308555603027344,4.0,30.79063034057617,4.0,39.61462020874024,3.0,48.91389083862305
13493,1754692300.00981,105.24683403968812,1754692300.095248,52.0,0.0,1.1340567803107433,28.77577310039976,1.6418272939243934,5.119780355556827,3.4011245813561573,5.566458289743764,2.9493705088324305,-1.027006052929778,0.8440299899601769,-15.972336914841094,-4.90547460975597,-4.160188124798083,-11.211663542534666,-4.783214976656041,0.0,2.0,4.0,4.0,4.0,4.0,4.0,4.0,4.0,4.0,4.0,4.0,4.0,4.0,4.0,4.0,100.0,0.5572049617767334,0.35223388671875,-0.5928955078125,0.4625244140625,0.9843900203704834,-0.2226596474647522,-0.022949568927288,-53.98336791992188,-109.1630401611328,6.280613422393799,,,,,,,,,,,,,,,,,,,,,,,,,,,,,
13494,1754692300.017613,105.25463700294496,1754692300.1030512,53.0,0.0,-4.24214845933443,21.22570447362773,-1.487297016511775,5.534246278942874,2.791437098121378,12.208938422001893,1.7269699446849245,0.2022321974807255,2.5701227546726386,-9.38065197298306,-0.4416610812929775,-1.1196554378204835,-8.64929996686351,-11.307290855241945,0.0,2.0,4.0,4.0,4.0,4.0,4.0,4.0,4.0,4.0,4.0,4.0,4.0,4.0,4.0,4.0,100.0,,,,,,,,,,,,,,,,,,,,,,,,,,,,,,,,,,,,,,,
13495,1754692300.025416,105.26243996620178,1754692300.110755,54.0,0.0,-3.258510424454641,13.617615370966462,-1.4283212981287647,4.066379263017382,4.377004004011553,8.414189459578495,1.809731092254708,1.8323732535916968,0.6123249914915618,-5.925999029422826,-5.936685778478648,1.116148226420421,-12.062620601803872,-4.750125104192364,0.0,2.0,4.0,4.0,4.0,4.0,4.0,4.0,4.0,4.0,4.0,4.0,4.0,4.0,4.0,4.0,100.0,,,,,,,,,,,,,,,,,,,,,,,,,,,,,,,,,,,,,,,
13496,1754692300.033219,105.2702431678772,1754692300.1185582,55.0,0.0,-0.6948489522697514,-2.064910610753998,0.9325277462043572,1.0858976766807589,4.198568565105632,-0.3473547337953846,2.025437832332898,3.8338969300133954,7.134849148812407,-2.2822849430086194,-8.82855342002864,0.0282734074675659,-11.31285528465429,-0.965022365866446,0.0,2.0,4.0,4.0,4.0,4.0,4.0,4.0,4.0,4.0,4.0,4.0,4.0,4.0,4.0,4.0,100.0,,,,,,,,,,,,,,,,,,,,,,,,,,,,,,,,,,,,,,,
13497,1754692300.041022,105.27804613113403,1754692300.126261,56.0,0.0,-2.989003054668956,-11.592273338093491,1.2046909963132748,0.0679547669374187,0.1119729640809055,-0.2043196303893637,2.668494585670942,1.2410390274640122,5.681230542972571,5.339976947706873,-4.61905117229162,1.9329494337966933,-1.3652845035339851,-3.0748341498024274,0.0,2.0,4.0,4.0,4.0,4.0,4.0,4.0,4.0,4.0,4.0,4.0,4.0,4.0,4.0,4.0,100.0,0.557468593120575,0.35198974609375,-0.593505859375,0.46160888671875,0.9882963299751282,-0.2231479436159134,-0.0151369497179985,-51.29167556762695,-108.41535186767578,5.532921314239502,,,,,,,,,,,,,,,,,,,,,,,,,,,,,
13498,1754692300.048825,105.28584909439088,1754692300.134064,57.0,0.0,-8.566806014677297,-16.24861682950001,-0.1268959775589451,-1.5536325573594354,2.3544935196195524,0.8815484258747688,2.941001137938599,-3.2745207267108185,-9.5988880687774,5.483776693014477,-0.6672944012353241,5.3312522563946345,3.57009582253653,-0.5546994205683973,0.0,2.0,4.0,4.0,4.0,4.0,4.0,4.0,4.0,4.0,4.0,4.0,4.0,4.0,4.0,4.0,100.0,,,,,,,,,,,,,,,,,,,,,,,,,,,,,,,,,,,,,,,
13499,1754692300.056628,105.2936520576477,1754692300.141768,58.0,0.0,-7.765214428738204,-21.676719538308703,0.3881834567067699,-1.5284910800788791,6.249777978734869,-3.149358442808648,0.4479451182218099,-1.975557514739308,-10.037980256378546,0.4251482697944766,2.66346470541464,5.024538973800532,3.9415334406704687,2.7286654874891383,0.0,2.0,4.0,4.0,4.0,4.0,4.0,4.0,4.0,4.0,4.0,4.0,4.0,4.0,4.0,4.0,100.0,,,,,,,,,,,,,,,,,,,,,,,,,,,,,,,,,,,,,,,
13500,1754692300.064431,105.30145502090454,1754692300.149671,59.0,0.0,-4.293710281878077,-28.882879246564528,-0.7673736602403665,-2.497654782217353,3.4590988912765965,-2.35786418652998,-3.90454131639882,-0.3461893599895234,3.116579735503535,5.313435019454289,3.648910050715756,0.5701934511523064,2.946467473054497,-0.6641586707331157,0.0,2.0,4.0,4.0,4.0,4.0,4.0,4.0,4.0,4.0,4.0,4.0,4.0,4.0,4.0,4.0,100.0,,,,,,,,,,,,,,,,,,,,,,,,,,,,,,,,,,,,,,,
13501,1754692300.072234,105.30925798416138,1754692300.157474,60.0,0.0,-2.9387291065224304,-36.26064448415872,-3.12757583377487,-5.875603595257587,4.06001147585431,1.2712212167937764,-6.211569187179691,-1.2540898597769117,4.667072477693012,14.440278616117496,2.290661712224221,-1.6537050182425332,3.779082266842408,1.633134622456339,0.0,2.0,4.0,4.0,4.0,4.0,4.0,4.0,4.0,4.0,4.0,4.0,4.0,4.0,4.0,4.0,100.0,0.557700514793396,0.3519287109375,-0.59417724609375,0.46051025390625,0.992690920829773,-0.2084992825984954,-0.025391012430191,-52.48798370361328,-109.46212005615234,4.486152648925781,,,,,,,,,,,,,,,,,,,,,,,,,,,,,
13502,1754692300.080037,105.3170611858368,1754692300.165277,61.0,0.0,-4.353268766959218,-41.949992467152015,-2.4341374206981072,-8.603248293652314,5.209493501719635,-2.9505262270297408,-4.651295402421738,-2.934815157217372,1.5190529712338048,11.844102412311486,6.836219877141275,-0.8920187781902769,9.026826458134792,8.380093107611401,0.0,2.0,4.0,4.0,4.0,4.0,4.0,4.0,4.0,4.0,4.0,4.0,4.0,4.0,4.0,4.0,100.0,,,,,,,,,,,,,,,,,,,,,,,,,,,,,,,,,,,,,,,
13503,1754692300.08784,105.32486414909364,1754692300.17308,62.0,0.0,-3.1029634506514867,-42.3055858072828,-1.784320785641512,-10.456481508688055,1.554669580945074,-6.327460444055532,-0.0145493106058438,-3.706124074641366,1.6713198454770009,5.511473362988227,10.670679640602202,-0.1295051678700929,9.838471278925454,7.3682905063958515,0.0,2.0,4.0,4.0,4.0,4.0,4.0,4.0,4.0,4.0,4.0,4.0,4.0,4.0,4.0,4.0,100.0,,,,,,,,,,,,,,,,,,,,,,,,,,,,,,,,,,,,,,,
13504,1754692300.095643,105.33266711235046,1754692300.180884,63.0,0.0,0.6159374757263265,-38.5647440840161,-3.869003576192796,-11.937915627639,-2.110781996305292,-3.115287187222208,0.4051803031917131,0.6370914626246247,0.6174696667031583,6.015402863093271,4.616360326405896,-0.4163985715248657,3.366788846806543,3.7270434236885137,0.0,2.0,4.0,4.0,4.0,4.0,4.0,4.0,4.0,4.0,4.0,4.0,4.0,4.0,4.0,4.0,100.0,,,,,,,,,,,,,,,,,,,,,,,,,,,,,,,,,,,,,,,
13505,1754692300.103446,105.3404700756073,1754692300.188687,64.0,0.0,2.07555303213556,-36.15770078367424,-4.050756849134558,-8.256626941036501,-4.266347904393314,-1.8520518561833512,-2.3908820393564554,8.904764072816107,6.098579623185088,8.266926183902143,2.963406140778972,-1.1876227090035345,0.2535515974373368,4.188802683326031,3327.0,2.0,4.0,4.0,4.0,4.0,4.0,4.0,4.0,4.0,4.0,4.0,4.0,4.0,4.0,4.0,100.0,0.3075331151485443,0.62274169921875,-0.3023681640625,0.65283203125,0.9956206679344176,-0.2246128022670745,-0.0410162508487701,-50.69352340698242,-110.06027221679688,3.1403067111968994,,,,,,,,,,,,,,,,,,,,,,,,,,,,,
13506,1754692300.111249,105.34827303886414,1754692300.19649,65.0,0.0,-1.6987864708759162,-35.56946189194571,-3.3061309282448974,-3.671096974411398,-5.962208702388693,-4.220455637305463,-0.23489749921157,10.925592758432572,12.523753656969234,6.903780852440264,5.680875951110352,-2.978019362191503,4.415268379702752,1.7927869041221811,3497.0,2.0,4.0,4.0,4.0,4.0,4.0,4.0,4.0,4.0,4.0,4.0,4.0,4.0,4.0,4.0,100.0,,,,,,,,,,,,,,,,,,,,,,,,,,,,,,,,,,,,,,,
13507,1754692300.119052,105.35607600212096,1754692300.204293,66.0,0.0,-4.461135462223695,-32.329171266512105,-3.3337673992971872,-2.475520518260794,-5.33030669339297,-2.134021495955324,2.66283279245107,6.024102008816215,10.88756367896002,7.189119581231068,3.89377876528323,-3.551098909996483,12.816836003388914,-1.0863052430407265,3515.0,2.0,4.0,4.0,4.0,4.0,4.0,4.0,4.0,4.0,4.0,4.0,4.0,4.0,4.0,4.0,100.0,,,,,,,,,,,,,,,,,,,,,,,,,,,,,,,,,,,,,,,
13508,1754692300.126855,105.3638789653778,1754692300.2120972,67.0,0.0,-1.5749284026230157,-22.489297012782288,-2.2619052688452825,-0.2048949835340749,-3.649871617092401,-0.1864615856367777,-0.3438852307505726,4.337108743228612,8.018008352613208,9.42117238906104,1.5333799608818597,-2.9181792986098003,12.341104073043482,-1.2984132327207476,3602.0,2.0,4.0,4.0,4.0,4.0,4.0,4.0,4.0,4.0,4.0,4.0,4.0,4.0,4.0,4.0,100.0,,,,,,,,,,,,,,,,,,,,,,,,,,,,,,,,,,,,,,,
13509,1754692300.134658,105.37168216705322,1754692300.2199,68.0,0.0,0.3293245142124021,-18.849546103246013,-1.3146954928190837,-1.21493743535828,-2.775008638399214,-2.5061757923274683,-0.9522759048375348,5.901756468745788,8.49373863852108,13.942740616551616,5.006717886765472,-0.5540009751837545,1.2060431995482477,-2.8849642705038434,3630.0,2.0,4.0,4.0,4.0,4.0,4.0,4.0,4.0,4.0,4.0,4.0,4.0,4.0,4.0,4.0,100.0,0.3085669279098511,0.62347412109375,-0.30230712890625,0.65167236328125,1.004898190498352,-0.1982452124357223,-0.0415045395493507,-52.93659973144531,-110.20980834960938,4.187075614929199,,,,,,,,,,,,,,,,,,,,,,,,,,,,,
13510,1754692300.142461,105.37948513031006,1754692300.227703,69.0,0.0,-1.0083020258277315,-25.58965442039033,-1.6358313842117127,-7.162632364506578,-0.9384970492071149,-2.276736718068321,2.59983117265648,4.827456765710224,0.7648135613142699,13.392182120146856,8.111840524121192,2.024263350658032,-1.7250557217577691,-0.0812219036244528,3504.0,2.0,4.0,4.0,4.0,4.0,4.0,4.0,4.0,4.0,4.0,4.0,4.0,4.0,4.0,4.0,100.0,,,,,,,,,,,,,,,,,,,,,,,,,,,,,,,,,,,,,,,
13511,1754692300.150264,105.3872880935669,1754692300.2354062,70.0,0.0,-1.6235938450603271,-19.34543776302496,-0.777768958676802,-2.384218499069334,-1.0093923276621126,-1.563731266011814,2.279785451682642,0.1115149667817831,-8.572974851287086,1.2962864724091787,4.4595312649013295,1.6443855018129625,1.922299456407132,2.264036999909081,3506.0,2.0,4.0,4.0,4.0,4.0,4.0,4.0,4.0,4.0,4.0,4.0,4.0,4.0,4.0,4.0,100.0,,,,,,,,,,,,,,,,,,,,,,,,,,,,,,,,,,,,,,,
13512,1754692300.158067,105.39509105682372,1754692300.243309,71.0,0.0,3.605484098321313,-1.6183777285230008,0.9884039742566983,7.833468945462073,-0.9264748536845672,-2.2658897408530265,0.2988196814555977,-3.459342476751999,-6.068738301675467,-4.670315224407887,2.760389848717523,0.9752244906928808,4.224893499487052,-0.2120956720621052,3498.0,2.0,4.0,4.0,4.0,4.0,4.0,4.0,4.0,4.0,4.0,4.0,4.0,4.0,4.0,4.0,100.0,,,,,,,,,,,,,,,,,,,,,,,,,,,,,,,,,,,,,,,
13513,1754692300.16587,105.40289402008057,1754692300.2511132,72.0,0.0,6.150088098064202,1.7688691184629306,-0.7836856522586686,4.86150318601392,0.9344408139971848,-5.861329378822234,-1.951368832843059,-5.971317722896515,-5.149214158305426,-1.0652559814535607,1.384433875609716,0.0928537245912366,2.356950243687038,-0.3802870661057795,3610.0,2.0,4.0,4.0,4.0,4.0,4.0,4.0,4.0,4.0,4.0,4.0,4.0,4.0,4.0,4.0,100.0,0.3081192672252655,0.62451171875,-0.3028564453125,0.650634765625,0.9985504150390624,-0.2041046768426895,-0.0346684977412223,-52.63752365112305,-108.56488800048828,4.635690689086914,,,,,,,,,,,,,,,,,,,,,,,,,,,,,
13514,1754692300.173673,105.4106969833374,1754692300.258816,73.0,0.0,4.87559944801643,0.3913008090383414,3.0723224656811112,4.982745766101573,2.669429124415103,-7.885307392718175,-1.1329650667218516,-8.64907308586561,-8.848112234914595,-1.4492245877056007,-1.7290034243030163,1.5586349819707834,-3.3804943023748706,4.368058110022787,3592.0,2.0,4.0,4.0,4.0,4.0,4.0,4.0,4.0,4.0,4.0,4.0,4.0,4.0,4.0,4.0,100.0,,,,,,,,,,,,,,,,,,,,,,,,,,,,,,,,,,,,,,,
13515,1754692300.181476,105.41850018501282,1754692300.266619,74.0,0.0,4.967947284667787,6.522314451085492,13.8412802188995,12.321255308328944,2.6241886839811173,-6.560522875953268,1.1829059194992055,-8.664465857134076,-8.35320429984364,-6.724307917407771,-4.593750648315165,3.3918787469087306,-7.650694042273528,5.711660806619364,3607.0,2.0,4.0,4.0,4.0,4.0,4.0,4.0,4.0,4.0,4.0,4.0,4.0,4.0,4.0,4.0,100.0,,,,,,,,,,,,,,,,,,,,,,,,,,,,,,,,,,,,,,,
13516,1754692300.189279,105.42630314826964,1754692300.2744222,75.0,0.0,6.978747385151905,11.48423387101991,16.919430637953496,11.501973846795297,1.18886083199493,-4.306865497403237,-0.3275444463871508,-6.930878063676687,-6.311515448957039,-5.873062530264747,-2.857027541677894,0.3813375198013773,-2.245630615316827,1.1881223638368963,3558.0,2.0,4.0,4.0,4.0,4.0,4.0,4.0,4.0,4.0,4.0,4.0,4.0,4.0,4.0,4.0,100.0,,,,,,,,,,,,,,,,,,,,,,,,,,,,,,,,,,,,,,,
13517,1754692300.197082,105.43410611152648,1754692300.282325,76.0,0.0,6.30540976368826,15.876777467314298,10.71586518106102,12.289767676408305,-0.690098909272308,-5.24911483074078,-3.975187303466953,-5.327107841040686,-6.537343400228963,-1.4183920878930962,-0.9676598797790916,-2.14868714435255,2.827991662934039,0.0666238981416995,3559.0,2.0,4.0,4.0,4.0,4.0,4.0,4.0,4.0,4.0,4.0,4.0,4.0,4.0,4.0,4.0,100.0,0.3076761960983276,0.6256103515625,-0.30352783203125,0.64947509765625,0.990249514579773,-0.1977569311857223,-0.0463874265551567,-51.88983154296875,-109.31258392333984,4.635690689086914,,,,,,,,,,,,,,,,,,,,,,,,,,,,,
13518,1754692300.204885,105.44190907478333,1754692300.2901292,77.0,0.0,4.216599836873172,20.84490051079769,7.752293966296236,15.35178802231752,-2.310655048371302,-5.232210186190571,-4.984664360157296,-2.904616007173047,-3.1025454682308578,-0.69854769730415,-1.545274137770832,1.8321583419441936,-3.94309560390667,4.512880180032823,3318.0,2.0,4.0,4.0,4.0,4.0,4.0,4.0,4.0,4.0,4.0,4.0,4.0,4.0,4.0,4.0,100.0,,,,,,,,,,,,,,,,,,,,,,,,,,,,,,,,,,,,,,,
13519,1754692300.212688,105.44971203804016,1754692300.297932,78.0,0.0,3.5354305934442323,20.68664994525892,6.856363457473378,10.823075430364897,-1.1599805005681103,0.3502279815438101,-4.071791418044143,-2.74594841724462,-2.5159617942291,-3.149938044551675,1.571905771820127,-0.3854842327755818,-5.763530481830514,1.349810598009242,3607.0,2.0,4.0,4.0,4.0,4.0,4.0,4.0,4.0,4.0,4.0,4.0,4.0,4.0,4.0,4.0,100.0,,,,,,,,,,,,,,,,,,,,,,,,,,,,,,,,,,,,,,,
13520,1754692300.220491,105.457515001297,1754692300.305635,79.0,0.0,2.225686157168297,19.668004732243503,1.029245019789073,6.332378629326399,0.7349001260232626,2.951398346294468,-4.24071344262336,-1.412593651808379,-2.281613276265375,-3.3336121907904044,1.6922075717080816,-8.512691707674435,1.3457802441754438,-6.479276192010616,3558.0,2.0,4.0,4.0,4.0,4.0,4.0,4.0,4.0,4.0,4.0,4.0,4.0,4.0,4.0,4.0,100.0,,,,,,,,,,,,,,,,,,,,,,,,,,,,,,,,,,,,,,,
13521,1754692300.228294,105.46531796455383,1754692300.313538,80.0,0.0,0.2637894255370554,16.454921645835242,-4.614611756936171,5.24518732766623,-2.775877988936969,2.73721357892768,-3.61364583812761,0.9781583355628244,7.59552922563384,-0.8938307288141516,-0.523983426817864,-4.387717459663378,2.392440383736897,-2.177909579195472,3559.0,2.0,4.0,4.0,4.0,4.0,4.0,4.0,4.0,4.0,4.0,4.0,4.0,4.0,4.0,4.0,100.0,0.3069166839122772,0.62677001953125,-0.30438232421875,0.6483154296875,1.005874752998352,-0.2207064926624298,-0.0458991378545761,-52.03936767578125,-110.20980834960938,2.9907681941986084,,,,,,,,,,,,,,,,,,,,,,,,,,,,,
13522,1754692300.236097,105.47312116622923,1754692300.321341,81.0,0.0,-0.6517499189354226,13.57596454866092,-4.381199638380224,1.598563092866641,-5.695144060685891,3.592400531994315,-2.790923519225146,1.038234866337859,9.271211459835683,-1.871261384299544,-0.1810589842417016,0.1631368266475306,-1.6103772268675698,1.5145127284922069,3318.0,2.0,4.0,4.0,4.0,4.0,4.0,4.0,4.0,4.0,4.0,4.0,4.0,4.0,4.0,4.0,100.0,,,,,,,,,,,,,,,,,,,,,,,,,,,,,,,,,,,,,,,
13523,1754692300.2439,105.48092412948608,1754692300.329244,82.0,0.0,1.5664348887610515,16.093904425781403,-1.51410509715717,1.8176250598505987,1.8480512681215089,6.201666281391027,0.4094915975099695,1.1128903250085216,-2.9020890603771647,-2.251040338537422,0.3712384372313693,-3.0574767244126804,-1.5125348726669188,-2.666066369102481,3607.0,2.0,4.0,4.0,4.0,4.0,4.0,4.0,4.0,4.0,4.0,4.0,4.0,4.0,4.0,4.0,100.0,,,,,,,,,,,,,,,,,,,,,,,,,,,,,,,,,,,,,,,
13524,1754692300.251703,105.48872709274292,1754692300.337048,83.0,0.0,2.0239899537280053,12.922702150269515,-3.834495416590244,1.1487027073951597,5.439053189407559,4.560378317926052,1.50578405885949,1.366661104689456,-8.983844592934247,-2.57555394544238,-1.3326270157915587,-1.7662856756653582,-0.7643856506749671,-2.1818394825402265,3558.0,2.0,4.0,4.0,4.0,4.0,4.0,4.0,4.0,4.0,4.0,4.0,4.0,4.0,4.0,4.0,100.0,,,,,,,,,,,,,,,,,,,,,,,,,,,,,,,,,,,,,,,
13525,1754692300.259506,105.49653005599976,1754692300.3449512,84.0,0.0,2.324962082351419,2.6581631593314228,-4.9125967151560985,-5.01394624042706,0.9829906031597488,1.606906648294796,1.935741636980936,2.9641668415785603,-2.04912982282832,-5.151259077757743,-2.0868040176376894,2.6440060357251127,-3.256422038663743,0.5417549083428526,3559.0,2.0,4.0,4.0,4.0,4.0,4.0,4.0,4.0,4.0,4.0,4.0,4.0,4.0,4.0,4.0,100.0,0.306344985961914,0.62799072265625,-0.3052978515625,0.64697265625,1.0014801025390625,-0.2387731820344925,-0.0634775310754776,-52.33844375610352,-110.3593521118164,2.8412299156188965,,,,,,,,,,,,,,,,,,,,,,,,,,,,,
13526,1754692300.267309,105.5043330192566,1754692300.352754,85.0,0.0,3.560633151361173,-1.6166270575710655,-0.2486865904626825,-7.201459045436138,0.2049794889738336,2.5596016760912903,2.567826131490904,3.282431370135157,0.5510189558002025,-3.2615894327643105,-2.200961190481109,1.469847820550342,-7.261835560481529,-0.719173102900811,3318.0,2.0,4.0,4.0,4.0,4.0,4.0,4.0,4.0,4.0,4.0,4.0,4.0,4.0,4.0,4.0,100.0,,,,,,,,,,,,,,,,,,,,,,,,,,,,,,,,,,,,,,,
13527,1754692300.275112,105.51213598251344,1754692300.360657,86.0,0.0,3.767419871574873,-2.3792939823547954,-0.9218320006344244,-6.568013621267767,4.023200642537574,1.531360621710462,1.7934552747037174,0.6762820748735408,-2.876808588343522,0.5857434071580769,-4.3696138242431175,3.579736835178608,-10.531402643869171,1.5910931928869445,3607.0,2.0,4.0,4.0,4.0,4.0,4.0,4.0,4.0,4.0,4.0,4.0,4.0,4.0,4.0,4.0,100.0,,,,,,,,,,,,,,,,,,,,,,,,,,,,,,,,,,,,,,,
13528,1754692300.282915,105.51993918418884,1754692300.3684602,87.0,0.0,2.1219340100373074,-4.633795896289598,-6.44869637603108,-7.936872229864662,4.824640402140517,0.7969288822636145,3.842451551577483,1.767261111919538,-2.0380722389628545,-0.857931412113544,-1.0033906047511891,5.4675002417628775,-4.386049317983748,3.599319569590876,3558.0,2.0,4.0,4.0,4.0,4.0,4.0,4.0,4.0,4.0,4.0,4.0,4.0,4.0,4.0,4.0,100.0,,,,,,,,,,,,,,,,,,,,,,,,,,,,,,,,,,,,,,,
13529,1754692300.290718,105.52774214744568,1754692300.376363,88.0,0.0,-3.906168965721236,-2.902857656376227,-7.24510542124176,-4.529587701028731,-1.1344077918631683,2.165466872585739,4.309536907911706,2.1287467093986834,1.026273352985072,-2.1914205448804296,4.209014474648711,-0.1342466365642849,8.257237638347533,1.0424456947146157,3559.0,2.0,4.0,4.0,4.0,4.0,4.0,4.0,4.0,4.0,4.0,4.0,4.0,4.0,4.0,4.0,100.0,0.3069505989551544,0.62908935546875,-0.3057861328125,0.6453857421875,0.9834134578704834,-0.2558632791042328,-0.0678721293807029,-51.44121551513672,-109.61165618896484,1.794461011886597,,,,,,,,,,,,,,,,,,,,,,,,,,,,,
13530,1754692300.298521,105.53554511070251,1754692300.3841672,89.0,0.0,-4.804599626420668,-0.5530200550790596,-6.316027594487196,-3.1057036650515784,-6.400701869237992,0.5513444588848415,0.5453383712549567,-1.9649755320226632,4.663604601002362,3.914198381570032,1.87161007237296,-0.9057448022929292,10.749217489335251,3.5611511519334726,3318.0,2.0,4.0,4.0,4.0,4.0,4.0,4.0,4.0,4.0,4.0,4.0,4.0,4.0,4.0,4.0,100.0,,,,,,,,,,,,,,,,,,,,,,,,,,,,,,,,,,,,,,,
13531,1754692300.306324,105.54334807395936,1754692300.39207,90.0,0.0,-0.7237420143453335,-2.9221356755767545,-8.84157076086396,-9.13219924964389,-5.965991337756094,-1.6002777198152387,0.3439173200961534,0.6329348776833115,4.536131522824945,7.488695322294717,-1.8460908591566465,2.3301663075010595,3.785227763613449,6.053887244734852,3607.0,2.0,4.0,4.0,4.0,4.0,4.0,4.0,4.0,4.0,4.0,4.0,4.0,4.0,4.0,4.0,100.0,,,,,,,,,,,,,,,,,,,,,,,,,,,,,,,,,,,,,,,
13532,1754692300.314127,105.5511510372162,1754692300.399873,91.0,0.0,-3.389974709293597,-8.251662381926849,-10.287453275483928,-10.443854811530286,-3.10444485184496,-0.800473939687322,4.856244501985316,10.43087797455712,4.12282102932943,5.998570935523389,-0.3666379592363,2.7940868038614326,-0.6005891979106082,1.3452128247819246,3558.0,2.0,4.0,4.0,4.0,4.0,4.0,4.0,4.0,4.0,4.0,4.0,4.0,4.0,4.0,4.0,100.0,,,,,,,,,,,,,,,,,,,,,,,,,,,,,,,,,,,,,,,
13533,1754692300.32193,105.55895400047302,1754692300.407776,92.0,0.0,-6.781715817969285,-10.693831803637892,-7.916920357235682,-4.950282305476009,-4.951176861968321,-0.9087306890939146,3.1861278569498097,8.801045907467454,7.300176871801653,7.709911009265255,4.612151040865541,2.9166042942773345,1.2935450355726914,-1.1982383711271325,3559.0,2.0,4.0,4.0,4.0,4.0,4.0,4.0,4.0,4.0,4.0,4.0,4.0,4.0,4.0,4.0,100.0,0.3079659342765808,0.6298828125,-0.30609130859375,0.64398193359375,0.9809719920158386,-0.2641641795635223,-0.0786144807934761,-52.03936767578125,-109.46212005615234,2.24307632446289,,,,,,,,,,,,,,,,,,,,,,,,,,,,,
13534,1754692300.329733,105.56675696372986,1754692300.415579,93.0,0.0,-1.3365997215039442,-9.61395547978077,-3.787248727322776,-5.456220118548799,-8.30656041335601,-4.821951918517925,-1.6244447811066038,2.6036958348506687,10.372784389751589,11.624034821486704,6.153368080760401,3.9251677594004377,5.027109337455613,0.0142722167445299,3318.0,2.0,4.0,4.0,4.0,4.0,4.0,4.0,4.0,4.0,4.0,4.0,4.0,4.0,4.0,4.0,100.0,,,,,,,,,,,,,,,,,,,,,,,,,,,,,,,,,,,,,,,
13535,1754692300.337536,105.57456016540527,1754692300.423282,94.0,0.0,3.064882187945443,-8.858150238839187,-2.870659552064751,-11.178200601747848,-7.931466474655679,-8.218307159752328,-2.348851448008133,2.3559830337827066,5.01603094297576,13.935867503121756,2.14674220267176,5.95359642366617,0.5673391073528933,5.428043431713434,3607.0,2.0,4.0,4.0,4.0,4.0,4.0,4.0,4.0,4.0,4.0,4.0,4.0,4.0,4.0,4.0,100.0,,,,,,,,,,,,,,,,,,,,,,,,,,,,,,,,,,,,,,,
13536,1754692300.345339,105.58236312866212,1754692300.431086,95.0,0.0,4.591050233768357,0.6738052333853659,-2.5802277766574377,-3.99537408276953,-3.484461581128897,-7.796523634638987,-4.867718886389383,0.0776403807467716,-1.6534701802788447,10.089353092369976,3.1818848763992094,6.674421831198771,-0.8062211862345237,8.430292737199608,3558.0,2.0,4.0,4.0,4.0,4.0,4.0,4.0,4.0,4.0,4.0,4.0,4.0,4.0,4.0,4.0,100.0,,,,,,,,,,,,,,,,,,,,,,,,,,,,,,,,,,,,,,,
13537,1754692300.353142,105.59016609191896,1754692300.4387891,96.0,0.0,3.602923008454013,11.44926736522973,-3.1213584922699056,8.625840160670919,3.4520778579807256,-2.694701781290064,-8.883331148522416,-9.784387807124062,-5.8837869039113,-2.3122212404383617,3.999437463831214,-1.9594224482644904,4.53626154590404,-0.9667343680031308,3559.0,2.0,4.0,4.0,4.0,4.0,4.0,4.0,4.0,4.0,4.0,4.0,4.0,4.0,4.0,4.0,100.0,0.3092821836471557,0.63079833984375,-0.30621337890625,0.64239501953125,0.95802241563797,-0.2441443502902984,-0.0781261920928955,-52.33844375610352,-110.80796813964844,2.0935378074646,,,,,,,,,,,,,,,,,,,,,,,,,,,,,
13538,1754692300.360945,105.59796905517578,1754692300.446592,97.0,0.0,0.1596137538920174,13.29917203896889,0.7240565636595875,4.771748607862946,10.35267364642209,6.193820088775055,-1.517163960528478,-9.16418839960511,-2.7133947301865646,-3.0923609646395107,-0.8639507524692362,-5.529950477503689,2.5314514824092385,-4.375708797203743,3318.0,2.0,4.0,4.0,4.0,4.0,4.0,4.0,4.0,4.0,4.0,4.0,4.0,4.0,4.0,4.0,100.0,,,,,,,,,,,,,,,,,,,,,,,,,,,,,,,,,,,,,,,
13539,1754692300.368748,105.60577201843262,1754692300.4542952,98.0,0.0,1.0516676035920227,8.005772048768677,4.702203747582871,-11.534162149319172,8.28278229836883,5.786798210800725,2.6452438829498988,-5.149995735402854,-3.102297939121172,2.2584999440744014,-8.439950914733572,-2.806767995120253,-9.22193694255293,0.4014464914450855,3607.0,2.0,4.0,4.0,4.0,4.0,4.0,4.0,4.0,4.0,4.0,4.0,4.0,4.0,4.0,4.0,100.0,,,,,,,,,,,,,,,,,,,,,,,,,,,,,,,,,,,,,,,
13540,1754692300.376551,105.61357498168944,1754692300.462099,99.0,0.0,8.644864532873214,12.139642389975904,7.696671721413566,-10.248289335357695,8.150437321308743,4.623028425557948,-3.7416537517052006,-6.561434577132843,-6.755081496436162,1.501943735254315,-5.966655736147516,-1.5331272696672045,-10.904413147666048,3.981227452426936,3558.0,2.0,4.0,4.0,4.0,4.0,4.0,4.0,4.0,4.0,4.0,4.0,4.0,4.0,4.0,4.0,100.0,,,,,,,,,,,,,,,,,,,,,,,,,,,,,,,,,,,,,,,
13541,1754692300.384354,105.62137818336488,1754692300.469802,100.0,0.0,5.8465472353681776,13.809463841993818,5.89015835473441,0.6457794504648859,11.398338545207425,4.035335443742895,-6.603474848360804,-4.829779357728569,1.605278941760332,-3.0921624327034465,-4.5671490424861645,-3.5305687240752945,-8.659444829857705,-0.9430608720713848,3559.0,2.0,4.0,4.0,4.0,4.0,4.0,4.0,4.0,4.0,4.0,4.0,4.0,4.0,4.0,4.0,100.0,0.5568457841873169,0.346435546875,-0.60662841796875,0.4493408203125,0.9541161060333252,-0.250980406999588,-0.081055924296379,-52.93659973144531,-110.5088882446289,1.4953840970993042,,,,,,,,,,,,,,,,,,,,,,,,,,,,,
13542,1754692300.392157,105.6291811466217,1754692300.477605,101.0,0.0,2.5772335313472468,7.659632244496151,2.4011329120999108,-0.4718747518013515,8.901455243173132,4.499433964160744,-0.2377185201416978,1.334018869535612,7.032586214420007,-7.455740455731302,-6.530961814004968,-3.571264191195496,-8.167306403649945,-7.608315920119821,3318.0,2.0,4.0,4.0,4.0,4.0,4.0,4.0,4.0,4.0,4.0,4.0,4.0,4.0,4.0,4.0,100.0,,,,,,,,,,,,,,,,,,,,,,,,,,,,,,,,,,,,,,,
13543,1754692300.39996,105.63698410987854,1754692300.4853082,102.0,0.0,4.044711579738873,7.41459061364742,3.6899062660651225,-4.560186856467112,2.3377306847816044,7.01378207953087,0.1623268604026861,-1.5812157108783822,-4.82391839692707,-12.149464493234404,1.561763775723307,-0.3878269547293484,-1.2224980648978772,-10.164359083372688,3607.0,2.0,4.0,4.0,4.0,4.0,4.0,4.0,4.0,4.0,4.0,4.0,4.0,4.0,4.0,4.0,100.0,,,,,,,,,,,,,,,,,,,,,,,,,,,,,,,,,,,,,,,
13544,1754692300.407763,105.64478707313538,1754692300.493112,103.0,0.0,1.3797574842434417,12.31037281763713,7.183858754394464,1.8041671284596528,0.7573195183327925,5.113782182446471,-6.560831205998852,-9.431054284551353,-10.222089560206657,-13.179787138533698,6.489012687488525,3.8673943030067903,-0.6822324308458292,-5.679356979644467,3558.0,2.0,4.0,4.0,4.0,4.0,4.0,4.0,4.0,4.0,4.0,4.0,4.0,4.0,4.0,4.0,100.0,,,,,,,,,,,,,,,,,,,,,,,,,,,,,,,,,,,,,,,
13545,1754692300.415566,105.6525900363922,1754692300.5008152,104.0,0.0,1.8038191418919496,11.685380943510722,7.223793464639243,12.02910254968276,1.061500663265292,2.9498983180752703,-8.706800910479501,-7.357224543256848,2.1537556777053624,-7.958886799838069,-2.4892265721040303,4.435635905839376,-7.489360996228584,-2.5581585914163725,3559.0,2.0,4.0,4.0,4.0,4.0,4.0,4.0,4.0,4.0,4.0,4.0,4.0,4.0,4.0,4.0,100.0,0.5570055246353149,0.3466796875,-0.60760498046875,0.4476318359375,0.9516746997833252,-0.2485389560461044,-0.0786144807934761,-50.69352340698242,-110.80796813964844,0.2990768253803253,,,,,,,,,,,,,,,,,,,,,,,,,,,,,
13546,1754692300.423369,105.66039299964903,1754692300.508718,105.0,0.0,3.681752422796535,2.571514013124897,3.9645060210593774,14.326164104308418,-4.362853559951645,4.827470857100025,-5.306306754618845,-1.562479497854156,8.588796347568177,-1.5184682304318358,-5.1173189588091645,0.4637051351794525,-3.237676303922626,-6.89544613470639,3318.0,2.0,4.0,4.0,4.0,4.0,4.0,4.0,4.0,4.0,4.0,4.0,4.0,4.0,4.0,4.0,100.0,,,,,,,,,,,,,,,,,,,,,,,,,,,,,,,,,,,,,,,
13547,1754692300.431172,105.66819596290588,1754692300.516521,106.0,0.0,-2.956949139788833,-3.585211010540718,2.0690149377168723,4.814213163431248,-11.695763567673623,5.479473632154111,-3.4897593587875804,-0.9940443527853516,2.44614027728079,-1.144995706600696,4.117629009676818,-0.0470356667120199,6.725485498084197,-4.379617335286241,3607.0,2.0,4.0,4.0,4.0,4.0,4.0,4.0,4.0,4.0,4.0,4.0,4.0,4.0,4.0,4.0,100.0,,,,,,,,,,,,,,,,,,,,,,,,,,,,,,,,,,,,,,,
13548,1754692300.438975,105.6759991645813,1754692300.524424,107.0,0.0,-4.2710869688373805,-2.734903252660615,4.597778585123933,-5.6048959825513975,-13.201076133206923,1.9453059938975912,-0.7199388377805462,0.8733493399356576,0.437891731069385,-7.901153238053894,3.765699749326132,3.2788564413310723,1.1905255530448358,4.047155290680394,3558.0,2.0,4.0,4.0,4.0,4.0,4.0,4.0,4.0,4.0,4.0,4.0,4.0,4.0,4.0,4.0,100.0,,,,,,,,,,,,,,,,,,,,,,,,,,,,,,,,,,,,,,,
13549,1754692300.446778,105.68380212783812,1754692300.532228,108.0,0.0,1.7959908347843054,-1.445966951130714,3.425899745738633,-8.112982520127417,-10.207438495350772,1.3406971024423626,2.193834893704178,4.849534900110911,2.2736491800619376,-8.265702369978072,-2.847760309259712,4.355206573570712,-6.73634449634099,6.91807593717428,3559.0,2.0,4.0,4.0,4.0,4.0,4.0,4.0,4.0,4.0,4.0,4.0,4.0,4.0,4.0,4.0,100.0,0.5558522939682007,0.34771728515625,-0.60833740234375,0.447265625,0.9663233160972596,-0.2431677728891372,-0.0805676355957984,-52.03936767578125,-109.1630401611328,0.8972305059432983,,,,,,,,,,,,,,,,,,,,,,,,,,,,,
13550,1754692300.454581,105.69160509109496,1754692300.540131,109.0,0.0,-4.8159458985169294,-0.8478980715067337,-2.2811269067005924,-6.589897813197695,-13.496130479933072,1.7421854093399816,1.2332029433941898,7.256903772407441,4.963901240313135,-2.098965037668677,-1.1665922076081188,1.916707138896072,1.5024867318538782,3.496195041879673,3318.0,2.0,4.0,4.0,4.0,4.0,4.0,4.0,4.0,4.0,4.0,4.0,4.0,4.0,4.0,4.0,100.0,,,,,,,,,,,,,,,,,,,,,,,,,,,,,,,,,,,,,,,
13551,1754692300.462384,105.6994080543518,1754692300.547934,110.0,0.0,-13.51659609799978,3.3748842508689734,-5.571043832649565,-5.2269875786737146,-17.431715954040072,3.454298386911006,3.1846784385948297,8.069386457617867,5.877468224386149,-3.265896957544527,-0.0648135698629346,-0.3638475874581388,3.1453418448452624,-0.7833588407697505,3607.0,2.0,4.0,4.0,4.0,4.0,4.0,4.0,4.0,4.0,4.0,4.0,4.0,4.0,4.0,4.0,100.0,,,,,,,,,,,,,,,,,,,,,,,,,,,,,,,,,,,,,,,
13552,1754692300.470187,105.70721101760864,1754692300.5558372,111.0,0.0,-5.667590984415142,9.957426867647996,-2.9201285398747814,-5.661606429098242,-10.08019668618624,5.289466466892122,6.569723174760043,8.604329515682934,5.6372593762308725,-7.511719887643608,-2.5436683505016617,2.6455086028601045,-3.03718466475118,0.5903535382427663,3558.0,2.0,4.0,4.0,4.0,4.0,4.0,4.0,4.0,4.0,4.0,4.0,4.0,4.0,4.0,4.0,100.0,,,,,,,,,,,,,,,,,,,,,,,,,,,,,,,,,,,,,,,
13553,1754692300.47799,105.71501398086548,1754692300.56364,112.0,0.0,-0.9585333763662902,10.334063611400213,-0.5133539987751874,-5.694106998539724,-2.0278325599994105,-3.2489147623329018,3.603467031805735,7.561641260035117,3.743103354608024,-8.983602465195986,-2.9244053193366426,4.243315844453605,-1.928950213292524,1.0065050813562948,3559.0,2.0,4.0,4.0,4.0,4.0,4.0,4.0,4.0,4.0,4.0,4.0,4.0,4.0,4.0,4.0,100.0,0.5535937547683716,0.34857177734375,-0.6090087890625,0.448486328125,0.9839017391204834,-0.2534218430519104,-0.0864271000027656,-53.385215759277344,-109.31258392333984,1.0467689037322998,,,,,,,,,,,,,,,,,,,,,,,,,,,,,
13554,1754692300.485793,105.7228171825409,1754692300.571543,113.0,0.0,-3.2779279022967103,9.761818596451462,2.3794273915112854,-1.0180669495063055,-1.0461465053891743,-7.416254673079152,1.84368537035914,5.501170664483084,3.892047511828309,-8.08665581445905,-2.97158599234956,1.7794389946678848,0.0222773552080752,-0.989029664501345,3318.0,2.0,4.0,4.0,4.0,4.0,4.0,4.0,4.0,4.0,4.0,4.0,4.0,4.0,4.0,4.0,100.0,,,,,,,,,,,,,,,,,,,,,,,,,,,,,,,,,,,,,,,
13555,1754692300.493596,105.73062014579772,1754692300.5793462,114.0,0.0,-1.771561433320187,9.08403563074802,4.791077662458463,-1.870024332968626,0.5242020164031942,-0.2816315420696469,3.234482371587489,3.222762586145052,2.1419082161341407,-7.914719936108725,-9.0024464659719,-1.9496382592406576,-4.274166866039934,-0.0160172510832694,3607.0,2.0,4.0,4.0,4.0,4.0,4.0,4.0,4.0,4.0,4.0,4.0,4.0,4.0,4.0,4.0,100.0,,,,,,,,,,,,,,,,,,,,,,,,,,,,,,,,,,,,,,,
13556,1754692300.501399,105.73842310905457,1754692300.58725,115.0,0.0,2.88259082608937,8.698545279438974,1.7201818060891014,-6.059454805064263,8.563930514410174,-0.6462661271942238,1.750217265276376,1.916898774255685,-4.474268924728051,-5.716688230349348,-12.593880545629702,-0.6688665187660376,-2.48048710102222,4.861303809443768,3558.0,2.0,4.0,4.0,4.0,4.0,4.0,4.0,4.0,4.0,4.0,4.0,4.0,4.0,4.0,4.0,100.0,,,,,,,,,,,25.0,4.0,35.00066375732422,4.0,34.82651138305664,3.0,29.036157608032227,3.0,35.119869232177734,3.0,21.905176162719727,1.0,32.44508361816406,1.0,38.759552001953125,1.0,38.94429397583008,4.0,30.18233871459961,3.0,37.95839691162109,3.0,40.96282196044922,4.0,31.88653945922852,4.0,35.271209716796875,3.0,49.57907485961914
13557,1754692300.509202,105.7462260723114,1754692300.595153,116.0,0.0,2.080680313528376,6.758653336975442,-0.9645920209990776,-2.69463709851874,8.198670547588392,-7.738562157126523,-0.3498753998891857,1.9177396577234165,-2.960485713169817,-3.00595763569612,-5.754440992030993,1.9571678417797216,1.0140024195453066,4.692324939093908,3559.0,2.0,4.0,4.0,4.0,4.0,4.0,4.0,4.0,4.0,4.0,4.0,4.0,4.0,4.0,4.0,100.0,0.5520234704017639,0.34881591796875,-0.609619140625,0.44940185546875,0.9614404439926147,-0.2553749978542328,-0.0869153887033462,-50.99259948730469,-110.95750427246094,1.1963073015213013,,,,,,,,,,,,,,,,,,,,,,,,,,,,,
13558,1754692300.517005,105.75402903556824,1754692300.602956,117.0,0.0,-2.359849723502066,1.8455468375773307,-2.112011073796112,3.1649810470612465,2.1672870708148366,-3.831574412140071,-0.4137411169208462,0.8238307265555704,4.57308163113521,-4.502643789862759,0.7773667827432291,0.0306824295635124,-1.2235955401906722,0.271920954467987,3318.0,2.0,4.0,4.0,4.0,4.0,4.0,4.0,4.0,4.0,4.0,4.0,4.0,4.0,4.0,4.0,100.0,,,,,,,,,,,,,,,,,,,,,,,,,,,,,,,,,,,,,,,
13559,1754692300.524808,105.76183199882507,1754692300.6108592,118.0,0.0,-1.5912010824509937,-1.8377376185286487,-1.5345483977304184,4.397865439981047,8.709351282249713,7.257550967177735,0.487832402615254,-0.6092471916514342,1.553154022441845,-5.996685827675833,0.5619733472725557,-1.6468173014505965,1.7112922170312004,-0.5792553175280091,3607.0,2.0,4.0,4.0,4.0,4.0,4.0,4.0,4.0,4.0,4.0,4.0,4.0,4.0,4.0,4.0,100.0,,,,,,,,,,,,,,,,,,,,,,,,,,,,,,,,,,,,,,,
13560,1754692300.532611,105.76963496208192,1754692300.618662,119.0,0.0,-1.4703276907594045,-8.372890620586531,0.9018173882645896,2.2425560595502247,17.071974497090196,4.540858811669295,2.0976701981817314,-2.436699656156634,-4.228479060360314,-1.305302477060195,-1.8501447341050152,-0.5435883963782544,2.8656986419343866,-0.0726803476936766,3558.0,2.0,4.0,4.0,4.0,4.0,4.0,4.0,4.0,4.0,4.0,4.0,4.0,4.0,4.0,4.0,100.0,,,,,,,,,,,,,,,,,,,,,,,,,,,,,,,,,,,,,,,
13561,1754692300.540414,105.77743816375732,1754692300.626565,120.0,0.0,-4.227616054421759,-10.406587827141465,4.101063168169077,2.5624604614274915,15.550646774388753,-1.0542200183933517,3.5483180398084926,-1.5043069646501124,-2.361821935273128,5.0560594667024645,-4.5143695339549765,0.0580780872940351,0.7970988022221093,-2.045606472435537,3559.0,2.0,4.0,4.0,4.0,4.0,4.0,4.0,4.0,4.0,4.0,4.0,4.0,4.0,4.0,4.0,100.0,0.5509858727455139,0.34881591796875,-0.610107421875,0.45001220703125,1.008804440498352,-0.2480506598949432,-0.0742198824882507,-52.03936767578125,-109.91073608398438,0.8972305059432983,,,,,,,,,,,,,,,,,,,,,,,,,,,,,
13562,1754692300.548217,105.78524112701416,1754692300.6343682,121.0,0.0,-5.926944600632993,-13.488343284868876,3.628548647923111,2.673398250973918,14.859016203245886,-0.1329549823259697,4.135497840595093,1.9112196078429804,-3.929661009572243,3.6431869801357095,-6.027356807750181,-1.078081330406491,0.7200927811882991,-3.792561965623605,3318.0,2.0,4.0,4.0,4.0,4.0,4.0,4.0,4.0,4.0,4.0,4.0,4.0,4.0,4.0,4.0,100.0,,,,,,,,,,,,,,,,,,,,,,,,,,,,,,,,,,,,,,,
13563,1754692300.55602,105.793044090271,1754692300.642272,122.0,0.0,-6.153936280110997,-21.948622833519607,-0.7472494378977217,0.9887230520829462,17.793446874024426,0.165192156441094,4.3349169073493385,3.06082659414767,-7.313011063446652,2.3111822436879947,-2.0745247370133484,1.5850652566363124,-0.8849662031963135,-1.3434223307409638,3607.0,2.0,4.0,4.0,4.0,4.0,4.0,4.0,4.0,4.0,4.0,4.0,4.0,4.0,4.0,4.0,100.0,,,,,,,,,,,,,,,,,,,,,,,,,,,,,,,,,,,,,,,
13564,1754692300.563823,105.80084705352785,1754692300.650175,123.0,0.0,-4.449961438995075,-22.188656799473307,-2.0123971042184223,2.514679151310787,12.148889951176074,-3.993059867856488,-1.4803788332791612,-1.0055242737734318,-5.589976128412587,7.3735302877595075,3.761910594912109,2.942669180814022,1.971485079662984,1.062526667339711,3558.0,2.0,4.0,4.0,4.0,4.0,4.0,4.0,4.0,4.0,4.0,4.0,4.0,4.0,4.0,4.0,100.0,,,,,,,,,,,,,,,,,,,,,,,,,,,,,,,,,,,,,,,
13565,1754692300.571626,105.80865001678468,1754692300.657978,124.0,0.0,-1.5595673887796693,-16.210744483813414,0.7294494252942059,4.53093321156166,4.2324680417746094,-7.284300809327306,-7.555190514488004,-3.490481348055255,-2.545294359720174,10.375646158128802,6.69214850342496,-0.4679954344678663,7.336871287984195,-1.429512147607511,3559.0,2.0,4.0,4.0,4.0,4.0,4.0,4.0,4.0,4.0,4.0,4.0,4.0,4.0,4.0,4.0,100.0,0.5506596565246582,0.34857177734375,-0.61090087890625,0.44952392578125,0.9834134578704834,-0.2597695887088775,-0.0795910581946373,-52.48798370361328,-110.20980834960938,-0.4486152529716491,,,,,,,,,,,,,,,,,,,,,,,,,,,,,
13566,1754692300.579429,105.8164529800415,1754692300.6658812,125.0,0.0,1.2456788914545314,-15.877307509534717,0.8588078873198128,2.6140219786606167,4.980275789639904,-7.733775967549832,-6.051913067235205,-3.810763899049221,-1.4409252550200335,6.797996306852724,2.245027182605895,-0.8178163556127629,5.368086184212075,-0.8940304303588391,3318.0,2.0,4.0,4.0,4.0,4.0,4.0,4.0,4.0,4.0,4.0,4.0,4.0,4.0,4.0,4.0,100.0,,,,,,,,,,,,,,,,,,,,,,,,,,,,,,,,,,,,,,,
13567,1754692300.587232,105.82425618171692,1754692300.673684,126.0,0.0,2.280685530884938,-19.64233269868103,-3.2919997958320266,2.3103913824993185,8.848883346841347,-4.035654578361601,-0.2818171576023189,-1.8861759832552991,-2.031285378093827,10.34843695182505,-2.102669901740711,1.2993293251551847,1.081515121762294,1.6404184428897397,3607.0,2.0,4.0,4.0,4.0,4.0,4.0,4.0,4.0,4.0,4.0,4.0,4.0,4.0,4.0,4.0,100.0,,,,,,,,,,,,,,,,,,,,,,,,,,,,,,,,,,,,,,,
13568,1754692300.595035,105.83205914497375,1754692300.681587,127.0,0.0,-0.1071316363263577,-18.475858124757,-7.398036410193072,5.230574533971321,3.1123863575908217,-0.9356477533428916,1.5147846644690617,2.8858111119816385,-2.8324857585625978,15.137462770606362,3.605101470682712,-1.1988003450765063,-2.5737383240930285,-2.697664075202738,52.0,2.0,4.0,4.0,4.0,4.0,4.0,4.0,4.0,4.0,4.0,4.0,4.0,4.0,4.0,4.0,100.0,,,,,,,,,,,,,,,,,,,,,,,,,,,,,,,,,,,,,,,
13569,1754692300.602838,105.8398621082306,1754692300.6893902,0.0,0.0,0.6505461182518388,-11.945461098664566,-5.347334148147695,6.479843639197895,1.424331008601655,-1.4197384506924775,0.7084195066594816,3.6555860628527057,0.8645922570366906,8.510154791907496,10.180586727955358,-2.25293034258317,-3.630806160126724,-4.912421413549112,3324.0,2.0,4.0,4.0,4.0,4.0,4.0,4.0,4.0,4.0,4.0,4.0,4.0,4.0,4.0,4.0,100.0,0.5512049198150635,0.3486328125,-0.6114501953125,0.44805908203125,0.9824368953704834,-0.2543984055519104,-0.0874036774039268,-53.08613586425781,-110.3593521118164,2.0935378074646,,,,,,,,,,,,,,,,,,,,,,,,,,,,,
13570,1754692300.610641,105.84766507148744,1754692300.697294,1.0,0.0,2.86282081645723,-10.060944108391226,-3.225467316073804,4.585786587869649,3.973520293317876,-4.707355018933498,0.0836204329079066,-1.0330071155291023,1.0483265842694038,0.9844412688843532,2.937833534439875,-0.200507194310461,-1.6632150375060917,-2.082479755173239,3507.0,2.0,4.0,4.0,4.0,4.0,4.0,4.0,4.0,4.0,4.0,4.0,4.0,4.0,4.0,4.0,100.0,,,,,,,,,,,,,,,,,,,,,,,,,,,,,,,,,,,,,,,
13571,1754692300.618444,105.85546803474426,1754692300.705097,2.0,0.0,6.285944307879788,-6.916258767438023,-2.885931477864517,5.617410075486248,-0.3105986040389439,-0.9257476160690316,3.532033772371676,0.446190705500328,0.0717625158869736,2.1276555729979805,-0.2885300004807618,-0.7344264555893574,-0.3863061182071874,-1.1986966441843947,3491.0,2.0,4.0,4.0,4.0,4.0,4.0,4.0,4.0,4.0,4.0,4.0,4.0,4.0,4.0,4.0,100.0,,,,,,,,,,,,,,,,,,,,,,,,,,,,,,,,,,,,,,,
13572,1754692300.626247,105.8632709980011,1754692300.713,3.0,0.0,3.5365159579589545,-3.907118399836918,-4.68335869111138,5.680153262611611,-8.263371417807093,1.6991190367759827,1.303790947934658,0.5133532650204415,2.6738334133226545,2.9980552357303623,4.188352441484994,-3.316449286589659,-2.5454710195410826,-3.326231592653357,3612.0,2.0,4.0,4.0,4.0,4.0,4.0,4.0,4.0,4.0,4.0,4.0,4.0,4.0,4.0,4.0,100.0,,,,,,,,,,,,,,,,,,,,,,,,,,,,,,,,,,,,,,,
13573,1754692300.63405,105.87107396125792,1754692300.720803,4.0,0.0,1.1048867649415683,-2.9193411938371696,-3.3897026271674235,9.014113623614378,-8.201298575320777,3.4357208847309835,-3.415597740593455,-2.810848893438049,7.458690979158803,4.6923493339623406,3.7561540558822912,-1.883275931638252,-1.121895203089423,0.4385995164480505,3618.0,2.0,4.0,4.0,4.0,4.0,4.0,4.0,4.0,4.0,4.0,4.0,4.0,4.0,4.0,4.0,100.0,0.5510663390159607,0.34954833984375,-0.61163330078125,0.447265625,0.9731593728065492,-0.2563515603542328,-0.085938811302185,-52.03936767578125,-110.5088882446289,1.1963073015213013,,,,,,,,,,,,,,,,,,,,,,,,,,,,,
13574,1754692300.641853,105.87887716293336,1754692300.728706,5.0,0.0,3.087024380229309,-5.022596405111358,-1.19539025528627,9.407860236541753,-5.936782262300653,4.435916631484929,-1.5204713294068597,-3.299207657396323,3.2004717344312894,6.234340900013308,-1.168938672737454,-1.9942972751558727,-5.108266242909281,2.8908090753221813,3513.0,2.0,4.0,4.0,4.0,4.0,4.0,4.0,4.0,4.0,4.0,4.0,4.0,4.0,4.0,4.0,100.0,,,,,,,,,,,,,,,,,,,,,,,,,,,,,,,,,,,,,,,
13575,1754692300.649656,105.8866801261902,1754692300.736509,6.0,0.0,5.153300604410958,-1.1113951942771223,1.385260692033114,4.918473376128475,-4.899616462931647,1.52059274081779,1.034287496727245,-1.413409684336841,-1.7299758950576347,5.6660980998089485,-0.1108697505270015,-0.7659931302305836,-7.406510223987482,-0.5384731702066006,3488.0,2.0,4.0,4.0,4.0,4.0,4.0,4.0,4.0,4.0,4.0,4.0,4.0,4.0,4.0,4.0,100.0,,,,,,,,,,,,,,,,,,,,,,,,,,,,,,,,,,,,,,,
13576,1754692300.657459,105.89448308944702,1754692300.7444122,7.0,0.0,3.988063931951274,2.737123906957549,0.9663036170354644,-1.623845429069206,-8.141553814736199,-3.321565585996723,-6.515527227194525,-3.5532850533249984,6.327057229746515,-0.5789132948420956,7.659330136440531,0.3535879798268979,3.593678525163796,-2.126369719075683,3496.0,2.0,4.0,4.0,4.0,4.0,4.0,4.0,4.0,4.0,4.0,4.0,4.0,4.0,4.0,4.0,100.0,,,,,,,,,,,,,,,,,,,,,,,,,,,,,,,,,,,,,,,
13577,1754692300.665262,105.90228605270386,1754692300.752216,8.0,0.0,6.537510444792474,1.8055853198301293,0.0944115177243247,-4.3428450431462124,-9.805485336582592,4.692058311825235,-4.239472568831502,-1.6711031916344157,10.814993092771942,-7.746158318082166,10.00907359722612,0.4602073444451662,1.5866256257917255,-2.728312359150664,3597.0,2.0,4.0,4.0,4.0,4.0,4.0,4.0,4.0,4.0,4.0,4.0,4.0,4.0,4.0,4.0,100.0,0.3211553990840912,0.63409423828125,-0.3035888671875,0.634521484375,0.9756008386611938,-0.2387731820344925,-0.0854505226016044,-51.14213943481445,-109.01350402832033,2.0935378074646,,,,,,,,,,,,,,,,,,,,,,,,,,,,,
13578,1754692300.673065,105.9100890159607,1754692300.760119,9.0,0.0,8.659215140629215,3.27112262181646,1.770556603864236,-2.2767996835365807,-0.4118475114939315,14.05017854163026,10.59388413977632,2.8434629176652493,-2.6386547827320896,-7.079229156972076,-0.9479219655524388,-1.6099182000309042,-16.837644932753335,-7.761201616757887,3596.0,2.0,4.0,4.0,4.0,4.0,4.0,4.0,4.0,4.0,4.0,4.0,4.0,4.0,4.0,4.0,100.0,,,,,,,,,,,,,,,,,,,,,,,,,,,,,,,,,,,,,,,
13579,1754692300.680868,105.91789197921752,1754692300.7679222,10.0,0.0,4.600229344301454,3.4823014488554804,-0.4773147252350895,-1.4824185771205407,5.516852707249939,8.133099555095953,14.248606616191694,3.5169768959238468,-7.903167440739878,-0.8977192149156394,-7.723020359945792,-3.4238953467904025,-13.58189426572443,-5.318159825019109,3603.0,2.0,4.0,4.0,4.0,4.0,4.0,4.0,4.0,4.0,4.0,4.0,4.0,4.0,4.0,4.0,100.0,,,,,,,,,,,,,,,,,,,,,,,,,,,,,,,,,,,,,,,
13580,1754692300.688671,105.92569518089294,1754692300.775825,11.0,0.0,-0.9140981381834764,-2.5158985180966056,-3.929970242306013,-4.967482261037844,-5.538882711780502,0.9750908732129346,6.206535855791913,2.44486812087132,3.020688466362458,-0.0864706720741423,-1.5597598857076491,-1.3644202463848387,4.613371862255121,4.016414143168163,3543.0,2.0,4.0,4.0,4.0,4.0,4.0,4.0,4.0,4.0,4.0,4.0,4.0,4.0,4.0,4.0,100.0,,,,,,,,,,,,,,,,,,,,,,,,,,,,,,,,,,,,,,,
13581,1754692300.696474,105.93349814414978,1754692300.783628,12.0,0.0,-2.08399942336348,-11.989091047809891,-3.2070133288785883,-10.935664675702924,-16.076949827701014,0.661924052466361,0.0461431782390491,2.033297429615118,3.37853026115215,-1.347965814316126,3.2834172019496464,0.6141967042880196,12.326148889015371,5.405916971093461,3555.0,2.0,4.0,4.0,4.0,4.0,4.0,4.0,4.0,4.0,4.0,4.0,4.0,4.0,4.0,4.0,100.0,0.321616381406784,0.63421630859375,-0.3031005859375,0.6343994140625,0.9829251766204834,-0.2070344090461731,-0.0732433050870895,-50.99259948730469,-111.25658416748048,0.8972305059432983,,,,,,,,,,,,,,,,,,,,,,,,,,,,,
13582,1754692300.704277,105.94130110740662,1754692300.791531,13.0,0.0,-1.0948568938500784,-16.595103872921186,-0.4210912175821022,-11.228939438253178,-13.680401943840366,-1.9662540130347,-2.106317969613769,1.4485132881901563,-0.5380173087340836,1.2927460227966776,7.704531919272199,3.3852780918278995,17.663977201441526,6.296513731385971,3319.0,2.0,4.0,4.0,4.0,4.0,4.0,4.0,4.0,4.0,4.0,4.0,4.0,4.0,4.0,4.0,100.0,,,,,,,,,,,,,,,,,,,,,,,,,,,,,,,,,,,,,,,
13583,1754692300.71208,105.94910407066344,1754692300.799335,14.0,0.0,-1.9512039407782709,-13.723389440955144,-0.6489162966605022,-8.059655572762551,-7.300917628433183,-5.463196057112839,-3.451015613049151,-2.1281112512384084,5.183994832004316,1.9214711566923484,14.964695505566796,6.536977170142507,21.62445897773153,10.3853819207838,3603.0,2.0,4.0,4.0,4.0,4.0,4.0,4.0,4.0,4.0,4.0,4.0,4.0,4.0,4.0,4.0,100.0,,,,,,,,,,,,,,,,,,,,,,,,,,,,,,,,,,,,,,,
13584,1754692300.719883,105.95690703392027,1754692300.807238,15.0,0.0,-2.733774616865219,-12.929711643396049,1.3119940046001943,-7.597060169295389,-7.328458681519066,-4.283284653376711,-2.523257926794201,-3.700538209374544,5.662855980582037,-0.2448050442487215,9.996129406765531,6.510810465477164,12.778955800661665,6.5645749102585,3543.0,2.0,4.0,4.0,4.0,4.0,4.0,4.0,4.0,4.0,4.0,4.0,4.0,4.0,4.0,4.0,100.0,,,,,,,,,,,,,,,,,,,,,,,,,,,,,,,,,,,,,,,
13585,1754692300.727686,105.96470999717712,1754692300.815041,16.0,0.0,0.3287361605730154,-14.75696058283532,7.842723446962708,-4.790367491668377,-4.221786483721672,-0.6943152568965445,1.320545970968368,2.6629864443075064,2.682004566299355,-0.7794954706428427,-3.387219676500564,5.772030284820602,-1.2198153775309777,1.768577205722039,0.0,2.0,4.0,4.0,4.0,4.0,4.0,4.0,4.0,4.0,4.0,4.0,4.0,4.0,4.0,4.0,100.0,0.3213591575622558,0.63427734375,-0.302734375,0.6346435546875,0.9961089491844176,-0.2031280994415283,-0.0800793468952179,-51.44121551513672,-109.31258392333984,0.2990768253803253,,,,,,,,,,,,,,,,,,,,,,,,,,,,,
13586,1754692300.735489,105.97251296043396,1754692300.8229442,17.0,0.0,-1.5025848305266436,-11.673824719689378,8.313981090383209,-1.497988609176787,1.2508271659181671,-1.9586321872792496,2.0620143770348704,6.361724109638203,3.132020855777341,-1.1005450089541,-2.7373819792259155,6.936970118232352,-6.534702852107216,-0.3851117627935991,0.0,2.0,4.0,4.0,4.0,4.0,4.0,4.0,4.0,4.0,4.0,4.0,4.0,4.0,4.0,4.0,100.0,,,,,,,,,,,,,,,,,,,,,,,,,,,,,,,,,,,,,,,
13587,1754692300.743292,105.98031616210938,1754692300.830847,18.0,0.0,-7.887701633731837,-3.065675881750309,2.476085043753386,0.3686097696282502,-1.6902780318768291,-4.251581041296419,0.2612197342324123,3.655136547074648,3.017893184071994,-0.8929767704484277,5.446548402546881,4.709768722261373,-0.4748770476104766,-3.771631768721278,0.0,2.0,4.0,4.0,4.0,4.0,4.0,4.0,4.0,4.0,4.0,4.0,4.0,4.0,4.0,4.0,100.0,,,,,,,,,,,,,,,,,,,,,,,,,,,,,,,,,,,,,,,
13588,1754692300.751095,105.9881191253662,1754692300.83865,19.0,0.0,-7.297672879960032,3.608937674175081,1.5319547370103237,3.0560723233778617,-4.039164087480117,-2.2706479121753773,-0.6947287750950863,1.7401893764334773,1.0897638843065351,-2.6413834940227616,1.5963824186222837,-0.3515302350793945,4.417437995731575,-2.7084882131877066,0.0,2.0,4.0,4.0,4.0,4.0,4.0,4.0,4.0,4.0,4.0,4.0,4.0,4.0,4.0,4.0,100.0,,,,,,,,,,,,,,,,,,,,,,,,,,,,,,,,,,,,,,,
13589,1754692300.758898,105.99592208862305,1754692300.846553,20.0,0.0,-3.731303123573952,5.841535983233399,6.959257925363573,6.584479778361612,2.68302078863465,1.7624218132237104,-0.8809732087561031,0.685064310799163,-0.7798242099920287,-8.687836699818916,-8.789533476890455,-1.3461127802397357,-1.259698380120625,-0.8638983335490309,0.0,2.0,4.0,4.0,4.0,4.0,4.0,4.0,4.0,4.0,4.0,4.0,4.0,4.0,4.0,4.0,100.0,0.3213424384593963,0.6343994140625,-0.3023681640625,0.63470458984375,0.9897611737251282,-0.1923857480287552,-0.0839856564998626,-50.543983459472656,-107.66765594482422,1.1963073015213013,,,,,,,,,,,,,,,,,,,,,,,,,,,,,
13590,1754692300.766701,106.00372505187988,1754692300.854357,21.0,0.0,-2.805191110569353,12.687768994985731,12.274293084267017,13.871529739993209,7.240214545497224,3.6180348457520495,-2.3076278284560203,-2.3343496514379467,-2.770148594813577,-11.905344340356235,-7.004440466236133,0.1899194572298483,-4.841771415561993,-0.8308516632022247,0.0,2.0,4.0,4.0,4.0,4.0,4.0,4.0,4.0,4.0,4.0,4.0,4.0,4.0,4.0,4.0,100.0,,,,,,,,,,,,,,,,,,,,,,,,,,,,,,,,,,,,,,,
13591,1754692300.774504,106.01152801513672,1754692300.86226,22.0,0.0,-2.148761670976967,17.405862045627543,10.17561804896053,17.795914959334766,4.990098451502888,4.420138426697974,-2.054299603674337,-5.767462621460311,-5.754509222882064,-9.728548116437253,0.1676776957842207,0.1172270898100009,-6.821808675659497,0.2624288337382836,0.0,2.0,4.0,4.0,4.0,4.0,4.0,4.0,4.0,4.0,4.0,4.0,4.0,4.0,4.0,4.0,100.0,,,,,,,,,,,,,,,,,,,,,,,,,,,,,,,,,,,,,,,
13592,1754692300.782307,106.01933097839355,1754692300.870063,23.0,0.0,0.8311224035901432,11.124123405749287,3.370846113026346,10.246547769779228,5.763727818600728,2.3542144651323724,1.107062138188212,-3.975411533071565,-6.894897045311609,-4.951276279492959,-4.781650222233111,-1.0849775599758686,-13.21563879571204,2.178794195343471,0.0,2.0,4.0,4.0,4.0,4.0,4.0,4.0,4.0,4.0,4.0,4.0,4.0,4.0,4.0,4.0,100.0,,,,,,,,,,,,,,,,,,,,,,,,,,,,,,,,,,,,,,,
13593,1754692300.79011,106.02713418006896,1754692300.877866,24.0,0.0,3.8375412306565977,7.723739944358613,-0.3124232369575566,0.6862075324186208,5.248720664397979,0.9511023150382698,0.4339173428404592,0.5779553680356457,-5.383275953025304,-0.7005060626772774,-14.42130723669402,-4.246617396591546,-12.751088099753131,2.6103641378933844,0.0,2.0,4.0,4.0,4.0,4.0,4.0,4.0,4.0,4.0,4.0,4.0,4.0,4.0,4.0,4.0,100.0,0.3215026557445526,0.63421630859375,-0.30194091796875,0.635009765625,0.9770656824111938,-0.186526283621788,-0.081055924296379,-52.48798370361328,-107.66765594482422,0.4486152529716491,,,,,,,,,,,,,,,,,,,,,,,,,,,,,
13594,1754692300.797913,106.0349371433258,1754692300.8857691,25.0,0.0,3.2442311059839426,12.360906660079252,0.4292058401551344,1.2187170310943998,0.9898320215597208,3.4264192237077964,-3.904941822766034,0.9458618579819243,-0.1012395514026707,0.7985939910540196,-9.770211365300897,-4.496879372844944,-6.6738377196562055,-0.3760293676764945,0.0,2.0,4.0,4.0,4.0,4.0,4.0,4.0,4.0,4.0,4.0,4.0,4.0,4.0,4.0,4.0,100.0,,,,,,,,,,,,,,,,,,,,,,,,,,,,,,,,,,,,,,,
13595,1754692300.805716,106.04274010658264,1754692300.893572,26.0,0.0,0.7018973487408857,9.696204378297123,2.066368839550478,3.186873647492348,-2.638998389325252,-2.586068620127889,-2.281546577655945,0.1945152645514554,0.3353178389704681,-1.1876025770818617,2.943921757108683,1.6444067527179411,-4.5711127967874745,-1.473356889793422,0.0,2.0,4.0,4.0,4.0,4.0,4.0,4.0,4.0,4.0,4.0,4.0,4.0,4.0,4.0,4.0,100.0,,,,,,,,,,,,,,,,,,,,,,,,,,,,,,,,,,,,,,,
13596,1754692300.813519,106.05054306983948,1754692300.9014752,27.0,0.0,1.6979932208570574,1.8334868571957088,2.015593789298378,-1.981630189572428,-4.702596547797697,-10.640278661078668,4.611326576816424,3.5036172109118127,-5.39492959837466,0.9409863301026746,-1.02760822011291,3.5617252992744,-3.635642394906057,0.1568206071375755,0.0,2.0,4.0,4.0,4.0,4.0,4.0,4.0,4.0,4.0,4.0,4.0,4.0,4.0,4.0,4.0,100.0,,,,,,,,,,,,,,,,,,,,,,,,,,,,,,,,,,,,,,,
13597,1754692300.821322,106.05834603309631,1754692300.909379,28.0,0.0,1.0178019451065552,4.3820120261841,1.2871704080864106,-4.510693851328426,-2.2261059761916044,-4.130992559306208,5.593036857054074,8.69283498084468,-1.1652513084594034,5.650381726890089,-10.356725563452358,1.10184980873845,-6.800795315387006,-0.2664843441583002,0.0,2.0,4.0,4.0,4.0,4.0,4.0,4.0,4.0,4.0,4.0,4.0,4.0,4.0,4.0,4.0,100.0,0.3213613331317901,0.6336669921875,-0.30157470703125,0.63580322265625,0.992202639579773,-0.1850614249706268,-0.0820325016975402,-51.29167556762695,-109.1630401611328,3.4393835067749023,,,,,,,,,,,,,,,,,,,,,,,,,,,,,
13598,1754692300.829125,106.06614899635316,1754692300.917182,29.0,0.0,-5.27094949122835,10.649381251026114,-2.162035963662277,-1.81159802002054,0.8949252481019698,6.186992461670286,3.31377239460329,8.226005426306472,6.461486468314831,0.7540106349474058,-6.989122972979715,-1.9051172644117853,-15.941615840088671,-7.339922134115625,0.0,2.0,4.0,4.0,4.0,4.0,4.0,4.0,4.0,4.0,4.0,4.0,4.0,4.0,4.0,4.0,100.0,,,,,,,,,,,,,,,,,,,,,,,,,,,,,,,,,,,,,,,
13599,1754692300.836928,106.07395195961,1754692300.9249852,30.0,0.0,-6.604012007087249,9.533971278892068,-4.770113000078027,4.1506775866648695,4.217645278399914,7.932279319810505,7.587571928571606,5.264241330621417,4.641956844853894,-3.242972147059163,-5.280415619948826,-4.981020273454078,-13.628697015521766,-11.01240276536123,0.0,2.0,4.0,4.0,4.0,4.0,4.0,4.0,4.0,4.0,4.0,4.0,4.0,4.0,4.0,4.0,100.0,,,,,,,,,,,,,,,,,,,,,,,,,,,,,,,,,,,,,,,
13600,1754692300.844731,106.0817551612854,1754692300.932888,31.0,0.0,-3.16441048698897,3.4443648832446456,-5.950934720861994,3.2473992892685715,5.878565202333732,5.18164204104761,8.685554817682998,2.957913392846706,1.6452733894787457,0.7836051265560968,-5.989306755557379,-6.4341655751383655,-2.963210873543801,-8.639357627110883,0.0,2.0,4.0,4.0,4.0,4.0,4.0,4.0,4.0,4.0,4.0,4.0,4.0,4.0,4.0,4.0,100.0,,,,,,,,,,,,,,,,,,,,,,,,,,,,,,,,,,,,,,,
13601,1754692300.852534,106.08955812454224,1754692300.9407911,32.0,0.0,-1.1863553995470113,1.5966945503721206,-6.553388343155604,-4.116655128067379,5.175945363258705,1.695780631719316,0.6177637938764917,1.352926486031464,4.98625655815178,3.0108955497305203,0.6105968214953634,-3.836006629376044,-0.8514002545717005,-4.788492017072514,0.0,2.0,4.0,4.0,4.0,4.0,4.0,4.0,4.0,4.0,4.0,4.0,4.0,4.0,4.0,4.0,100.0,0.3212686479091644,0.6326904296875,-0.3011474609375,0.63702392578125,1.010269284248352,-0.1904325932264328,-0.0688487067818641,-52.33844375610352,-108.26581573486328,2.0935378074646,,,,,,,,,,,,,,,,,,,,,,,,,,,,,
13602,1754692300.860337,106.09736108779909,1754692300.948594,33.0,0.0,0.0820194613639273,1.8927906274907969,-4.452892553198069,-1.6573311682890903,4.24216617768576,-2.86428305604062,-2.617583863113793,1.6548930247668636,2.5334448265426204,2.0751340594425187,0.770659552145446,0.297906283056875,-5.494329874006496,-0.423353917421025,0.0,2.0,4.0,4.0,4.0,4.0,4.0,4.0,4.0,4.0,4.0,4.0,4.0,4.0,4.0,4.0,100.0,,,,,,,,,,,,,,,,,,,,,,,,,,,,,,,,,,,,,,,
13603,1754692300.86814,106.10516405105592,1754692300.9564972,34.0,0.0,1.3402716777481487,-0.6047749073246109,-0.7168529705705282,4.569130199383778,4.691076133183685,-4.348702520377685,0.5950359445377558,0.0006336755404277,-5.543208130697224,3.10329286024529,-3.450438927225207,2.0483301094181456,-2.6500461692576778,-0.0125973600916609,0.0,2.0,4.0,4.0,4.0,4.0,4.0,4.0,4.0,4.0,4.0,4.0,4.0,4.0,4.0,4.0,100.0,,,,,,,,,,,,,,,,,,,,,,,,,,,,,,,,,,,,,,,
13604,1754692300.875943,106.11296701431274,1754692300.964401,35.0,0.0,2.3114431168801843,-3.804092533313849,1.3232513171870437,-1.6132105504697734,5.40582501964542,-3.4939693922150923,-0.4149013931386776,-7.061854968345358,-8.731451895865064,1.9661425577688192,1.524012273052506,2.2665993197175,3.961957258352925,-1.5579241319023254,0.0,2.0,4.0,4.0,4.0,4.0,4.0,4.0,4.0,4.0,4.0,4.0,4.0,4.0,4.0,4.0,100.0,,,,,,,,,,,,,,,,,,,,,,,,,,,,,,,,,,,,,,,
13605,1754692300.883746,106.12076997756958,1754692300.972204,36.0,0.0,1.8986768379136263,-0.958637582260053,2.0250770344746343,-8.707210522433343,5.198565675539612,-3.614054859398948,-1.6488979590048984,-9.660614477082165,-6.64272501987216,0.1341790692931681,4.117225983460685,3.4026295552566808,5.223609648867978,-1.2389720962742103,0.0,2.0,4.0,4.0,4.0,4.0,4.0,4.0,4.0,4.0,4.0,4.0,4.0,4.0,4.0,4.0,100.0,0.320275604724884,0.6314697265625,-0.3011474609375,0.63873291015625,0.9863432049751282,-0.2016632407903671,-0.0512703135609626,-50.99259948730469,-108.71442413330078,2.691691398620605,,,,,,,,,,,,,,,,,,,,,,,,,,,,,
13606,1754692300.891549,106.128573179245,1754692300.980107,37.0,0.0,3.003481445531804,4.253341934956268,-0.2952942428931351,-1.913081318727848,4.715670427730117,-4.4696220475664745,-1.623327397939022,-5.962937394479752,-2.279731818385073,-1.3227884822038618,-0.8429058969020957,2.843533888419813,4.273111437808382,0.1503820047143449,0.0,2.0,4.0,4.0,4.0,4.0,4.0,4.0,4.0,4.0,4.0,4.0,4.0,4.0,4.0,4.0,100.0,,,,,,,,,,,,,,,,,,,,,,,,,,,,,,,,,,,,,,,
13607,1754692300.899352,106.13637614250185,1754692300.98791,38.0,0.0,4.827442076103267,7.344827461060191,-2.3234234606755706,2.797267170250649,6.72693001463054,-2.0613028871633503,-3.5335564308255414,-5.852303487666944,-4.008419876219108,-4.7770278505066415,-1.1022979130083002,0.6194261834240535,4.135209118055087,1.4686782199429729,0.0,2.0,4.0,4.0,4.0,4.0,4.0,4.0,4.0,4.0,4.0,4.0,4.0,4.0,4.0,4.0,100.0,,,,,,,,,,,,,,,,,,,,,,,,,,,,,,,,,,,,,,,
13608,1754692300.907155,106.14417910575868,1754692300.9958131,39.0,0.0,6.372236841116461,13.252066566804077,1.025442125411388,0.7004998339981796,11.358089145665105,-0.0255978759008428,-2.834458814641806,-7.134862373481013,-9.442913993271162,-6.139670527452239,-0.6732399918626868,-0.5172824263371183,1.9988758921198555,0.3257612572130313,0.0,2.0,4.0,4.0,4.0,4.0,4.0,4.0,4.0,4.0,4.0,4.0,4.0,4.0,4.0,4.0,100.0,,,,,,,,,,,,,,,,,,,,,,,,,,,,,,,,,,,,,,,
13609,1754692300.914958,106.1519820690155,1754692301.003616,40.0,0.0,6.940668706502947,22.86177401226996,3.658331125317545,5.689253086176905,9.765469878768272,-1.535733891831569,-1.120561333198566,-5.265426770884915,-7.921137625711253,-9.118530850434126,-3.7953349984336455,-0.6972336967583033,-2.823884277340312,0.6251639860679461,0.0,2.0,4.0,4.0,4.0,4.0,4.0,4.0,4.0,4.0,4.0,4.0,4.0,4.0,4.0,4.0,100.0,0.3187807500362396,0.63018798828125,-0.30126953125,0.64068603515625,1.0019683837890625,-0.2158236056566238,-0.0512703135609626,-52.93659973144531,-108.71442413330078,2.9907681941986084,,,,,,,,,,,,,,,,,,,,,,,,,,,,,
13610,1754692300.922761,106.15978503227234,1754692301.01142,41.0,0.0,6.851158235299067,28.56270694433272,-0.7219300050281845,8.460512798327386,0.271141547258253,-2.551952124550894,-3.418173886690397,-5.138075281056786,0.0579845085800343,-14.0989093500242,0.7464266725997959,-1.676230285642646,-0.5590919010536481,4.433651587837289,0.0,2.0,4.0,4.0,4.0,4.0,4.0,4.0,4.0,4.0,4.0,4.0,4.0,4.0,4.0,4.0,100.0,,,,,,,,,,,,,,,,,,,,,,,,,,,,,,,,,,,,,,,
13611,1754692300.930564,106.16758799552916,1754692301.019323,42.0,0.0,3.53657733848317,29.00528903004792,-5.47095083578111,2.7098551569737026,-6.4442380848192045,-1.9971484662666228,-8.326642726234837,-5.211309224847042,3.081043225244088,-13.963799346273078,8.04019848353559,-3.8009743536655662,7.152907159859382,7.598430781640076,0.0,2.0,4.0,4.0,4.0,4.0,4.0,4.0,4.0,4.0,4.0,4.0,4.0,4.0,4.0,4.0,100.0,,,,,,,,,,,,,,,,,,,,,,,,,,,,,,,,,,,,,,,
13612,1754692300.938367,106.175390958786,1754692301.027126,43.0,0.0,1.8277795196518127,33.390661411771816,-2.70812919289574,3.5750645699308734,-4.337535007622137,0.2716837577727347,-8.59551843450572,-3.873972099718685,0.0972851123619875,-8.77203203482668,3.868399756998315,-3.0581114241012983,5.603317711089403,8.403996130500673,0.0,2.0,4.0,4.0,4.0,4.0,4.0,4.0,4.0,4.0,4.0,4.0,4.0,4.0,4.0,4.0,100.0,,,,,,,,,,,,,,,,,,,,,,,,,,,,,,,,,,,,,,,
13613,1754692300.94617,106.18319416046144,1754692301.0350292,44.0,0.0,5.291261977049345,37.34766187984977,-1.721309286770719,8.594603534430263,-0.7391492871331309,1.6866290242176376,-6.5065589925954725,-5.261523996605519,-0.8420621067100171,-9.209582292343129,-3.640686812969051,-1.242762788941235,1.20807928125717,8.354060182104405,0.0,2.0,4.0,4.0,4.0,4.0,4.0,4.0,4.0,4.0,4.0,4.0,4.0,4.0,4.0,4.0,100.0,0.5552853345870972,0.353515625,-0.6031494140625,0.450439453125,0.9965972304344176,-0.2221713662147522,-0.0463874265551567,-52.33844375610352,-107.51811981201172,1.3458456993103027,,,,,,,,,,,,,,,,,,,,,,,,,,,,,
13614,1754692300.953973,106.19099712371826,1754692301.042832,45.0,0.0,7.15699623292241,34.980288586347086,-3.8408545027171215,8.34214554580032,-1.667883397393581,-1.0139905839508003,-6.119120076926976,-7.5701377649373,-1.165605361716899,-12.575016069559098,-2.98609752853352,-0.6283613093071665,4.145796450696679,11.666301632491212,0.0,2.0,4.0,4.0,4.0,4.0,4.0,4.0,4.0,4.0,4.0,4.0,4.0,4.0,4.0,4.0,100.0,,,,,,,,,,,,,,,,,,,,,,,,,,,,,,,,,,,,,,,
13615,1754692300.961776,106.1988000869751,1754692301.050735,46.0,0.0,5.604099712245187,30.911074070824924,-1.8222956164384243,8.94161036926991,-1.2144888855075635,-2.866185371874309,-6.608340546703658,-6.517686763022795,-3.740657032247128,-13.473624028112027,0.7715784930648795,-2.8603005677535123,6.128249268510871,16.214703397296233,0.0,2.0,4.0,4.0,4.0,4.0,4.0,4.0,4.0,4.0,4.0,4.0,4.0,4.0,4.0,4.0,100.0,,,,,,,,,,,,,,,,,,,,,,,,,,,,,,,,,,,,,,,
13616,1754692300.969579,106.20660305023192,1754692301.058538,47.0,0.0,4.399561123447057,24.449596576025016,-0.5779402226846457,7.243920961065925,-0.8614479569511957,-2.295175148933339,-7.272214594962605,-4.7823800453709,-4.871131547152544,-10.957913740972089,3.0553232113736897,-3.322743964305772,4.384803003425105,15.66218549237172,0.0,2.0,4.0,4.0,4.0,4.0,4.0,4.0,4.0,4.0,4.0,4.0,4.0,4.0,4.0,4.0,100.0,,,,,,,,,,,,,,,,,,,,,,,,,,,,,,,,,,,,,,,
13617,1754692300.977382,106.21440601348876,1754692301.066442,48.0,0.0,5.213915586555743,15.751576455204088,-2.135483262601099,-0.9964063388446788,-4.896234703445259,-5.383982459685228,-7.810437063423194,-2.498922515413085,-1.1215634510485302,-4.22489211657097,5.746842183853971,1.960215999295144,3.803136098627476,14.585572755653686,0.0,2.0,4.0,4.0,4.0,4.0,4.0,4.0,4.0,4.0,4.0,4.0,4.0,4.0,4.0,4.0,100.0,0.5552212595939636,0.35333251953125,-0.601806640625,0.45245361328125,1.0136873722076416,-0.2363317310810089,-0.0332036316394805,-52.33844375610352,-108.56488800048828,3.5889220237731934,,,,,,,,,,,,,,,,,,,,,,,,,,,,,
13618,1754692300.985185,106.2222089767456,1754692301.074245,49.0,0.0,3.988416030525741,9.35096372986004,-1.468612004304532,-5.335918040582101,-3.390492438730462,-4.737672484792938,-6.224777868814044,-1.240463770983979,0.0622469712773181,-1.6272545951558186,3.878069505559097,4.411652239782825,-0.2019096981873644,15.011956135934952,0.0,2.0,4.0,4.0,4.0,4.0,4.0,4.0,4.0,4.0,4.0,4.0,4.0,4.0,4.0,4.0,100.0,,,,,,,,,,,,,,,,,,,,,,,,,,,,,,,,,,,,,,,
13619,1754692300.992988,106.23001217842102,1754692301.082148,50.0,0.0,-1.8829644331547115,2.140438347627196,-0.6571660946708562,-3.2432031135133457,1.994197716947156,-0.3287416925647903,-4.709887947664583,-0.5684077260914364,-0.4001159731026291,0.362474433365378,3.052685423397861,1.2420906414461117,-1.644331305328933,10.763715622486188,0.0,2.0,4.0,4.0,4.0,4.0,4.0,4.0,4.0,4.0,4.0,4.0,4.0,4.0,4.0,4.0,100.0,,,,,,,,,,,,,,,,,,,,,,,,,,,,,,,,,,,,,,,
13620,1754692301.000791,106.23781514167786,1754692301.0900512,51.0,0.0,-5.560641176538525,-7.315974871823187,-2.9039764254308693,-2.68869147531052,-1.4233997693673928,-0.8637467055892785,-4.388280164249522,-0.0418138630622024,3.0086284616753574,7.722300543470169,5.12179615930097,-0.2087963822160645,6.03333418526438,5.641517568707855,0.0,2.0,4.0,4.0,4.0,4.0,4.0,4.0,4.0,4.0,4.0,4.0,4.0,4.0,4.0,4.0,100.0,,,,,,,,,,,41.66666793823242,3.0,36.09018325805664,4.0,35.88409423828125,3.0,29.85842514038086,3.0,32.186553955078125,4.0,22.20855140686035,3.0,32.88169479370117,1.0,37.82526779174805,1.0,39.18442153930664,4.0,30.77825355529785,3.0,39.59449005126953,3.0,39.08531951904297,4.0,33.1446647644043,4.0,35.603172302246094,4.0,35.244571685791016
13621,1754692301.008594,106.24561810493468,1754692301.097854,52.0,0.0,-5.433960269139845,-14.785976163456835,-1.0676595501241195,-3.7038009718053786,-1.6281039478672596,0.8715638643170109,-0.0793624400276371,-0.8666490477881439,2.498459446528557,6.799639336031703,0.5502676405566831,-0.2785159655950906,6.232656698598873,3.2895850332078567,0.0,2.0,4.0,4.0,4.0,4.0,4.0,4.0,4.0,4.0,4.0,4.0,4.0,4.0,4.0,4.0,100.0,0.5556082725524902,0.35321044921875,-0.60064697265625,0.45361328125,0.9985504150390624,-0.2436560690402984,-0.0346684977412223,-51.44121551513672,-108.26581573486328,3.5889220237731934,,,,,,,,,,,,,,,,,,,,,,,,,,,,,
13622,1754692301.016397,106.25342106819151,1754692301.105757,53.0,0.0,-4.395499185728909,-23.11435642762524,3.4033695224399025,-3.9594024080450936,8.823297222764381,4.475820094640426,7.636659184190762,0.8932105050522523,-0.9568165733629712,-0.4390565097218086,-2.16048681983591,1.3631121644713176,-1.94221488114124,-0.1611174079015427,0.0,2.0,4.0,4.0,4.0,4.0,4.0,4.0,4.0,4.0,4.0,4.0,4.0,4.0,4.0,4.0,100.0,,,,,,,,,,,,,,,,,,,,,,,,,,,,,,,,,,,,,,,
13623,1754692301.0242,106.26122403144836,1754692301.11356,54.0,0.0,-5.453215045183697,-32.736510593145795,0.9965512589878928,-6.292325602771143,9.825334934895636,4.729161436670893,9.832470952811036,3.561779312635736,-1.6932356276647624,4.775319487790512,0.8488843006734896,3.302399966651592,-6.450018969037956,-6.496555058854483,0.0,2.0,4.0,4.0,4.0,4.0,4.0,4.0,4.0,4.0,4.0,4.0,4.0,4.0,4.0,4.0,100.0,,,,,,,,,,,,,,,,,,,,,,,,,,,,,,,,,,,,,,,
13624,1754692301.032003,106.2690269947052,1754692301.121464,55.0,0.0,-5.415891512589951,-35.9956208271451,-1.7294423182033825,-7.474157653697148,4.773311257662499,7.170586807489144,10.30552020684081,9.266578764345468,2.926115798331466,16.146542827320445,-2.886911029793282,2.6363886508006544,-8.211377476879534,-11.496141201657792,0.0,2.0,4.0,4.0,4.0,4.0,4.0,4.0,4.0,4.0,4.0,4.0,4.0,4.0,4.0,4.0,100.0,,,,,,,,,,,,,,,,,,,,,,,,,,,,,,,,,,,,,,,
13625,1754692301.039806,106.27682995796204,1754692301.129367,56.0,0.0,-7.603947160368477,-34.562527405852904,-0.7365592089581128,-7.59648039165171,6.538814616474667,8.313382667496228,10.454049460004684,14.36949160696355,5.893842575601468,15.677340685711954,-6.301845840527619,0.6452952925415616,-6.756449710976483,-17.020148057378208,0.0,2.0,4.0,4.0,4.0,4.0,4.0,4.0,4.0,4.0,4.0,4.0,4.0,4.0,4.0,4.0,100.0,0.5561051964759827,0.3531494140625,-0.599853515625,0.4541015625,1.0014801025390625,-0.2236362248659134,-0.0380865186452865,-51.74029159545898,-109.1630401611328,3.738460302352905,,,,,,,,,,,,,,,,,,,,,,,,,,,,,
13626,1754692301.047609,106.28463315963744,1754692301.13717,57.0,0.0,-12.350294934024047,-36.09889365384649,-0.9192393342281946,-11.149721888802077,4.078687661475243,5.593021602469008,7.158147743446108,12.340007337013075,6.92049588627745,15.316224526789512,-1.1593845123233848,0.3406601568181315,-3.704519571686177,-21.11943637064357,0.0,2.0,4.0,4.0,4.0,4.0,4.0,4.0,4.0,4.0,4.0,4.0,4.0,4.0,4.0,4.0,100.0,,,,,,,,,,,,,,,,,,,,,,,,,,,,,,,,,,,,,,,
13627,1754692301.055412,106.29243612289427,1754692301.144973,58.0,0.0,-10.992418222342508,-35.790670715096326,-1.1277118826018295,-9.148276126988437,1.6328824480129924,5.670869108791635,6.095798502674029,9.880924903739128,10.65985387598414,16.816866765753844,1.6790385454715988,2.472060617430202,-7.274661212790193,-18.645336418214697,0.0,2.0,4.0,4.0,4.0,4.0,4.0,4.0,4.0,4.0,4.0,4.0,4.0,4.0,4.0,4.0,100.0,,,,,,,,,,,,,,,,,,,,,,,,,,,,,,,,,,,,,,,
13628,1754692301.063215,106.30023908615112,1754692301.152876,59.0,0.0,-10.125876813106004,-33.56155760253927,-0.4212187729203265,-1.503572617951647,2.684340088261308,5.364610514556318,3.3949262993815523,9.314987305940631,11.350978678687229,9.37532700089156,-0.9779260336958372,1.584717335474636,-11.740706431151864,-18.27315469531408,0.0,2.0,4.0,4.0,4.0,4.0,4.0,4.0,4.0,4.0,4.0,4.0,4.0,4.0,4.0,4.0,100.0,,,,,,,,,,,,,,,,,,,,,,,,,,,,,,,,,,,,,,,
13629,1754692301.071018,106.30804204940796,1754692301.160679,60.0,0.0,-12.249631882376349,-29.07703548996315,0.0059062506148563,0.8595713370192186,1.4407775234963935,3.4336421257895324,1.4159368425312948,6.4248173292467925,4.166336974281506,5.778350038068396,-1.1324058936806125,0.4331261464709257,-6.456554332241609,-20.96190055226853,0.0,2.0,4.0,4.0,4.0,4.0,4.0,4.0,4.0,4.0,4.0,4.0,4.0,4.0,4.0,4.0,100.0,0.5564591884613037,0.35321044921875,-0.59930419921875,0.454345703125,0.9751125574111938,-0.2158236056566238,-0.0371099412441253,-50.39444732666016,-107.81719970703124,2.5421531200408936,,,,,,,,,,,,,,,,,,,,,,,,,,,,,
13630,1754692301.078821,106.3158450126648,1754692301.168582,61.0,0.0,-9.882762262553086,-25.69993371669304,-0.4631078782117299,-2.5727551661147743,0.7926759300335391,2.8771606671830625,4.189474538891801,2.402915073405921,2.15564602513453,11.103059315485126,-3.283171102455043,1.4412360524948156,-0.4734389342872589,-20.12924191942463,0.0,2.0,4.0,4.0,4.0,4.0,4.0,4.0,4.0,4.0,4.0,4.0,4.0,4.0,4.0,4.0,100.0,,,,,,,,,,,,,,,,,,,,,,,,,,,,,,,,,,,,,,,
13631,1754692301.086624,106.32364797592165,1754692301.176386,62.0,0.0,-3.748824393081492,-23.50352181252302,0.2478699837975853,-5.046314353474742,1.5247329087474952,1.6559284079249608,4.73944221021938,4.435632234928647,17.104090925241593,15.489039336522268,-2.627554847016114,1.1416714871043894,-2.629455782405472,-17.10390021365575,0.0,2.0,4.0,4.0,4.0,4.0,4.0,4.0,4.0,4.0,4.0,4.0,4.0,4.0,4.0,4.0,100.0,,,,,,,,,,,,,,,,,,,,,,,,,,,,,,,,,,,,,,,
13632,1754692301.094427,106.33145117759705,1754692301.184289,63.0,0.0,-1.518730892531437,-14.808956355895075,0.9825026350932262,-2.621491826172985,1.309795089383499,2.61433623190311,1.6912128548493115,-2.23727476510561,13.947589879904228,7.30142735115038,3.107949616474855,-0.2203493274191146,-5.319395548372029,-18.251142802873744,0.0,2.0,4.0,4.0,4.0,4.0,4.0,4.0,4.0,4.0,4.0,4.0,4.0,4.0,4.0,4.0,100.0,,,,,,,,,,,,,,,,,,,,,,,,,,,,,,,,,,,,,,,
13633,1754692301.10223,106.33925414085388,1754692301.1920922,64.0,0.0,-1.235950593661272,-0.6353290150875353,3.255815283258727,7.570654592499324,5.168085030716412,9.873088201635056,5.375093755263862,-11.01366222698536,-7.934111046435845,-4.4728447763238535,3.648015830144488,-0.7661256956991735,-4.961666063347792,-14.12880427651382,3322.0,2.0,4.0,4.0,4.0,4.0,4.0,4.0,4.0,4.0,4.0,4.0,4.0,4.0,4.0,4.0,100.0,0.5567411780357361,0.353515625,-0.59881591796875,0.45440673828125,0.9970855116844176,-0.2172884792089462,-0.0375982299447059,-52.33844375610352,-109.61165618896484,2.8412299156188965,,,,,,,,,,,,,,,,,,,,,,,,,,,,,
13634,1754692301.110033,106.34705710411072,1754692301.199995,65.0,0.0,-2.8950314719046446,4.153567522730441,4.431605748141351,12.762640943520069,2.7374861032661784,12.256762207050429,8.98790589154612,-5.572724872699951,-10.378785506317511,-1.089158862051704,-2.190485867011944,-0.9542827699175404,-4.193700403252137,-5.099712982919414,3509.0,2.0,4.0,4.0,4.0,4.0,4.0,4.0,4.0,4.0,4.0,4.0,4.0,4.0,4.0,4.0,100.0,,,,,,,,,,,,,,,,,,,,,,,,,,,,,,,,,,,,,,,
13635,1754692301.117836,106.35486006736755,1754692301.207798,66.0,0.0,-7.746185691194427,-2.023674199330202,-1.2141041976613849,4.182603148641334,-9.225842155326376,6.325172710889234,1.9022058302358853,2.0042641713527303,4.79971755680495,13.42431256056912,0.6431914783735522,-2.076767943285944,-3.417718288325972,-6.14968422987144,3484.0,2.0,4.0,4.0,4.0,4.0,4.0,4.0,4.0,4.0,4.0,4.0,4.0,4.0,4.0,4.0,100.0,,,,,,,,,,,,,,,,,,,,,,,,,,,,,,,,,,,,,,,
13636,1754692301.125639,106.3626630306244,1754692301.215701,67.0,0.0,-7.482218438308422,-3.659144209978507,-5.2204600607211376,-1.2619555079328109,-10.018259654739351,2.6702708548245084,4.047458105680477,5.678910238100713,9.170098287373465,15.317727207875038,6.857722617282803,0.7652598764470042,-3.0203392964202465,-5.70303939087043,3615.0,2.0,4.0,4.0,4.0,4.0,4.0,4.0,4.0,4.0,4.0,4.0,4.0,4.0,4.0,4.0,100.0,,,,,,,,,,,,,,,,,,,,,,,,,,,,,,,,,,,,,,,
13637,1754692301.133442,106.37046599388124,1754692301.223505,68.0,0.0,-4.032355969440658,-3.346153526973893,-2.468864127675232,-0.632531844695194,-5.80914279447731,0.6087994581198757,10.639302512374371,6.454978808635616,0.3956461247899199,3.893038850148088,1.3245199858029366,2.563686588068805,-3.343209750671776,1.5519535662606645,3625.0,2.0,4.0,4.0,4.0,4.0,4.0,4.0,4.0,4.0,4.0,4.0,4.0,4.0,4.0,4.0,100.0,0.5566909313201904,0.35400390625,-0.598388671875,0.45465087890625,0.9756008386611938,-0.2202182114124298,-0.0400396734476089,-51.74029159545898,-108.11627197265624,2.9907681941986084,,,,,,,,,,,,,,,,,,,,,,,,,,,,,
13638,1754692301.141245,106.37826895713806,1754692301.231408,69.0,0.0,-0.1114986700711995,-1.3126959258309796,2.063788288050688,2.211692156786881,-8.433591434398153,-1.909560822349107,2.5365237155794205,1.9565334484838388,-4.851028564641041,-1.2753918384144924,-2.938593967703895,1.509684999677262,-0.92085947954601,4.292677940073332,3501.0,2.0,4.0,4.0,4.0,4.0,4.0,4.0,4.0,4.0,4.0,4.0,4.0,4.0,4.0,4.0,100.0,,,,,,,,,,,,,,,,,,,,,,,,,,,,,,,,,,,,,,,
13639,1754692301.149048,106.38607215881348,1754692301.239211,70.0,0.0,6.181983082432708,5.11014549593736,1.3558062017494024,6.316062739057344,-6.642755939142916,-3.647304830720458,-6.000157478826367,-5.353367397548681,-3.370907348246164,-2.3257824387703465,2.591654653366988,0.3537191114285463,1.147341833882848,3.895472817309184,3498.0,2.0,4.0,4.0,4.0,4.0,4.0,4.0,4.0,4.0,4.0,4.0,4.0,4.0,4.0,4.0,100.0,,,,,,,,,,,,,,,,,,,,,,,,,,,,,,,,,,,,,,,
13640,1754692301.156851,106.39387512207033,1754692301.2471142,71.0,0.0,8.967416763501546,7.410089334056806,-0.8494756005680983,4.725510024695154,-5.812637891122563,-5.300822853112663,-4.087061450045098,-4.105394345175796,-1.662304656045421,-2.013770626189512,5.790131614046345,-1.8759487764733649,-0.0270805294200044,6.4061943449868295,3488.0,2.0,4.0,4.0,4.0,4.0,4.0,4.0,4.0,4.0,4.0,4.0,4.0,4.0,4.0,4.0,100.0,,,,,,,,,,,,,,,,,,,,,,,,,,,,,,,,,,,,,,,
13641,1754692301.164654,106.40167808532716,1754692301.2549171,72.0,0.0,8.333833864025365,6.522391341769691,1.5329921852215025,0.9458476268266908,-9.546789094135164,-9.651174472964357,-5.746182945951404,-0.6353202330276133,-6.664792215688266,-0.4153738751826665,1.7748325494942776,1.4510924407889263,1.0921122518302866,9.030334346023013,3602.0,2.0,4.0,4.0,4.0,4.0,4.0,4.0,4.0,4.0,4.0,4.0,4.0,4.0,4.0,4.0,100.0,0.5568850040435791,0.35400390625,-0.5980224609375,0.45489501953125,0.9848783016204834,-0.2207064926624298,-0.0380865186452865,-50.69352340698242,-110.06027221679688,2.5421531200408936,,,,,,,,,,,,,,,,,,,,,,,,,,,,,
13642,1754692301.172457,106.40948104858398,1754692301.26282,73.0,0.0,9.354185416751733,7.07464287240802,5.558230400920564,0.5509853021842162,-4.625457491712751,-11.532977009482948,-10.077304309739503,-2.976099376874373,-10.415305394716398,-2.447271516231268,-3.395416264981833,5.432653293334823,1.9023756533606213,9.916613022983457,3597.0,2.0,4.0,4.0,4.0,4.0,4.0,4.0,4.0,4.0,4.0,4.0,4.0,4.0,4.0,4.0,100.0,,,,,,,,,,,,,,,,,,,,,,,,,,,,,,,,,,,,,,,
13643,1754692301.18026,106.41728401184082,1754692301.270623,74.0,0.0,7.237897110397881,8.147919159434224,5.619072203328216,0.3475790422878901,1.6607704249934443,-4.53555465233714,-2.8690272189171253,-3.545360437453581,-2.8225697823106373,-2.2659310063429245,-2.1509570485888787,1.9538787558620072,-2.341842589229117,7.874440438539096,3608.0,2.0,4.0,4.0,4.0,4.0,4.0,4.0,4.0,4.0,4.0,4.0,4.0,4.0,4.0,4.0,100.0,,,,,,,,,,,,,,,,,,,,,,,,,,,,,,,,,,,,,,,
13644,1754692301.188063,106.42508697509766,1754692301.2784271,75.0,0.0,4.034129478503985,8.048712191201105,3.1198701739854755,2.146354348234184,-5.395467347980173,-2.759111784650884,1.4042154165663874,-3.071255802811663,-0.0936002944508231,-2.249539154852698,0.8031184666229478,-2.099843869740596,-4.0224017213396905,2.8484068722714824,3534.0,2.0,4.0,4.0,4.0,4.0,4.0,4.0,4.0,4.0,4.0,4.0,4.0,4.0,4.0,4.0,100.0,,,,,,,,,,,,,,,,,,,,,,,,,,,,,,,,,,,,,,,
13645,1754692301.195866,106.43289017677309,1754692301.28633,76.0,0.0,5.531872652790099,11.760114171944023,2.643220301007915,5.663069940545739,-7.387148323382661,-6.342880154316589,-3.1457527381810166,0.4377167475916224,-3.597070627790089,-7.198010958586764,-1.8227764404889228,0.3393656993719389,0.7162641376358181,4.429032920852734,3565.0,2.0,4.0,4.0,4.0,4.0,4.0,4.0,4.0,4.0,4.0,4.0,4.0,4.0,4.0,4.0,100.0,0.3144289851188659,0.62579345703125,-0.30078125,0.6473388671875,0.9814602732658386,-0.2192416340112686,-0.0385748073458671,-51.74029159545898,-109.46212005615234,3.738460302352905,,,,,,,,,,,,,,,,,,,,,,,,,,,,,
13646,1754692301.203669,106.44069314002992,1754692301.2941332,77.0,0.0,7.588706694315732,12.438808949263349,-1.4815947570175751,1.5407872136144931,0.1574871230647829,-4.272933455939239,-3.3128126125750725,1.6244058476233647,-2.476100424731868,-9.736528049101508,-4.374187006780431,1.579779093144424,2.368048516877451,9.16499623169895,3307.0,2.0,4.0,4.0,4.0,4.0,4.0,4.0,4.0,4.0,4.0,4.0,4.0,4.0,4.0,4.0,100.0,,,,,,,,,,,,,,,,,,,,,,,,,,,,,,,,,,,,,,,
13647,1754692301.211472,106.44849610328674,1754692301.302036,78.0,0.0,5.821121249269851,5.14377985062643,-4.333401409250513,-2.837597348804451,0.6634149245957417,0.3328735982642286,-2.124564521072756,-1.1877966926439,2.3247292955308296,-6.067710673322239,-0.3685812917509281,-2.113705005174637,2.4736296922514214,6.863455979826227,3608.0,2.0,4.0,4.0,4.0,4.0,4.0,4.0,4.0,4.0,4.0,4.0,4.0,4.0,4.0,4.0,100.0,,,,,,,,,,,,,,,,,,,,,,,,,,,,,,,,,,,,,,,
13648,1754692301.219275,106.45629906654358,1754692301.3099391,79.0,0.0,4.101685153534277,3.948700274274984,-2.2890696569151032,-0.7427061586084847,-1.3961793894412722,0.5201674348278402,-3.12095788954764,-0.6557744135346866,1.4746067579077362,-2.940989329790113,-0.8597448485110135,-3.5141094351700985,4.443157411662583,5.182857067121063,3534.0,2.0,4.0,4.0,4.0,4.0,4.0,4.0,4.0,4.0,4.0,4.0,4.0,4.0,4.0,4.0,100.0,,,,,,,,,,,,,,,,,,,,,,,,,,,,,,,,,,,,,,,
13649,1754692301.227078,106.46410202980042,1754692301.317842,80.0,0.0,3.917754148696048,11.936578731876551,-1.1372662052772569,0.002215472004508,0.8954693905970714,-0.150644920296628,-0.3121702476464918,-0.0772083863057844,-0.3890625565732364,-3.253993376965383,-3.697920521282896,-1.4385706486437186,1.168667453497818,8.399206510807716,3565.0,2.0,4.0,4.0,4.0,4.0,4.0,4.0,4.0,4.0,4.0,4.0,4.0,4.0,4.0,4.0,100.0,0.3143987953662872,0.62548828125,-0.3006591796875,0.647705078125,0.9956206679344176,-0.2182650566101074,-0.0458991378545761,-52.63752365112305,-109.01350402832033,3.5889220237731934,,,,,,,,,,,,,,,,,,,,,,,,,,,,,
13650,1754692301.234881,106.47190499305724,1754692301.325645,81.0,0.0,2.1727255847253275,11.90464875524495,-0.2834551707793196,-0.2253103062485877,3.9667845482444193,1.030570289765734,-1.938574825891095,-4.683491412215147,0.0259436017981045,-5.8113044962857145,-0.2647271766200845,-1.877087548071444,-0.5786592745697305,6.723458897573352,3307.0,2.0,4.0,4.0,4.0,4.0,4.0,4.0,4.0,4.0,4.0,4.0,4.0,4.0,4.0,4.0,100.0,,,,,,,,,,,,,,,,,,,,,,,,,,,,,,,,,,,,,,,
13651,1754692301.242684,106.47970795631409,1754692301.3334491,82.0,0.0,1.458112460302175,4.333889611133884,0.4929208056021821,0.4978472577570869,5.196119792558704,0.3835908254130231,-10.373785154850054,-8.4659321465885,-1.0122246074130885,-9.630049612649316,2.529473902762504,-4.072764703971814,5.788278622927521,-0.2769559404520691,3608.0,2.0,4.0,4.0,4.0,4.0,4.0,4.0,4.0,4.0,4.0,4.0,4.0,4.0,4.0,4.0,100.0,,,,,,,,,,,,,,,,,,,,,,,,,,,,,,,,,,,,,,,
13652,1754692301.250487,106.4875111579895,1754692301.341352,83.0,0.0,4.029072768341109,2.403696960435525,-0.53317379632864,1.5054585998329344,1.6083728366981518,-0.0539588717468291,-7.069310929741107,-5.628427365875098,-0.7980922030727129,-6.374783463313918,3.3059876542481,-2.5441156694972165,8.036759364034822,-1.5881878563212126,3534.0,2.0,4.0,4.0,4.0,4.0,4.0,4.0,4.0,4.0,4.0,4.0,4.0,4.0,4.0,4.0,100.0,,,,,,,,,,,,,,,,,,,,,,,,,,,,,,,,,,,,,,,
13653,1754692301.25829,106.49531412124634,1754692301.349255,84.0,0.0,3.269157611228536,1.0819842646735085,-2.148710223217506,-0.0374850278738563,-1.3550252325520091,-0.6846745315386329,3.244015688709794,-3.0768639466076024,1.4041089542453733,-0.464749378724548,0.5729190210929005,-2.0952514625576555,2.6275191084857283,-0.5170780693227357,3565.0,2.0,4.0,4.0,4.0,4.0,4.0,4.0,4.0,4.0,4.0,4.0,4.0,4.0,4.0,4.0,100.0,0.3143229782581329,0.625244140625,-0.30072021484375,0.64794921875,0.990737795829773,-0.2065461277961731,-0.0439459830522537,-52.48798370361328,-110.95750427246094,3.738460302352905,,,,,,,,,,,,,,,,,,,,,,,,,,,,,
13654,1754692301.266093,106.50311708450316,1754692301.357058,85.0,0.0,-1.4454113815776282,0.9218104381217244,0.1372002750141518,-0.3270098572551205,6.612594757051397,-0.3172336008650518,4.853773678304265,-0.8420976718401789,4.139659626111666,4.344789680585677,-5.682498121489402,-3.270600922989047,-3.335548468842603,-2.2669178277095625,3307.0,2.0,4.0,4.0,4.0,4.0,4.0,4.0,4.0,4.0,4.0,4.0,4.0,4.0,4.0,4.0,100.0,,,,,,,,,,,,,,,,,,,,,,,,,,,,,,,,,,,,,,,
13655,1754692301.273896,106.51092004776,1754692301.364861,86.0,0.0,-6.267964195589059,-0.3383767548151013,0.7122137076405011,-1.3274101208870093,10.93610158347218,0.9653543361493462,4.208493064030506,1.1676523871548738,-0.2024912854770377,3.350104443300268,-6.89289135387736,-1.2002185537474477,-9.459222401814545,0.2232762839818747,3608.0,2.0,4.0,4.0,4.0,4.0,4.0,4.0,4.0,4.0,4.0,4.0,4.0,4.0,4.0,4.0,100.0,,,,,,,,,,,,,,,,,,,,,,,,,,,,,,,,,,,,,,,
13656,1754692301.281699,106.51872301101685,1754692301.372764,87.0,0.0,-6.784240912998371,-7.204176124682249,0.0765344340053388,-5.865591575605663,4.597532280909604,0.904180327096242,8.034971139359754,3.35012746065388,0.3077470435756595,2.988872024624129,-2.04540689977091,0.2835371854213235,-7.045688471338167,4.377712403512419,3534.0,2.0,4.0,4.0,4.0,4.0,4.0,4.0,4.0,4.0,4.0,4.0,4.0,4.0,4.0,4.0,100.0,,,,,,,,,,,,,,,,,,,,,,,,,,,,,,,,,,,,,,,
13657,1754692301.289502,106.52652597427368,1754692301.380667,88.0,0.0,-5.948496708293078,-11.999274024826718,-0.4390046887201606,-8.977742079655854,0.6934548811345849,-1.9510075362823045,3.611141097279415,5.050141963042279,9.60796541806758,10.347062686247227,-1.2854080614533814,-2.724588741689786,2.688796679922234,-0.5933836301906013,3565.0,2.0,4.0,4.0,4.0,4.0,4.0,4.0,4.0,4.0,4.0,4.0,4.0,4.0,4.0,4.0,100.0,0.3141207993030548,0.625,-0.30078125,0.64825439453125,0.9843900203704834,-0.2270542532205581,-0.0244144350290298,-53.83382797241211,-109.01350402832033,3.887998819351196,,,,,,,,,,,,,,,,,,,,,,,,,,,,,
13658,1754692301.297305,106.5343291759491,1754692301.3884711,89.0,0.0,-2.974318832525228,-1.601367923358907,1.7615372350718417,0.0414001112288815,-0.0315988978906034,-2.96945151335251,-3.105034234085565,-1.320886641020138,6.146513044497056,12.589794137403146,3.023079567111722,-1.4677192799396153,7.73084054677895,-0.4044441712031812,3307.0,2.0,4.0,4.0,4.0,4.0,4.0,4.0,4.0,4.0,4.0,4.0,4.0,4.0,4.0,4.0,100.0,,,,,,,,,,,,,,,,,,,,,,,,,,,,,,,,,,,,,,,
13659,1754692301.305108,106.54213213920592,1754692301.396274,90.0,0.0,-1.160125341355979,5.7537362779535215,1.0302564270177754,4.369165607917694,-5.484709509508775,-4.752164811090097,-5.234667048766369,-9.00666672020634,-11.14931761016578,0.2950349221905526,5.019222778556468,1.5690225772646045,5.513731369166635,3.8834776668218174,3608.0,2.0,4.0,4.0,4.0,4.0,4.0,4.0,4.0,4.0,4.0,4.0,4.0,4.0,4.0,4.0,100.0,,,,,,,,,,,,,,,,,,,,,,,,,,,,,,,,,,,,,,,
13660,1754692301.312911,106.54993510246275,1754692301.4041772,91.0,0.0,1.239001250447643,2.8849786598177047,0.2307528142047772,-1.2392601485915409,-5.417652544505302,-1.4843198119299927,-2.5440699781718763,-2.407782910463822,-12.388812571989831,-2.256067685512619,3.03269783202785,5.610466388973862,9.31544368372596,4.850144324336441,3534.0,2.0,4.0,4.0,4.0,4.0,4.0,4.0,4.0,4.0,4.0,4.0,4.0,4.0,4.0,4.0,100.0,,,,,,,,,,,,,,,,,,,,,,,,,,,,,,,,,,,,,,,
13661,1754692301.320714,106.5577380657196,1754692301.41208,92.0,0.0,-0.7767724976781096,-1.047917831825714,0.5670192105697538,-4.903851956679944,-2.6385055488696594,1.3252430552227563,-3.271289163087829,0.1768664926469796,-5.921527890320874,3.013220488951731,1.0644995712989953,3.050863170769219,5.488319714724696,1.3295675486349978,3565.0,2.0,4.0,4.0,4.0,4.0,4.0,4.0,4.0,4.0,4.0,4.0,4.0,4.0,4.0,4.0,100.0,0.3134360015392303,0.62481689453125,-0.30108642578125,0.64862060546875,0.990737795829773,-0.2338902950286865,-0.0292973220348358,-51.74029159545898,-107.36858367919922,2.9907681941986084,,,,,,,,,,,,,,,,,,,,,,,,,,,,,
13662,1754692301.328517,106.56554102897644,1754692301.4199831,93.0,0.0,-1.5132779183321077,3.7629727521509153,3.3723689769637417,3.5712951475790646,2.3849775868695247,-1.0841677350998111,-2.4552317926280125,-2.690482924634864,-3.024658930907947,1.1258509123123872,2.267098668404003,-1.0414915681283787,-2.639652090180164,0.316241846602395,3307.0,2.0,4.0,4.0,4.0,4.0,4.0,4.0,4.0,4.0,4.0,4.0,4.0,4.0,4.0,4.0,100.0,,,,,,,,,,,,,,,,,,,,,,,,,,,,,,,,,,,,,,,
13663,1754692301.33632,106.57334399223328,1754692301.427786,94.0,0.0,-1.9662625768477824,9.35085821258241,0.1003911224511853,8.067538678702533,4.378317877960456,-1.7943251604914965,0.8763608731651971,-1.1463523910360325,1.8289947760218297,-3.3570107409404386,1.5313255781262,-0.2457548264700904,-1.833308282060841,-1.1506399717667932,3608.0,2.0,4.0,4.0,4.0,4.0,4.0,4.0,4.0,4.0,4.0,4.0,4.0,4.0,4.0,4.0,100.0,,,,,,,,,,,,,,,,,,,,,,,,,,,,,,,,,,,,,,,
13664,1754692301.344123,106.58114695549013,1754692301.43559,95.0,0.0,-3.087931536123847,6.845936894181818,-5.473096639979644,1.935092055622249,5.687797518228422,0.891674804746458,0.4041742209107042,-0.755502864155801,4.64325323620244,-4.348150033895649,-0.6595075471258269,-1.117184232727027,2.3891850988530905,-3.239639101217904,3534.0,2.0,4.0,4.0,4.0,4.0,4.0,4.0,4.0,4.0,4.0,4.0,4.0,4.0,4.0,4.0,100.0,,,,,,,,,,,,,,,,,,,,,,,,,,,,,,,,,,,,,,,
13665,1754692301.351926,106.58895015716551,1754692301.4434931,96.0,0.0,0.7335900783026545,1.2567428041032829,0.8485709534210173,0.1415228216800415,11.023074229569715,0.8005643263144293,0.0031628362274886,-0.7219741186310102,-0.7256284628298317,-4.307236169846533,-1.204774536984246,-1.901408306894268,-0.6367209718338245,0.4054834907700524,3565.0,2.0,4.0,4.0,4.0,4.0,4.0,4.0,4.0,4.0,4.0,4.0,4.0,4.0,4.0,4.0,100.0,0.3127535879611969,0.62469482421875,-0.3013916015625,0.64892578125,0.9897611737251282,-0.2358434498310089,-0.0292973220348358,-52.63752365112305,-109.61165618896484,3.5889220237731934,,,,,,,,,,,,,,,,,,,,,,,,,,,,,
13666,1754692301.359729,106.59675312042236,1754692301.451296,97.0,0.0,1.9827389180619548,1.5523329269768738,7.658243744738343,-0.0004578630467904,5.241486559770351,-3.548281192780337,0.3816826211315174,1.3775824167097426,-4.72241125756716,-3.0200257641107555,-3.2837147232361303,1.0098614675135875,-9.234400946848496,2.547860517454524,3307.0,2.0,4.0,4.0,4.0,4.0,4.0,4.0,4.0,4.0,4.0,4.0,4.0,4.0,4.0,4.0,100.0,,,,,,,,,,,,,,,,,,,,,,,,,,,,,,,,,,,,,,,
13667,1754692301.367532,106.6045560836792,1754692301.4591992,98.0,0.0,-1.6289158440674214,6.762973169790087,3.896359642693653,-0.9676040287083084,-3.5366112760672763,0.072609052373366,3.0209820408557,0.4431746796656739,-3.66340426109872,1.399374055679175,-6.47580647907688,4.164045522123445,-6.369990654467017,1.1969913202690918,3608.0,2.0,4.0,4.0,4.0,4.0,4.0,4.0,4.0,4.0,4.0,4.0,4.0,4.0,4.0,4.0,100.0,,,,,,,,,,,,,,,,,,,,,,,,,,,,,,,,,,,,,,,
13668,1754692301.375335,106.61235904693604,1754692301.4670022,99.0,0.0,-1.471567913003753,2.652976376857908,-2.235974657199847,-0.5039671632318345,0.2752065619336576,4.886374569244538,3.941228068299381,-2.3230566486828934,-1.974201003063797,2.7986185539860458,-11.499563545555418,2.065126963398427,-0.1377154715380015,-0.905858351352606,3534.0,2.0,4.0,4.0,4.0,4.0,4.0,4.0,4.0,4.0,4.0,4.0,4.0,4.0,4.0,4.0,100.0,,,,,,,,,,,,,,,,,,,,,,,,,,,,,,,,,,,,,,,
13669,1754692301.383138,106.62016201019289,1754692301.474905,100.0,0.0,2.004875813085448,-4.745860849221288,-2.0544337723515014,-0.718664465550944,1.4385166802770186,3.318620807894888,2.8145673079509947,2.592441861420241,0.7133174293078923,-2.5472964477523306,-10.112767165401864,0.681759359484488,-4.427008804855348,0.4819254034999289,3565.0,2.0,4.0,4.0,4.0,4.0,4.0,4.0,4.0,4.0,4.0,4.0,4.0,4.0,4.0,4.0,100.0,0.312033861875534,0.6248779296875,-0.3017578125,0.64892578125,0.9809719920158386,-0.2197299152612686,-0.0283207446336746,-52.93659973144531,-108.71442413330078,4.187075614929199,,,,,,,,,,,,,,,,,,,,,,,,,,,,,
13670,1754692301.390941,106.6279649734497,1754692301.482808,101.0,0.0,1.234425712310383,-0.5278171345144642,-0.7648565308236925,-1.0233922727703089,-5.760338682366694,0.8315798825782963,4.424618049992148,8.042672198852813,4.184902319516766,-2.6953684013447514,-0.6580959933426698,2.04532774442481,-8.51592125681151,-1.137171407862354,3307.0,2.0,4.0,4.0,4.0,4.0,4.0,4.0,4.0,4.0,4.0,4.0,4.0,4.0,4.0,4.0,100.0,,,,,,,,,,,,,,,,,,,,,,,,,,,,,,,,,,,,,,,
13671,1754692301.398744,106.63576817512512,1754692301.490612,102.0,0.0,-1.1597338936958297,4.844733927920515,-4.50023684042344,-0.6817503578417927,-4.653621448604554,-0.0741283594397828,5.332841457338418,5.077152884253337,3.328447870692344,1.9433068444873245,-1.2919316939355667,-0.7872998337838908,-1.2769105764828057,-4.881777602874081,3608.0,2.0,4.0,4.0,4.0,4.0,4.0,4.0,4.0,4.0,4.0,4.0,4.0,4.0,4.0,4.0,100.0,,,,,,,,,,,,,,,,,,,,,,,,,,,,,,,,,,,,,,,
13672,1754692301.406547,106.64357113838196,1754692301.498415,103.0,0.0,0.4659929764489448,7.191646594479209,-3.565289208598585,1.9508431125000807,-1.7917456113195271,0.6747880440826179,3.481233944862254,0.6636575411289982,0.2939696547192056,-0.968319920686497,-4.1012249458717065,-1.2891857968738236,3.9189496102640646,-3.220952732850435,3534.0,2.0,4.0,4.0,4.0,4.0,4.0,4.0,4.0,4.0,4.0,4.0,4.0,4.0,4.0,4.0,100.0,,,,,,,,,,,,,,,,,,,,,,,,,,,,,,,,,,,,,,,
13673,1754692301.41435,106.6513741016388,1754692301.506318,104.0,0.0,2.65276764674212,15.222575963787165,1.0698140737794688,1.729125758254611,-6.464809594015662,-1.687496418109788,0.7503561696584597,-0.4754255848811795,-0.5226819328027545,-9.183856374256322,2.631341456961706,0.8545707988131994,-2.755539063332037,-1.7182628647120168,3565.0,2.0,4.0,4.0,4.0,4.0,4.0,4.0,4.0,4.0,4.0,4.0,4.0,4.0,4.0,4.0,100.0,0.3116710782051086,0.625,-0.3018798828125,0.64892578125,0.992690920829773,-0.2187533378601074,-0.0346684977412223,-50.99259948730469,-109.91073608398438,3.738460302352905,,,,,,,,,,,,,,,,,,,,,,,,,,,,,
13674,1754692301.422153,106.65917706489564,1754692301.5142212,105.0,0.0,1.1321608973228194,22.438982251590687,0.3715886416450757,2.601076259717729,-11.48267550877813,-4.235304944863628,-1.0408816936726453,1.764387937764468,0.7459198047911286,-8.363341321237158,5.364152632587548,1.8324381641093623,-5.01914784115138,-0.5703088070965805,3307.0,2.0,4.0,4.0,4.0,4.0,4.0,4.0,4.0,4.0,4.0,4.0,4.0,4.0,4.0,4.0,100.0,,,,,,,,,,,,,,,,,,,,,,,,,,,,,,,,,,,,,,,
13675,1754692301.429956,106.66698002815248,1754692301.5220242,106.0,0.0,0.7180339001178879,22.95496789302794,-4.299235850693577,3.602921580213632,-15.4062704367889,-2.951349045410126,-2.5374877790718813,2.564127969448208,3.7737552594671513,-2.837652448459295,-0.1523668488653413,1.283639927773919,0.6302435603763286,0.331461718680174,3608.0,2.0,4.0,4.0,4.0,4.0,4.0,4.0,4.0,4.0,4.0,4.0,4.0,4.0,4.0,4.0,100.0,,,,,,,,,,,,,,,,,,,,,,,,,,,,,,,,,,,,,,,
13676,1754692301.437759,106.6747829914093,1754692301.529827,107.0,0.0,1.966234317082865,22.18986746747379,-5.364786333176824,0.3595992010939994,-17.669032161820894,-0.3977895199420231,-3.006147875279737,-1.4444266020420289,7.85873521824152,-1.5495479123443945,2.1861939119729072,-1.106658226429488,5.297623659771546,-0.0136051693918375,3534.0,2.0,4.0,4.0,4.0,4.0,4.0,4.0,4.0,4.0,4.0,4.0,4.0,4.0,4.0,4.0,100.0,,,,,,,,,,,,,,,,,,,,,,,,,,,,,,,,,,,,,,,
13677,1754692301.445562,106.68258595466614,1754692301.5377312,108.0,0.0,0.7438803331138786,19.383520256941296,-3.3047960054690577,-0.4710893667965194,-12.381327482020794,2.314170375801126,-2.4889271100250028,-1.9306754055145632,9.81486688450795,-3.044378884317126,8.561937908267367,-1.3027680849021692,3.146172856126526,-0.010763597803276,3565.0,2.0,4.0,4.0,4.0,4.0,4.0,4.0,4.0,4.0,4.0,4.0,4.0,4.0,4.0,4.0,100.0,0.4342573881149292,0.488677978515625,-0.4498291015625,0.552734375,0.9948882460594176,-0.2233920842409134,-0.0261234454810619,-51.74029159545898,-109.01350402832033,3.5889220237731934,,,,,,,,,,,,,,,,,,,,,,,,,,,,,
13678,1754692301.453365,106.69038915634157,1754692301.545634,109.0,0.0,-2.8864760098969384,16.63733743850557,-3.0767999011247014,-0.2212520375789211,-7.760879325160346,2.591676360245259,-1.3857457182986366,1.83706000989136,3.5547384769077723,-8.539445592051067,4.73741525495447,0.0021554585199226,-1.349549272113478,1.4121312092314326,3307.0,2.0,4.0,4.0,4.0,4.0,4.0,4.0,4.0,4.0,4.0,4.0,4.0,4.0,4.0,4.0,100.0,,,,,,,,,,,,,,,,,,,,,,,,,,,,,,,,,,,,,,,
13679,1754692301.461168,106.6981921195984,1754692301.5535371,110.0,1.0,-2.2939786715806463,9.04197084058245,-0.8400997368585763,-0.9199278090364372,-5.283465290544029,2.728497452537283,-2.387794513031679,0.6368743950142175,2.3671801959034724,-6.105810843846541,4.231503308754725,0.5668377703840974,-0.3177410927724509,0.8008549489463235,3343.857177734375,2.0,4.0,4.0,4.0,4.0,4.0,4.0,4.0,4.0,4.0,4.0,4.0,4.0,4.0,4.0,100.0,,,,,,,,,,,,,,,,,,,,,,,,,,,,,,,,,,,,,,,
13680,1754692301.468971,106.70599508285522,1754692301.56134,111.0,1.0,-1.8050160025375703,2.425572248283686,0.952696811490739,-1.5275907176008443,-3.1489898138723333,2.680351453641549,-3.208495034058444,-0.4452568690151679,1.242094777936643,-3.9861857995863934,3.606105259380626,0.94169960319158,0.4449658581872313,0.1964065383473894,3380.71435546875,2.0,4.0,4.0,4.0,4.0,4.0,4.0,4.0,4.0,4.0,4.0,4.0,4.0,4.0,4.0,100.0,,,,,,,,,,,,,,,,,,,,,,,,,,,,,,,,,,,,,,,
13681,1754692301.476774,106.71379804611206,1754692301.569144,112.0,1.0,-0.8813816175881755,-2.638350778616513,2.859044109941607,-1.504853914120048,-0.8291510863802785,3.017345403994369,-3.317694241393127,-0.8596519096238069,0.7399874941827704,-1.656134028168907,3.4376822552574424,1.683866007057787,1.4989834288194572,0.1522015976522936,3417.571533203125,2.0,4.0,4.0,4.0,4.0,4.0,4.0,4.0,4.0,4.0,4.0,4.0,4.0,4.0,4.0,100.0,0.5568436980247498,0.35235595703125,-0.5977783203125,0.45654296875,0.9970855116844176,-0.2280308306217193,-0.0175783932209014,-52.48798370361328,-108.11627197265624,3.4393835067749023,,,,,,,,,,,,,,,,,,,,,,,,,,,,,
13682,1754692301.484577,106.7216010093689,1754692301.576947,113.0,1.0,-0.7292399497256383,-7.364029478373254,3.697252824071597,-2.064706401223816,0.4696635458193441,2.5607451712070315,-3.938557568844885,-1.812015865267881,-0.3341247889439955,-0.3275929753941682,2.550837633704191,1.6044880449625225,1.6582243566402894,-0.5294023680904729,3454.428466796875,2.0,4.0,4.0,4.0,4.0,4.0,4.0,4.0,4.0,4.0,4.0,4.0,4.0,4.0,4.0,100.0,,,,,,,,,,,,,,,,,,,,,,,,,,,,,,,,,,,,,,,
13683,1754692301.49238,106.72940397262572,1754692301.5847511,114.0,1.0,-0.6032409387998428,-11.047642442198992,4.244995786140009,-2.472240238413121,1.5009477852354962,2.079566994255458,-4.346412386773352,-2.562866174709086,-1.2304618423149236,0.7485302184668967,1.7145504872256083,1.4663274496124927,1.690051176307918,-1.0999136100949158,3491.28564453125,2.0,4.0,4.0,4.0,4.0,4.0,4.0,4.0,4.0,4.0,4.0,4.0,4.0,4.0,4.0,100.0,,,,,,,,,,,,,,,,,,,,,,,,,,,,,,,,,,,,,,,
13684,1754692301.500183,106.73720717430116,1754692301.592554,115.0,1.0,-0.3334314734138957,-13.587371154931644,4.704474041323408,-2.57216170918133,2.447457803261329,1.7620078066633482,-4.397495983628744,-2.9547091799595933,-1.7834815902520518,1.752069613177753,1.115777751204348,1.4519496651072927,1.7853561464491463,-1.3927300633054642,3528.142822265625,2.0,4.0,4.0,4.0,4.0,4.0,4.0,4.0,4.0,4.0,4.0,4.0,4.0,4.0,4.0,100.0,,,,,,,,,,,41.66666793823242,4.0,31.08313369750977,4.0,32.695831298828125,4.0,23.4285831451416,3.0,31.74651908874512,4.0,18.517507553100582,3.0,26.65232276916504,1.0,36.77599334716797,1.0,33.27742004394531,4.0,26.9543685913086,3.0,37.39781188964844,3.0,40.41898727416992,4.0,21.89412879943848,4.0,36.64659881591797,3.0,35.47084426879883
13685,1754692301.507986,106.74501013755798,1754692301.600358,116.0,0.0,0.0534218176238425,-15.097842480982903,5.084800027290697,-2.4081144707749047,3.30298170213186,1.5968621144382666,-4.145323499648526,-3.031012485559728,-2.028350836637088,2.671662314156805,0.7387646061068551,1.5487479249798923,1.9375492040404367,-1.4388803597773006,3565.0,2.0,4.0,4.0,4.0,4.0,4.0,4.0,4.0,4.0,4.0,4.0,4.0,4.0,4.0,4.0,100.0,0.5575076937675476,0.3524169921875,-0.59796142578125,0.4554443359375,0.990249514579773,-0.1977569311857223,-0.025391012430191,-51.14213943481445,-110.06027221679688,5.383382797241211,,,,,,,,,,,,,,,,,,,,,,,,,,,,,
13686,1754692301.515789,106.75281310081482,1754692301.608161,117.0,0.0,2.0725437802369697,-20.32964701298863,3.926846558524971,1.757245874261912,12.210354063862155,1.754203342469168,-0.1721335825001233,-2.964039884754243,-5.699862008453806,-2.0822554433276537,-2.5703283222043183,-0.0522657653242504,2.661665211559125,-0.707009883611704,3307.0,2.0,4.0,4.0,4.0,4.0,4.0,4.0,4.0,4.0,4.0,4.0,4.0,4.0,4.0,4.0,100.0,,,,,,,,,,,,,,,,,,,,,,,,,,,,,,,,,,,,,,,
13687,1754692301.523592,106.76061606407166,1754692301.6159642,118.0,0.0,1.378115814743012,-22.8782104520688,-1.1982353928856924,1.6097820135927918,12.731850387896827,0.4649674156948435,3.186758978564228,-1.1840333966920866,-3.7072887718437073,-0.0675597584318552,0.031458842929112,-4.276963200528428,1.8913104804295813,-1.0344955389501251,3608.0,2.0,4.0,4.0,4.0,4.0,4.0,4.0,4.0,4.0,4.0,4.0,4.0,4.0,4.0,4.0,100.0,,,,,,,,,,,,,,,,,,,,,,,,,,,,,,,,,,,,,,,
13688,1754692301.531395,106.76841902732848,1754692301.6236682,119.0,0.0,1.171375629792493,-22.91729909668468,-0.8420560859051136,-4.235027119036857,5.008602363549727,-0.6174572624529162,3.3672370829210934,-1.6505155988636204,-3.40072585073969,3.131171198934481,1.3377441012510474,-3.182881435183589,0.6526194524272171,5.1204556423174665,3534.0,2.0,4.0,4.0,4.0,4.0,4.0,4.0,4.0,4.0,4.0,4.0,4.0,4.0,4.0,4.0,100.0,,,,,,,,,,,,,,,,,,,,,,,,,,,,,,,,,,,,,,,
13689,1754692301.539198,106.77622199058531,1754692301.6314712,120.0,0.0,3.5545217248475183,-20.050549562586863,1.3420404314945245,-2.5934446260978348,8.72378935889924,-1.1713891981705729,3.4177671721429306,-1.251975153561261,-5.097137918559156,10.107137104488402,-3.8173337154350975,-0.0048153396144243,-3.29270501104088,9.820494595931224,3565.0,2.0,4.0,4.0,4.0,4.0,4.0,4.0,4.0,4.0,4.0,4.0,4.0,4.0,4.0,4.0,100.0,0.5579496622085571,0.3525390625,-0.5982666015625,0.45440673828125,0.991714358329773,-0.2080109864473343,-0.048340581357479,-50.09536743164063,-109.46212005615234,4.486152648925781,,,,,,,,,,,,,,,,,,,,,,,,,,,,,
13690,1754692301.547001,106.78402495384216,1754692301.639174,121.0,0.0,1.7065711387945155,-19.0019748476916,-0.8081849985042027,1.244710456996927,13.277989954934585,0.5967202218193961,4.299884163334809,0.9917925846634716,-5.175858737613908,11.928251157185969,-5.855878717034102,-3.459341013262474,-3.0308218057130034,2.7585534152053697,3307.0,2.0,4.0,4.0,4.0,4.0,4.0,4.0,4.0,4.0,4.0,4.0,4.0,4.0,4.0,4.0,100.0,,,,,,,,,,,,,,,,,,,,,,,,,,,,,,,,,,,,,,,
13691,1754692301.554803,106.79182696342468,1754692301.646878,122.0,0.0,0.7392353946601133,-27.154264176980742,0.8408701831602912,-0.3870167938872555,8.745942911591897,1.605905684374079,5.290578657157653,2.4831849793284846,-2.094671862526525,4.565645341763116,-2.7158897034615848,-4.86196769030505,-3.993752066113416,-0.4716178816476031,3608.0,2.0,4.0,4.0,4.0,4.0,4.0,4.0,4.0,4.0,4.0,4.0,4.0,4.0,4.0,4.0,100.0,,,,,,,,,,,,,,,,,,,,,,,,,,,,,,,,,,,,,,,
13692,1754692301.562607,106.7996311187744,1754692301.654681,123.0,0.0,0.7510954164193322,-31.96853016970197,1.3466291985840255,-2.0124676519178024,1.5423874801302304,-0.3991551124506145,4.290051869608135,2.704318542656268,-1.9672866987354496,4.45313761538074,-1.4898447249094602,-1.4180014047130385,-11.181776271571778,1.6341758456749744,3534.0,2.0,4.0,4.0,4.0,4.0,4.0,4.0,4.0,4.0,4.0,4.0,4.0,4.0,4.0,4.0,100.0,,,,,,,,,,,,,,,,,,,,,,,,,,,,,,,,,,,,,,,
13693,1754692301.57041,106.80743408203124,1754692301.6624842,124.0,0.0,0.7800740344941346,-21.044089003931788,-0.922735550373602,2.445135585997776,-0.6742637933708124,-4.472215699364426,1.4121138335780756,3.047719714456832,-1.6538340795646604,11.896296713134175,0.4327453342638705,-0.5604408297600116,-8.35982670868799,1.186341050733006,3565.0,2.0,4.0,4.0,4.0,4.0,4.0,4.0,4.0,4.0,4.0,4.0,4.0,4.0,4.0,4.0,100.0,0.558209240436554,0.35247802734375,-0.5987548828125,0.4534912109375,0.9780422449111938,-0.2001983672380447,-0.0395513847470283,-52.63752365112305,-109.01350402832033,2.8412299156188965,,,,,,,,,,,,,,,,,,,,,,,,,,,,,
13694,1754692301.578213,106.81523704528809,1754692301.670187,125.0,0.0,1.7082545852112787,-11.908974276852888,-1.2155067609337775,4.186985100705414,1.033065587419031,-10.471014444405256,-2.5489096830310984,-0.6916842364758224,0.1004371343037462,9.172526999156588,2.2046815531939217,-2.10852463029508,0.3982672012795945,0.7756911194910288,3307.0,2.0,4.0,4.0,4.0,4.0,4.0,4.0,4.0,4.0,4.0,4.0,4.0,4.0,4.0,4.0,100.0,,,,,,,,,,,,,,,,,,,,,,,,,,,,,,,,,,,,,,,
13695,1754692301.586016,106.82304000854492,1754692301.677891,126.0,0.0,0.7276933238308914,-8.601799003682544,-2.903744001414424,4.94241359783976,-1.040927953686122,-10.67552533489831,-2.669416050805893,-1.929198965504355,2.53368932858578,5.666927419379618,7.370028355713231,-0.8760578291284844,3.400104653006366,-0.1458865062981829,3608.0,2.0,4.0,4.0,4.0,4.0,4.0,4.0,4.0,4.0,4.0,4.0,4.0,4.0,4.0,4.0,100.0,,,,,,,,,,,,,,,,,,,,,,,,,,,,,,,,,,,,,,,
13696,1754692301.593819,106.83084297180176,1754692301.685694,127.0,0.0,-3.16321949394856,-1.448662752972865,-6.645065257221773,7.31085635644817,-6.910891707843945,-3.966611364883335,-1.098828426340475,1.4833236758412056,6.14143983046219,7.382360045529225,7.49653155814471,-1.2436020821161549,3.296160613957994,-6.5461761126040585,52.0,2.0,4.0,4.0,4.0,4.0,4.0,4.0,4.0,4.0,4.0,4.0,4.0,4.0,4.0,4.0,100.0,,,,,,,,,,,,,,,,,,,,,,,,,,,,,,,,,,,,,,,
13697,1754692301.601622,106.83864617347716,1754692301.693397,0.0,0.0,-1.6026035337368114,0.2594794295955296,-2.3761128928049686,5.233681884192691,-3.76342606911706,-1.7132770611983972,2.2051704515438075,2.8121690280899827,4.078087493278389,3.717862122464311,-1.1933239659533967,-1.387459386546226,0.6198450382055114,-5.502009715064588,3332.0,2.0,4.0,4.0,4.0,4.0,4.0,4.0,4.0,4.0,4.0,4.0,4.0,4.0,4.0,4.0,100.0,0.5583253502845764,0.3521728515625,-0.59942626953125,0.45269775390625,1.0009918212890625,-0.2089875638484954,-0.0288090333342552,-51.74029159545898,-109.1630401611328,4.187075614929199,,,,,,,,,,,,,,,,,,,,,,,,,,,,,
13698,1754692301.609424,106.84644818305968,1754692301.7012,1.0,0.0,1.3244477118896043,-3.675029647465692,2.078552111441184,-0.3053835273986465,6.731133179897313,-5.337876502397705,3.96763368992373,3.4437520777027544,-0.0819906867341728,-1.5448833345909063,-4.4457984134692765,1.3685000700815522,-6.331141948789593,0.8357873027770779,3503.0,2.0,4.0,4.0,4.0,4.0,4.0,4.0,4.0,4.0,4.0,4.0,4.0,4.0,4.0,4.0,100.0,,,,,,,,,,,,,,,,,,,,,,,,,,,,,,,,,,,,,,,
13699,1754692301.617228,106.85425209999084,1754692301.708904,2.0,0.0,0.7630679828721441,0.5930444522537073,-1.8979659623855696,-2.196487273227376,6.133882669616924,-2.3052225245069167,3.602977036584434,4.640776290993927,2.653677062473889,-1.9456029386128648,0.1021221224063992,1.697540628468687,-9.225985626665306,-1.9658833474763924,3503.0,2.0,4.0,4.0,4.0,4.0,4.0,4.0,4.0,4.0,4.0,4.0,4.0,4.0,4.0,4.0,100.0,,,,,,,,,,,,,,,,,,,,,,,,,,,,,,,,,,,,,,,
13700,1754692301.625031,106.86205506324768,1754692301.716707,3.0,0.0,-0.4460568095432222,8.414516985107696,-2.222518409069778,3.0370477776783105,-0.437929864315663,4.49348216628465,2.052338259855389,0.4172525898348453,5.85124814145189,-1.702199575749944,-1.840213023263857,-1.080239354495859,-6.900554735525873,-7.517302274464271,3607.0,2.0,4.0,4.0,4.0,4.0,4.0,4.0,4.0,4.0,4.0,4.0,4.0,4.0,4.0,4.0,100.0,,,,,,,,,,,,,,,,,,,,,,,,,,,,,,,,,,,,,,,
13701,1754692301.632834,106.86985802650452,1754692301.72441,4.0,0.0,-3.0619931411315235,11.804471061067972,0.0725214376311953,6.034188852705967,-0.137676126519608,7.068166374304866,1.2432491166687498,-2.5417773108365225,3.046217696929517,2.176080199873951,-4.914876585997689,-1.1477442173849963,-2.7108707963622862,-8.014936567449666,3632.0,2.0,4.0,4.0,4.0,4.0,4.0,4.0,4.0,4.0,4.0,4.0,4.0,4.0,4.0,4.0,100.0,0.558637797832489,0.3516845703125,-0.600341796875,0.45147705078125,0.9946441054344176,-0.2299839854240417,-0.0537117570638656,-53.08613586425781,-108.56488800048828,3.1403067111968994,,,,,,,,,,,,,,,,,,,,,,,,,,,,,
13702,1754692301.640637,106.87766098976137,1754692301.732213,5.0,0.0,-4.709993091546465,8.837707880173213,-3.00503456070598,-0.3588088154601507,1.3468212686348409,2.0378913175318587,1.7708797572459218,-0.7744664427886789,-0.8104840062946721,4.152188265711658,0.2380977041471226,-1.2757936910120122,-0.1362457744723713,-6.321333628062774,3509.0,2.0,4.0,4.0,4.0,4.0,4.0,4.0,4.0,4.0,4.0,4.0,4.0,4.0,4.0,4.0,100.0,,,,,,,,,,,,,,,,,,,,,,,,,,,,,,,,,,,,,,,
13703,1754692301.64844,106.8854639530182,1754692301.739917,6.0,0.0,3.0597219702956124,8.477639357940205,-1.2169270405645705,-2.8159057912037326,4.893762047808849,-3.824531193486365,3.48515491259488,-2.606368576012102,-4.99695390825471,-2.003366157449165,4.359540765972923,1.4415201225817498,-0.4167621140036601,-1.7429731174427443,3499.0,2.0,4.0,4.0,4.0,4.0,4.0,4.0,4.0,4.0,4.0,4.0,4.0,4.0,4.0,4.0,100.0,,,,,,,,,,,,,,,,,,,,,,,,,,,,,,,,,,,,,,,
13704,1754692301.656242,106.89326596260072,1754692301.74772,7.0,0.0,2.580361249258573,11.039773085421444,3.42491191429636,2.629219943124013,3.874619137728956,-5.291092448229932,-0.648656431293233,-6.370012301760283,-6.078003043442635,-6.6621548148787895,-1.644335096228673,3.153127435279572,0.6180705244647982,-1.3966951763751183,3499.0,2.0,4.0,4.0,4.0,4.0,4.0,4.0,4.0,4.0,4.0,4.0,4.0,4.0,4.0,4.0,100.0,,,,,,,,,,,,,,,,,,,,,,,,,,,,,,,,,,,,,,,
13705,1754692301.664045,106.90106916427612,1754692301.755423,8.0,0.0,-5.834386482146272,12.284051161083028,3.22040463456284,4.671909604408086,-1.61907315928687,-1.5725470417909833,-7.0124558700671855,-1.8234759401997849,7.790522301666044,-2.4321969242468526,-4.2535614156822135,1.0645925997733343,1.7460115255867663,1.4162843056015504,3605.0,2.0,4.0,4.0,4.0,4.0,4.0,4.0,4.0,4.0,4.0,4.0,4.0,4.0,4.0,4.0,100.0,0.5583869218826294,0.3515625,-0.60137939453125,0.45050048828125,0.9946441054344176,-0.2578164339065552,-0.0454108491539955,-51.14213943481445,-108.26581573486328,2.8412299156188965,,,,,,,,,,,,,,,,,,,,,,,,,,,,,
13706,1754692301.671849,106.90887308120728,1754692301.763226,9.0,0.0,-6.498740174741926,11.242299605476743,-2.7474269194824785,0.6230149359555242,-0.8404461886482579,4.822271732376265,-5.9520497344354055,0.2016901587319068,12.63979103862104,-3.438282312841949,0.1154017332603132,-1.8400726426350784,0.2035001445605928,4.284338778257478,3602.0,2.0,4.0,4.0,4.0,4.0,4.0,4.0,4.0,4.0,4.0,4.0,4.0,4.0,4.0,4.0,100.0,,,,,,,,,,,,,,,,,,,,,,,,,,,,,,,,,,,,,,,
13707,1754692301.679652,106.91667604446413,1754692301.77093,10.0,0.0,-2.8575677477882664,7.394567941108676,-6.482736126391842,0.7464902475704775,5.76922247802861,7.612869109413282,1.154798544474147,-0.2506389481899305,-0.9551018006817458,-5.239144391672085,2.006895416494558,-3.3910484907454475,0.7169378604863823,-0.5618135723656223,3611.0,2.0,4.0,4.0,4.0,4.0,4.0,4.0,4.0,4.0,4.0,4.0,4.0,4.0,4.0,4.0,100.0,,,,,,,,,,,,,,,,,,,,,,,,,,,,,,,,,,,,,,,
13708,1754692301.687455,106.92447900772096,1754692301.778733,11.0,0.0,-1.355169650542166,5.808297309162526,-4.021176005918505,-0.5442803874532274,6.3424524345007285,3.2279246227215026,1.7677812596728018,0.4819481668967,-10.393170106691969,-1.2276236638601858,-0.3595360196088677,-2.3245129356739653,4.979335281871954,-1.9910443278265573,3563.0,2.0,4.0,4.0,4.0,4.0,4.0,4.0,4.0,4.0,4.0,4.0,4.0,4.0,4.0,4.0,100.0,,,,,,,,,,,,,,,,,,,,,,,,,,,,,,,,,,,,,,,
13709,1754692301.695258,106.93228197097778,1754692301.786436,12.0,0.0,1.497678490144324,13.524164110974368,0.4258813518737838,-0.9343291139487632,-0.1763502548140536,-1.0791976867579365,-4.985124427576295,-1.38518153218439,-7.378044867483652,-0.8611854399753724,1.2366655412149044,-0.1091628877368862,8.948585335162704,8.169101003105595,3568.0,2.0,4.0,4.0,4.0,4.0,4.0,4.0,4.0,4.0,4.0,4.0,4.0,4.0,4.0,4.0,100.0,0.5588065385818481,0.35174560546875,-0.60247802734375,0.4483642578125,0.9726710915565492,-0.251468688249588,-0.0600595101714134,-52.63752365112305,-111.10704040527344,2.5421531200408936,,,,,,,,,,,,,,,,,,,,,,,,,,,,,
13710,1754692301.703061,106.9400851726532,1754692301.794239,13.0,0.0,0.2276613228928568,17.72461944818184,0.0860525871126469,1.5118863042458202,-1.465101422821533,-1.656545369981302,-8.377980938606413,-1.1847943732918225,-1.936122255135104,-1.3195209220452284,2.7578332966828043,-0.6140167927755442,4.72291910917653,5.262961550758575,3324.0,2.0,4.0,4.0,4.0,4.0,4.0,4.0,4.0,4.0,4.0,4.0,4.0,4.0,4.0,4.0,100.0,,,,,,,,,,,,,,,,,,,,,,,,,,,,,,,,,,,,,,,
13711,1754692301.710863,106.94788718223572,1754692301.801943,14.0,0.0,-3.4232419545738253,7.688123150407989,0.9180756402660676,0.9904133882086512,2.354064816041898,-2.8215597222916244,-2.457338240051797,2.7136215083123147,-1.029524393399754,4.619410476752762,2.145250191312641,-0.0993816800860827,-3.281724683730829,-7.538885378728139,3611.0,2.0,4.0,4.0,4.0,4.0,4.0,4.0,4.0,4.0,4.0,4.0,4.0,4.0,4.0,4.0,100.0,,,,,,,,,,,,,,,,,,,,,,,,,,,,,,,,,,,,,,,
13712,1754692301.718666,106.95569014549255,1754692301.809746,15.0,0.0,-1.4023227929856432,0.0684350321307363,4.732106703025664,0.088263579007588,1.1502258823747695,-2.802859180669685,1.2146867853661831,0.6320464924828855,-3.077773778200509,0.5400807974969837,1.2214320775137535,1.4234672843658416,-2.291415775873503,-6.314041411790669,3563.0,2.0,4.0,4.0,4.0,4.0,4.0,4.0,4.0,4.0,4.0,4.0,4.0,4.0,4.0,4.0,100.0,,,,,,,,,,,,,,,,,,,,,,,,,,,,,,,,,,,,,,,
13713,1754692301.72647,106.9634940624237,1754692301.817449,16.0,0.0,0.3074975692822477,0.6055536516170719,5.654977629286066,2.245568187223114,-3.900988034118484,0.1925241959840491,-0.7555132131540745,-4.094907495273048,-2.805938442810032,-10.784605249490426,3.518691475478306,2.633772548442437,3.1172231765551146,-2.4234644965848133,0.0,2.0,4.0,4.0,4.0,4.0,4.0,4.0,4.0,4.0,4.0,4.0,4.0,4.0,4.0,4.0,100.0,0.5594644546508789,0.35235595703125,-0.6036376953125,0.44549560546875,0.9970855116844176,-0.2285191118717193,-0.0561532005667686,-52.48798370361328,-110.20980834960938,2.9907681941986084,,,,,,,,,,,,,,,,,,,,,,,,,,,,,
13714,1754692301.734273,106.97129702568054,1754692301.8251522,17.0,0.0,-0.912463049312521,-3.454389105181292,3.5116840912900784,1.7548723832887276,-4.150671825000302,-0.3808969885376996,0.0885808528800566,0.4690026252719121,0.7725018044465628,-4.420031932758832,5.154217341896526,4.335026117400901,1.420465455318606,-3.2120630833556447,0.0,2.0,4.0,4.0,4.0,4.0,4.0,4.0,4.0,4.0,4.0,4.0,4.0,4.0,4.0,4.0,100.0,,,,,,,,,,,,,,,,,,,,,,,,,,,,,,,,,,,,,,,
13715,1754692301.742076,106.97909998893738,1754692301.832956,18.0,0.0,0.375197020592168,-10.520381153392918,0.7987662724317488,-2.935393863112949,-2.1681239794297653,-2.7093003021122968,2.9391004197759685,4.095405537394072,-1.272021194696208,5.279804846116804,2.608225470399248,3.936601518377756,-6.660268026610993,-0.5718437069608626,0.0,2.0,4.0,4.0,4.0,4.0,4.0,4.0,4.0,4.0,4.0,4.0,4.0,4.0,4.0,4.0,100.0,,,,,,,,,,,,,,,,,,,,,,,,,,,,,,,,,,,,,,,
13716,1754692301.749879,106.9869029521942,1754692301.8406591,19.0,0.0,0.8051308873654079,-11.772974252061545,-0.5306230946731603,-1.7351548400757792,-3.254300049861854,2.7899623757974723,4.6762283277838605,2.4059100496518795,-1.4681447660624372,1.941060436753446,0.3254491468136393,1.1110080055631215,-9.094401306080158,-0.4487257756842382,0.0,2.0,4.0,4.0,4.0,4.0,4.0,4.0,4.0,4.0,4.0,4.0,4.0,4.0,4.0,4.0,100.0,,,,,,,,,,,,,,,,,,,,,,,,,,,,,,,,,,,,,,,
13717,1754692301.757681,106.99470496177672,1754692301.848462,20.0,0.0,0.171264308648972,-12.056163156543278,-1.333540436747569,1.5558272651929317,-3.458301806765519,10.700974015757822,6.233501957572628,6.271386611247692,7.983062031321026,0.5391009290011084,-2.631396716732468,-1.0764555001700842,-4.670828566588568,-5.429202418501916,0.0,2.0,4.0,4.0,4.0,4.0,4.0,4.0,4.0,4.0,4.0,4.0,4.0,4.0,4.0,4.0,100.0,0.316736489534378,0.63214111328125,-0.30218505859375,0.63934326171875,1.0000152587890625,-0.211429014801979,-0.0688487067818641,-53.08613586425781,-107.2190399169922,3.887998819351196,,,,,,,,,,,,,,,,,,,,,,,,,,,,,
13718,1754692301.765484,107.00250816345216,1754692301.856265,21.0,0.0,-1.6934516105241642,-14.592561732790555,-3.0858831090038734,-0.8298364462637551,-4.23468515191081,6.962387921783545,5.153457493912981,9.255110217895153,10.864436324203496,4.323113692902723,-1.7792523531036863,-2.0117351198062465,-0.0764125481139785,-7.496114769891676,0.0,2.0,4.0,4.0,4.0,4.0,4.0,4.0,4.0,4.0,4.0,4.0,4.0,4.0,4.0,4.0,100.0,,,,,,,,,,,,,,,,,,,,,,,,,,,,,,,,,,,,,,,
13719,1754692301.773287,107.01031112670898,1754692301.863969,22.0,0.0,-1.8020652939452475,-11.960647722991212,-1.8216668601593256,-2.7265819584184783,-8.735745812755681,-0.2302776326708908,1.2396924192540837,4.939658224023901,6.620934621580204,4.330270620115812,5.921591147194363,-0.417027467881212,1.1311095046613673,-2.4300352893745867,0.0,2.0,4.0,4.0,4.0,4.0,4.0,4.0,4.0,4.0,4.0,4.0,4.0,4.0,4.0,4.0,100.0,,,,,,,,,,,,,,,,,,,,,,,,,,,,,,,,,,,,,,,
13720,1754692301.781091,107.01811504364014,1754692301.8716722,23.0,0.0,3.3126842485956445,-2.623345020161821,0.7038840797857233,-0.4895798315916977,-13.518595385321248,-1.2032816926463852,-1.4161633322116245,-1.263157357400985,4.554647635079448,0.7719938300813851,4.206210414034842,0.6870423382918602,-3.7312849664537566,2.209261965691724,0.0,2.0,4.0,4.0,4.0,4.0,4.0,4.0,4.0,4.0,4.0,4.0,4.0,4.0,4.0,4.0,100.0,,,,,,,,,,,,,,,,,,,,,,,,,,,,,,,,,,,,,,,
13721,1754692301.788894,107.02591800689696,1754692301.879475,24.0,0.0,8.911995314942772,0.2319798734736764,0.5366567951153343,0.085414189405867,-12.225147373001334,-3.0519743638312207,-0.2016838996561887,1.5672458926504191,3.2759480427269523,1.0658620346742396,-6.169081226478454,-0.2335005218321271,-11.302731843457366,4.454274417819136,0.0,2.0,4.0,4.0,4.0,4.0,4.0,4.0,4.0,4.0,4.0,4.0,4.0,4.0,4.0,4.0,100.0,0.3185822963714599,0.63372802734375,-0.30181884765625,0.63702392578125,0.9795071482658386,-0.2133821696043014,-0.0732433050870895,-51.88983154296875,-108.56488800048828,2.0935378074646,,,,,,,,,,,,,,,,,,,,,,,,,,,,,
13722,1754692301.796697,107.0337209701538,1754692301.887278,25.0,0.0,6.364828429285353,-3.478883652669083,1.870081508542171,-0.5242273694479991,-6.804392825475134,-6.188084974291996,3.5327396529469297,4.818526999432379,-1.449534383694754,1.004177132161658,-3.731636183903902,2.77728329606498,-5.796773093360343,5.891094765530397,0.0,2.0,4.0,4.0,4.0,4.0,4.0,4.0,4.0,4.0,4.0,4.0,4.0,4.0,4.0,4.0,100.0,,,,,,,,,,,,,,,,,,,,,,,,,,,,,,,,,,,,,,,
13723,1754692301.8045,107.04152417182922,1754692301.894982,26.0,0.0,1.0234673041485394,-2.245449833897624,3.990556046616689,0.4994276766946086,-10.333250817232624,-6.868314955301344,0.0433753607384232,-3.757544990717747,-4.000476000246749,-1.093748696429543,1.5399171328466537,4.807526408800072,4.212209546549616,5.696459311214198,0.0,2.0,4.0,4.0,4.0,4.0,4.0,4.0,4.0,4.0,4.0,4.0,4.0,4.0,4.0,4.0,100.0,,,,,,,,,,,,,,,,,,,,,,,,,,,,,,,,,,,,,,,
13724,1754692301.812302,107.04932618141174,1754692301.9026852,27.0,0.0,4.65245657628347,1.2128620210315546,3.133104414377698,0.617831947748158,-12.801005255362185,-3.697118074673568,-3.960466845360685,-6.872686127919138,-0.703670829043773,2.891617089096684,-2.118559154498058,0.5482091606787378,1.2488278396602652,3.806721343311523,0.0,2.0,4.0,4.0,4.0,4.0,4.0,4.0,4.0,4.0,4.0,4.0,4.0,4.0,4.0,4.0,100.0,,,,,,,,,,,,,,,,,,,,,,,,,,,,,,,,,,,,,,,
13725,1754692301.820105,107.05712914466858,1754692301.910488,28.0,0.0,8.139663224503579,-0.0872459891403423,-2.4970735842813383,-0.2971414459831294,-7.065680612466736,1.6379120576679045,1.158739429238608,-1.551089605357561,1.853300867700796,5.691010168420576,-0.6992821049408349,-2.0151932091854405,-3.0824221732208343,2.465088199871275,0.0,2.0,4.0,4.0,4.0,4.0,4.0,4.0,4.0,4.0,4.0,4.0,4.0,4.0,4.0,4.0,100.0,0.31997811794281,0.63519287109375,-0.3016357421875,0.63494873046875,0.991226077079773,-0.1904325932264328,-0.081055924296379,-51.14213943481445,-107.51811981201172,2.8412299156188965,,,,,,,,,,,,,,,,,,,,,,,,,,,,,
13726,1754692301.827909,107.06493306159972,1754692301.9181912,29.0,0.0,3.9718997622907466,-4.84231278384695,-7.534049129028602,-5.434698801144435,-3.738774261763496,1.569949367839314,6.194797013702015,-0.393620660195296,-0.5064165514273498,1.6498262653430231,1.9678137439699697,-1.5479210346462366,0.9991431308800712,3.894668759203256,0.0,2.0,4.0,4.0,4.0,4.0,4.0,4.0,4.0,4.0,4.0,4.0,4.0,4.0,4.0,4.0,100.0,,,,,,,,,,,,,,,,,,,,,,,,,,,,,,,,,,,,,,,
13727,1754692301.835712,107.07273602485655,1754692301.925995,30.0,0.0,2.58950373667264,-3.9579089018684783,-2.4557975033199284,-7.1001532139789845,-1.807522588902458,-0.5976324984590349,6.946630564699234,2.638237414860185,-0.6734929044592093,7.14990405667092,-2.9177462727343766,1.4715744148197416,-1.1648700712119364,4.741014710214103,0.0,2.0,4.0,4.0,4.0,4.0,4.0,4.0,4.0,4.0,4.0,4.0,4.0,4.0,4.0,4.0,100.0,,,,,,,,,,,,,,,,,,,,,,,,,,,,,,,,,,,,,,,
13728,1754692301.843515,107.0805389881134,1754692301.9336982,31.0,0.0,1.1339502508195096,-1.901603601374461,-0.5023197152103762,-3.102387495248365,-2.977225178601145,0.7037875882320463,3.185333947439688,4.294982911715181,3.929059391030535,9.969384378018333,-4.193663269518254,0.1634687104411227,-6.987634723016242,0.1946079982536162,0.0,2.0,4.0,4.0,4.0,4.0,4.0,4.0,4.0,4.0,4.0,4.0,4.0,4.0,4.0,4.0,100.0,,,,,,,,,,,,,,,,,,,,,,,,,,,,,,,,,,,,,,,
13729,1754692301.851318,107.08834195137024,1754692301.9415011,32.0,0.0,-1.495078745137164,1.9581750525030088,-1.206165679228036,1.687778325126544,-1.2151905990313594,4.483521542806955,0.8649525971213166,-0.6252358862989809,4.130239583956097,-3.467995168008713,2.885737566491514,-3.6559092295083815,0.0307649349446705,-2.887840732184088,0.0,2.0,4.0,4.0,4.0,4.0,4.0,4.0,4.0,4.0,4.0,4.0,4.0,4.0,4.0,4.0,100.0,0.3211097717285156,0.63641357421875,-0.30145263671875,0.63323974609375,0.9887846112251282,-0.181155115365982,-0.0917982757091522,-51.74029159545898,-108.41535186767578,2.691691398620605,,,,,,,,,,,,,,,,,,,,,,,,,,,,,
13730,1754692301.85912,107.09614396095276,1754692301.949204,33.0,0.0,-0.6815633279019266,3.142149265596913,3.0379579455540124,0.4624766865728134,5.473315761157323,0.6750979015056373,-0.2073970036279888,-2.139122811786251,-4.366410138975311,-10.147771435586378,-0.429656710814811,-2.1012871539641083,5.406679415018402,-0.7556283373236283,0.0,2.0,4.0,4.0,4.0,4.0,4.0,4.0,4.0,4.0,4.0,4.0,4.0,4.0,4.0,4.0,100.0,,,,,,,,,,,,,,,,,,,,,,,,,,,,,,,,,,,,,,,
13731,1754692301.866923,107.10394716262816,1754692301.957008,34.0,0.0,0.9545079107217304,2.6825606789804795,4.691187015601571,-3.322630837468097,4.6234053917375775,-2.5703497767629244,2.029154179003598,0.1023633357119422,-3.56510444880567,-0.6518356545950894,-5.815755871199855,0.8083215912390358,-1.8089669872706795,1.1368054019523868,0.0,2.0,4.0,4.0,4.0,4.0,4.0,4.0,4.0,4.0,4.0,4.0,4.0,4.0,4.0,4.0,100.0,,,,,,,,,,,,,,,,,,,,,,,,,,,,,,,,,,,,,,,
13732,1754692301.874726,107.111750125885,1754692301.9647112,35.0,0.0,-2.04055100713822,8.740726060404086,-0.7857140868400165,-1.5479855630051134,-3.630573838454893,4.774451491713535,0.5262248931362592,-0.2015844897027818,4.457871579615585,1.111797236547318,1.3146707901228183,-0.3083928581459076,-5.313927310432518,-0.1090159221125759,0.0,2.0,4.0,4.0,4.0,4.0,4.0,4.0,4.0,4.0,4.0,4.0,4.0,4.0,4.0,4.0,100.0,,,,,,,,,,,,,,,,,,,,,,,,,,,,,,,,,,,,,,,
13733,1754692301.88253,107.11955404281616,1754692301.9725142,36.0,0.0,-4.16213180904532,16.402972028263605,-1.2750824316446483,2.314519876290717,-2.9062489667146,6.50348528753176,-6.33364507950472,-2.23432189603335,0.3551382087305796,-8.760939936601233,3.9052878479777178,0.2995251135783405,2.548656087892425,0.8978140079005357,0.0,2.0,4.0,4.0,4.0,4.0,4.0,4.0,4.0,4.0,4.0,4.0,4.0,4.0,4.0,4.0,100.0,0.3221133947372436,0.6370849609375,-0.30126953125,0.63214111328125,0.9790188670158386,-0.1840848475694656,-0.0913099870085716,-50.99259948730469,-108.71442413330078,0.8972305059432983,,,,,,,,,,,,,,,,,,,,,,,,,,,,,
13734,1754692301.890333,107.127357006073,1754692301.9802182,37.0,0.0,-1.2951747915026317,20.464515203301744,3.5621642905862245,2.5789466751089094,0.0935654205118226,-1.326631911610093,-6.161209127411439,-6.790899433924096,-9.908728162386524,-15.5377559276003,-0.5532156973517885,3.101555141668996,7.095452082244947,4.005092761182368,0.0,2.0,4.0,4.0,4.0,4.0,4.0,4.0,4.0,4.0,4.0,4.0,4.0,4.0,4.0,4.0,100.0,,,,,,,,,,,,,,,,,,,,,,,,,,,,,,,,,,,,,,,
13735,1754692301.898136,107.13515996932983,1754692301.987921,38.0,0.0,2.9154452128634034,25.785564641270582,4.075606656195475,1.64497256125577,-2.960302876170146,-2.6150984269104924,-0.2966264067206907,-5.93551300437349,-4.254568356252378,-9.419984505094646,-0.9512349242539244,3.919496184856314,-0.3001184339785254,2.5629632939146063,0.0,2.0,4.0,4.0,4.0,4.0,4.0,4.0,4.0,4.0,4.0,4.0,4.0,4.0,4.0,4.0,100.0,,,,,,,,,,,,,,,,,,,,,,,,,,,,,,,,,,,,,,,
13736,1754692301.905939,107.14296317100523,1754692301.995724,39.0,0.0,-0.4972629794955878,31.945934722021377,2.6392214197313137,1.6878683883260803,0.5332564424962243,-0.0557757742676017,0.1270061319438014,0.0417087653859766,-0.4715153799624545,-5.5082696527687744,-4.217036729636618,2.7407877923515684,-4.306477035530577,-1.3652855944264388,0.0,2.0,4.0,4.0,4.0,4.0,4.0,4.0,4.0,4.0,4.0,4.0,4.0,4.0,4.0,4.0,100.0,,,,,,,,,,,,,,,,,,,,,,,,,,,,,,,,,,,,,,,
13737,1754692301.913741,107.15076518058775,1754692302.0035272,40.0,0.0,-3.873922874897687,29.4208647678866,0.7865998051570955,-0.4530328922023159,2.393052898546159,-1.01162032337146,-0.1123500310145004,0.7588488901888581,-6.0848298556124405,-11.168823796090637,-5.499233156829575,2.1315902236261195,2.2483547112347537,1.7738872025138903,0.0,2.0,4.0,4.0,4.0,4.0,4.0,4.0,4.0,4.0,4.0,4.0,4.0,4.0,4.0,4.0,100.0,0.3224068880081177,0.63726806640625,-0.30120849609375,0.6318359375,0.9834134578704834,-0.1884794384241104,-0.0751964598894119,-50.39444732666016,-108.56488800048828,2.5421531200408936,,,,,,,,,,,,,,,,,,,,,,,,,,,,,
13738,1754692301.921544,107.1585681438446,1754692302.0112312,41.0,0.0,-2.676033828453825,23.44021938746809,-2.1778026792066214,-3.292428623685652,-3.139528366461405,-1.3221412844949612,2.927889957639394,2.1814609509657146,1.8071827847007569,-8.009979491437576,1.3931676028515485,-0.0555227658732349,1.695800857494163,1.3353493129821743,0.0,2.0,4.0,4.0,4.0,4.0,4.0,4.0,4.0,4.0,4.0,4.0,4.0,4.0,4.0,4.0,100.0,,,,,,,,,,,,,,,,,,,,,,,,,,,,,,,,,,,,,,,
13739,1754692301.929347,107.16637110710144,1754692302.019034,42.0,0.0,-2.7891420269236846,28.55788399391957,-1.9147312154903489,1.1467988687051616,2.68206316788445,1.2011127731900046,1.8805519782642364,5.606191075095182,10.361506557155906,-2.112869944526949,-2.425862647299539,-0.4570629807270165,-4.873331707160162,-3.7662172098010274,0.0,2.0,4.0,4.0,4.0,4.0,4.0,4.0,4.0,4.0,4.0,4.0,4.0,4.0,4.0,4.0,100.0,,,,,,,,,,,,,,,,,,,,,,,,,,,,,,,,,,,,,,,
13740,1754692301.937151,107.1741750240326,1754692302.026737,43.0,0.0,-3.2340492016211613,33.37489311003159,2.358579078430779,6.397634107661219,9.629988265891228,3.1067206019377807,-0.3074351608712788,0.266639910771886,-1.952871491926232,-8.891038955272194,-11.199386100263524,-1.8333135540534893,-0.8845334717656499,-0.7537859125237958,0.0,2.0,4.0,4.0,4.0,4.0,4.0,4.0,4.0,4.0,4.0,4.0,4.0,4.0,4.0,4.0,100.0,,,,,,,,,,,,,,,,,,,,,,,,,,,,,,,,,,,,,,,
13741,1754692301.944954,107.18197798728944,1754692302.0345402,44.0,0.0,-1.1711374747418404,24.14402794650698,1.825745294362264,6.5533013657496895,1.9843079044477463,7.622264926653429,1.4668120670113467,-4.08219124432469,-13.001322916636012,-12.999884727114818,-5.312940919288735,-6.775112400064131,3.386114658812062,1.903289713721847,0.0,2.0,4.0,4.0,4.0,4.0,4.0,4.0,4.0,4.0,4.0,4.0,4.0,4.0,4.0,4.0,100.0,0.3228805363178253,0.6368408203125,-0.30096435546875,0.63214111328125,0.9970855116844176,-0.1962920576333999,-0.0854505226016044,-52.03936767578125,-108.11627197265624,0.8972305059432983,,,,,,,,,,,,,,,,,,,,,,,,,,,,,
13742,1754692301.952757,107.18978095054626,1754692302.042244,45.0,0.0,-0.3589965289101826,11.341791371055052,-2.0733875524437906,5.044098752790916,1.2112783754592158,10.067831452597176,1.0278610163050246,-0.3005586884682714,-2.5756317800496333,-5.642399949860163,0.0122424865290042,-4.115800853019181,0.1675567695376969,0.314004121991303,0.0,2.0,4.0,4.0,4.0,4.0,4.0,4.0,4.0,4.0,4.0,4.0,4.0,4.0,4.0,4.0,100.0,,,,,,,,,,,,,,,,,,,,,,,,,,,,,,,,,,,,,,,
13743,1754692301.960559,107.19758296012878,1754692302.0500472,46.0,0.0,-4.643544516984917,5.0765483869591606,-3.369911788167798,0.8554534716627984,10.23044334705591,3.489925842217957,0.4186498163195153,-0.7007678784183611,2.048465748497705,-4.5851184107067695,-5.21919569966613,1.7037004862255287,-1.9001415031572435,0.944551647037855,0.0,2.0,4.0,4.0,4.0,4.0,4.0,4.0,4.0,4.0,4.0,4.0,4.0,4.0,4.0,4.0,100.0,,,,,,,,,,,,,,,,,,,,,,,,,,,,,,,,,,,,,,,
13744,1754692301.968362,107.2053861618042,1754692302.05775,47.0,0.0,-4.407581103904789,-3.033568606840703,-1.1310477753951034,-0.2335807154578049,13.300615382116035,1.8884239665893856,2.3817154187326253,-1.2161396565371376,-1.748348998875457,-5.431988584357526,0.7565486118473075,2.721609845689187,1.9069693805478487,-0.2228248127190397,0.0,2.0,4.0,4.0,4.0,4.0,4.0,4.0,4.0,4.0,4.0,4.0,4.0,4.0,4.0,4.0,100.0,,,,,,,,,,,,,,,,,,,,,,,,,,,,,,,,,,,,,,,
13745,1754692301.976165,107.21318912506104,1754692302.0655532,48.0,0.0,-1.417591067833797,-15.219608551998732,0.7158503720441729,2.0598948546397366,11.348833948701524,3.267291693082683,-1.268598046171661,-2.458117224461745,-0.9230242958675774,-1.75671845821185,5.204961675502858,-0.1684993188879673,2.758685960288944,-6.886334913087609,0.0,2.0,4.0,4.0,4.0,4.0,4.0,4.0,4.0,4.0,4.0,4.0,4.0,4.0,4.0,4.0,100.0,0.3225271999835968,0.63641357421875,-0.30096435546875,0.63275146484375,0.9853665828704834,-0.2011749446392059,-0.0771496146917343,-51.14213943481445,-109.01350402832033,2.5421531200408936,,,,,,,,,,,,,,,,,,,,,,,,,,,,,
13746,1754692301.983968,107.22099208831789,1754692302.073257,49.0,0.0,0.4208439430466626,-18.10691867517707,3.50464348328606,3.946720630386068,16.663712134719304,3.938881010854317,-4.072879018653197,-4.380645314247971,-3.0505221033737087,0.2385224994558541,0.493760549152654,-0.0082699038985936,2.4739005509842684,-5.59568411177824,0.0,2.0,4.0,4.0,4.0,4.0,4.0,4.0,4.0,4.0,4.0,4.0,4.0,4.0,4.0,4.0,100.0,,,,,,,,,,,,,,,,,,,,,,,,,,,,,,,,,,,,,,,
13747,1754692301.991772,107.22879600524902,1754692302.0810602,50.0,0.0,0.2696726170936472,-22.39076917176294,2.0731067025396896,2.08136786961336,18.23641983367565,2.919732265699849,-2.430982659588836,-4.379625336033541,-7.182170539467506,-0.505492897072827,1.244871224197368,1.4671027638062242,0.486205640619346,-2.604483391594613,0.0,2.0,4.0,4.0,4.0,4.0,4.0,4.0,4.0,4.0,4.0,4.0,4.0,4.0,4.0,4.0,100.0,,,,,,,,,,,,,,,,,,,,,,,,,,,,,,,,,,,,,,,
13748,1754692301.999575,107.23659896850586,1754692302.088763,51.0,0.0,1.7805736058275556,-30.68939427460697,-2.071516571572886,1.8241923010613728,15.741879007482057,-1.7374090042326884,-2.662102472411391,-1.1528551398023978,-3.7552084055847104,3.324407755590471,6.4579540907429305,1.2840799106338068,0.4552647031513857,-0.3823298050661492,0.0,2.0,4.0,4.0,4.0,4.0,4.0,4.0,4.0,4.0,4.0,4.0,4.0,4.0,4.0,4.0,100.0,,,,,,,,,,,83.33333587646484,4.0,27.98527908325196,4.0,31.92641258239746,4.0,20.51258087158203,4.0,26.3950424194336,4.0,16.771074295043945,4.0,20.685518264770508,3.0,27.44451332092285,3.0,27.65034484863281,4.0,20.06078720092773,4.0,28.996936798095703,4.0,31.14472007751465,4.0,18.541034698486328,4.0,28.3540153503418,4.0,29.437366485595703
13749,1754692302.007378,107.24440217018127,1754692302.096466,52.0,0.0,2.0366097571370574,-33.76314256844694,-4.491552775572245,-3.185420666285381,11.329056064589397,-6.137347274610647,-6.589023073883027,-0.3232277117156172,2.38133408168801,8.32504995914519,3.517308555901081,-2.109463857121,5.344349278508616,2.1744126159680945,0.0,2.0,4.0,4.0,4.0,4.0,4.0,4.0,4.0,4.0,4.0,4.0,4.0,4.0,4.0,4.0,100.0,0.322583943605423,0.63580322265625,-0.30078125,0.6334228515625,0.9975737929344176,-0.1977569311857223,-0.0576180666685104,-50.99259948730469,-107.66765594482422,2.24307632446289,,,,,,,,,,,,,,,,,,,,,,,,,,,,,
13750,1754692302.01518,107.2522041797638,1754692302.10427,53.0,0.0,-3.2476096672938297,-33.429386389348394,-2.8951500208075345,-7.568376722786809,9.649132122613707,-3.535829229051444,-3.272321498566555,2.3695678567971186,6.156502309752511,11.79798883050097,1.333661848500185,-2.4193365200983976,9.627124562743743,1.9746856917165017,0.0,2.0,4.0,4.0,4.0,4.0,4.0,4.0,4.0,4.0,4.0,4.0,4.0,4.0,4.0,4.0,100.0,,,,,,,,,,,,,,,,,,,,,,,,,,,,,,,,,,,,,,,
13751,1754692302.022983,107.26000714302064,1754692302.111973,54.0,0.0,-8.84178021891401,-37.990538535592606,-5.422137753408407,-7.834903302668664,9.60449701575746,-3.2539349321280326,2.8564010235106423,2.745592150064766,1.5220961941683695,5.183749513975016,1.8580887830632664,-0.7466425844975504,2.3871832037548018,0.909754938982786,0.0,2.0,4.0,4.0,4.0,4.0,4.0,4.0,4.0,4.0,4.0,4.0,4.0,4.0,4.0,4.0,100.0,,,,,,,,,,,,,,,,,,,,,,,,,,,,,,,,,,,,,,,
13752,1754692302.030786,107.26781010627748,1754692302.119676,55.0,0.0,-4.395552315432354,-35.594106772337994,-6.615772710290543,-4.085307504432961,10.596775591107331,-4.57889841814594,4.394763886491461,4.197107377429262,-0.5918463567232664,2.352528394130701,3.5625676000630904,1.266220299971252,-1.3023696443054575,3.1937595267289964,0.0,2.0,4.0,4.0,4.0,4.0,4.0,4.0,4.0,4.0,4.0,4.0,4.0,4.0,4.0,4.0,100.0,,,,,,,,,,,,,,,,,,,,,,,,,,,,,,,,,,,,,,,
13753,1754692302.038589,107.2756130695343,1754692302.127479,56.0,0.0,0.137947677623373,-28.768614092191825,-5.932416287538132,-2.912647269593805,6.133384040735649,-5.099680818258918,-1.796205891721371,2.2746189548080054,2.0345833170600542,6.458817914284822,3.4163279342993462,-0.7189873167803,0.6467765886280574,0.3339139399759858,0.0,2.0,4.0,4.0,4.0,4.0,4.0,4.0,4.0,4.0,4.0,4.0,4.0,4.0,4.0,4.0,100.0,0.5609877109527588,0.35552978515625,-0.606689453125,0.43682861328125,1.0005035400390625,-0.2202182114124298,-0.058106355369091,-52.63752365112305,-108.56488800048828,3.5889220237731934,,,,,,,,,,,,,,,,,,,,,,,,,,,,,
13754,1754692302.046393,107.28341698646544,1754692302.135283,57.0,0.0,1.6138277066780518,-25.113943905858747,-2.1697519917997,-2.4432535082382003,2.5964923279949232,-3.9018354786561815,-2.992402393519484,-0.1867146415123954,2.705913221570512,9.339138525184438,6.095714485899492,-0.0371185606612982,-1.9022889030590304,2.5288075705976496,0.0,2.0,4.0,4.0,4.0,4.0,4.0,4.0,4.0,4.0,4.0,4.0,4.0,4.0,4.0,4.0,100.0,,,,,,,,,,,,,,,,,,,,,,,,,,,,,,,,,,,,,,,
13755,1754692302.054196,107.29121994972228,1754692302.142986,58.0,0.0,3.081453582867596,-18.32654423762375,1.813637216139739,-1.2521748188383413,2.5919628935243395,-5.380231193572911,-2.8545546670166573,-0.2522081899383579,-4.7832380060663695,6.137003663442044,4.691281629743969,1.6551219893280518,-5.929826207193457,7.858190259365472,0.0,2.0,4.0,4.0,4.0,4.0,4.0,4.0,4.0,4.0,4.0,4.0,4.0,4.0,4.0,4.0,100.0,,,,,,,,,,,,,,,,,,,,,,,,,,,,,,,,,,,,,,,
13756,1754692302.061998,107.2990219593048,1754692302.1506891,59.0,0.0,5.91451123945015,-6.829715580363626,3.450450204410828,2.7393926168026894,2.266888189403545,-5.736302667725539,-6.398925428511319,-3.016379247378353,-5.561281037408861,1.928923702538924,-0.4676077373771647,3.0660450296684587,-0.9559815162492384,5.4534130385721085,0.0,2.0,4.0,4.0,4.0,4.0,4.0,4.0,4.0,4.0,4.0,4.0,4.0,4.0,4.0,4.0,100.0,,,,,,,,,,,,,,,,,,,,,,,,,,,,,,,,,,,,,,,
13757,1754692302.069801,107.30682516098022,1754692302.158492,60.0,0.0,3.668933145300798,-5.1615361998369735,0.8123740736173204,5.274440683638204,-1.016455324848721,-6.727757089037823,-6.790521931990952,-7.727484092935356,1.7675426981936653,-0.4145796936122679,3.1955514470478192,1.3927657355434349,4.2259289569065,-0.5756627361042774,0.0,2.0,4.0,4.0,4.0,4.0,4.0,4.0,4.0,4.0,4.0,4.0,4.0,4.0,4.0,4.0,100.0,0.5612998604774475,0.35540771484375,-0.60638427734375,0.43695068359375,0.990737795829773,-0.2099641412496566,-0.0717784389853477,-47.85229110717773,-108.71442413330078,0.8972305059432983,,,,,,,,,,,,,,,,,,,,,,,,,,,,,
13758,1754692302.077604,107.31462812423706,1754692302.166296,61.0,0.0,1.616449136382073,-5.164790730010225,2.1378198469747645,8.146784660413289,-4.702978137791831,-2.155263149538712,-3.2685768559153416,-4.635940895000601,4.141800109578583,-0.2544822599065242,14.171507356742552,0.1931696172928809,6.0747375697736175,-2.4109164448677234,0.0,2.0,4.0,4.0,4.0,4.0,4.0,4.0,4.0,4.0,4.0,4.0,4.0,4.0,4.0,4.0,100.0,,,,,,,,,,,,,,,,,,,,,,,,,,,,,,,,,,,,,,,
13759,1754692302.085407,107.3224310874939,1754692302.173999,62.0,0.0,1.243074004891923,-2.817325103171015,3.080029433208665,6.775742870837121,-9.833629892469844,0.8728810629788768,-2.926182480583748,-1.0958161892815497,0.6199847085415513,-0.507926739660661,6.773542581850734,-1.3949011775077906,5.545517009614741,-5.785113477719051,0.0,2.0,4.0,4.0,4.0,4.0,4.0,4.0,4.0,4.0,4.0,4.0,4.0,4.0,4.0,4.0,100.0,,,,,,,,,,,,,,,,,,,,,,,,,,,,,,,,,,,,,,,
13760,1754692302.09321,107.33023405075072,1754692302.181802,63.0,0.0,1.3516308474350467,0.9936217457307636,1.2155244831652112,3.935776255221356,-7.713764066831061,-0.0300156627644696,0.1745818298928156,-1.412272399045321,1.4596366002984382,-0.9726688075642757,-3.722999771509365,-3.028202033860396,2.3712970381976106,-1.3204020368497709,0.0,2.0,4.0,4.0,4.0,4.0,4.0,4.0,4.0,4.0,4.0,4.0,4.0,4.0,4.0,4.0,100.0,,,,,,,,,,,,,,,,,,,,,,,,,,,,,,,,,,,,,,,
13761,1754692302.101014,107.33803796768188,1754692302.189505,64.0,0.0,1.1359622200490094,2.487272468984997,1.4428631322676893,3.802805183559144,-3.5081440889661053,-0.2095924135054474,2.974376236286957,-0.859383362904623,0.2930561464728498,-1.3843617405185569,-2.9058164508459186,-3.505204376165125,-7.518742918901012,5.32944236709011,3337.0,2.0,4.0,4.0,4.0,4.0,4.0,4.0,4.0,4.0,4.0,4.0,4.0,4.0,4.0,4.0,100.0,0.5610007047653198,0.355712890625,-0.60626220703125,0.437255859375,0.9956206679344176,-0.2006866633892059,-0.0644541084766388,-49.34767532348633,-108.11627197265624,2.24307632446289,,,,,,,,,,,,,,,,,,,,,,,,,,,,,
13762,1754692302.108817,107.3458411693573,1754692302.197309,65.0,0.0,1.2754370389146743,2.02134598817554,4.308684629128379,2.9028809729524028,-5.055639971427922,-0.8257247580828562,-0.0384144209348278,0.902513048259948,-3.525032660614784,0.0104393212071727,-4.784775068548356,0.1794364430751329,-11.578741686250282,3.34043159392138,3520.0,2.0,4.0,4.0,4.0,4.0,4.0,4.0,4.0,4.0,4.0,4.0,4.0,4.0,4.0,4.0,100.0,,,,,,,,,,,,,,,,,,,,,,,,,,,,,,,,,,,,,,,
13763,1754692302.116619,107.35364317893982,1754692302.205012,66.0,0.0,2.346542868011511,3.802480636160453,2.568766862593748,-0.7432309743712722,-5.790591805658096,-0.5179978135797683,0.3389676658293865,0.4269944790048612,-3.2874733513654064,-0.2246867229687268,-4.772174973456458,2.9629616279448783,-3.771322563546846,1.660883849439415,3501.0,2.0,4.0,4.0,4.0,4.0,4.0,4.0,4.0,4.0,4.0,4.0,4.0,4.0,4.0,4.0,100.0,,,,,,,,,,,,,,,,,,,,,,,,,,,,,,,,,,,,,,,
13764,1754692302.124422,107.36144614219666,1754692302.212815,67.0,0.0,1.595077054610357,6.679343162221613,0.6295781168521728,-1.4480549580250397,-4.26039424317716,-0.0538370721094167,2.073857146912616,-0.299238812782022,-2.1724657674210164,-0.1156961655298971,-2.7646545980057624,-0.3215460001949566,0.3642900374993871,1.2445048542897723,3625.0,2.0,4.0,4.0,4.0,4.0,4.0,4.0,4.0,4.0,4.0,4.0,4.0,4.0,4.0,4.0,100.0,,,,,,,,,,,,,,,,,,,,,,,,,,,,,,,,,,,,,,,
13765,1754692302.132225,107.36924910545348,1754692302.220518,68.0,0.0,0.2066596203137578,10.068484439476606,2.5246766699176533,0.5084695665516392,-5.133955965530049,-0.3916249951118971,1.166699288708287,-1.093302310424633,-0.0487392979755441,0.2853429984277227,-1.1286512442700314,0.6020171327697881,-2.7691371443547723,-0.0688227145508335,3623.0,2.0,4.0,4.0,4.0,4.0,4.0,4.0,4.0,4.0,4.0,4.0,4.0,4.0,4.0,4.0,100.0,0.5620642304420471,0.3555908203125,-0.60614013671875,0.4361572265625,0.992202639579773,-0.1943389028310775,-0.0639658197760582,-51.44121551513672,-109.31258392333984,1.794461011886597,,,,,,,,,,,,,,,,,,,,,,,,,,,,,
13766,1754692302.140028,107.37705206871031,1754692302.228322,69.0,0.0,-3.6601859298686463,14.66429484610518,1.7993601522355789,0.8394227157262435,-7.788534285812318,-0.4864192784440888,0.4530340259000809,-1.33524300928201,4.143198867242347,-3.2520819108760293,5.275030871464253,3.786298444322995,-3.355674110688767,-1.80437113958277,3515.0,2.0,4.0,4.0,4.0,4.0,4.0,4.0,4.0,4.0,4.0,4.0,4.0,4.0,4.0,4.0,100.0,,,,,,,,,,,,,,,,,,,,,,,,,,,,,,,,,,,,,,,
13767,1754692302.147831,107.38485503196716,1754692302.236025,70.0,0.0,-5.734555117578765,18.0349414109094,-1.0664267117501538,2.8088956629378856,-10.902119441156373,1.7822870758448346,-1.841633539632511,1.2517665279822552,5.353950402364518,-1.1503253354432843,7.132151825048624,-0.0522563957522095,-1.7323072841868168,-4.253164654478695,3498.0,2.0,4.0,4.0,4.0,4.0,4.0,4.0,4.0,4.0,4.0,4.0,4.0,4.0,4.0,4.0,100.0,,,,,,,,,,,,,,,,,,,,,,,,,,,,,,,,,,,,,,,
13768,1754692302.155635,107.3926591873169,1754692302.243828,71.0,0.0,-2.621248061088324,13.613315087339371,-2.26570299767846,2.1737350450967767,-13.22872484935388,3.479062951483769,-2.234416101332414,3.123867916635021,3.796616937429548,9.480926648289454,-0.7655507647126853,-3.217099155081911,-0.8897479884036841,-5.423050701081962,3513.0,2.0,4.0,4.0,4.0,4.0,4.0,4.0,4.0,4.0,4.0,4.0,4.0,4.0,4.0,4.0,100.0,,,,,,,,,,,,,,,,,,,,,,,,,,,,,,,,,,,,,,,
13769,1754692302.163437,107.40046095848083,1754692302.2515311,72.0,0.0,1.510359118365841,6.479581257106702,-2.2128759766244457,-0.740864659387853,-10.346176941459134,0.674774534256585,0.4450342088073284,-0.660781011174322,1.9184217283484488,9.807898167632402,-5.652821104846453,-6.0566801266759285e-05,0.984414352558133,-2.562909963350421,3603.0,2.0,4.0,4.0,4.0,4.0,4.0,4.0,4.0,4.0,4.0,4.0,4.0,4.0,4.0,4.0,100.0,0.5627333521842957,0.355712890625,-0.60601806640625,0.43536376953125,0.9965972304344176,-0.1875028610229492,-0.060547798871994,-52.63752365112305,-107.2190399169922,1.3458456993103027,,,,,,,,,,,,,,,,,,,,,,,,,,,,,
13770,1754692302.17124,107.40826416015624,1754692302.2592351,73.0,0.0,4.977760161469291,4.641696075526511,0.2853734419710463,2.171683172807775,-6.187711206447943,-1.850124770690286,1.8225039981513191,-2.814848746423536,-1.121979559424176,2.959319236918532,-3.6006261839928584,2.4532240246841184,-2.9870708729228,-0.9458315610762612,3632.0,2.0,4.0,4.0,4.0,4.0,4.0,4.0,4.0,4.0,4.0,4.0,4.0,4.0,4.0,4.0,100.0,,,,,,,,,,,,,,,,,,,,,,,,,,,,,,,,,,,,,,,
13771,1754692302.179043,107.41606712341309,1754692302.267038,74.0,0.0,6.182578120684411,0.4532093773823362,1.8716444556421263,1.1612538166027662,-7.46613803159471,-4.947652272551295,0.2718534400009957,4.023413876761879,-3.0138153793182028,4.716674356035583,-1.742027147425688,0.6323358946519875,-10.977890704573838,0.3655455424636784,3620.0,2.0,4.0,4.0,4.0,4.0,4.0,4.0,4.0,4.0,4.0,4.0,4.0,4.0,4.0,4.0,100.0,,,,,,,,,,,,,,,,,,,,,,,,,,,,,,,,,,,,,,,
13772,1754692302.186846,107.42387008666992,1754692302.2747412,75.0,0.0,5.088149916969769,-2.3234324679585825,0.6057476187882003,-2.000093072635764,-7.383549944923516,-4.99786319163718,1.640098956693464,7.320659442736314,-1.9265060832278773,5.150575612107559,-0.1920207336750081,0.1151430866063947,-6.729294169419745,4.081062695409173,3566.0,2.0,4.0,4.0,4.0,4.0,4.0,4.0,4.0,4.0,4.0,4.0,4.0,4.0,4.0,4.0,100.0,,,,,,,,,,,,,,,,,,,,,,,,,,,,,,,,,,,,,,,
13773,1754692302.194649,107.43167304992676,1754692302.282544,76.0,0.0,2.5019508676867304,-0.4908069400341333,-0.4334865139477983,1.3810452414007273,-3.5466768601892795,0.303591185833568,4.286589849347195,1.0484963634269775,-0.9469538009886378,-4.237176622784034,-1.779524452940393,-1.0125213998573486,0.2841177711268869,1.2475633344404855,3567.0,2.0,4.0,4.0,4.0,4.0,4.0,4.0,4.0,4.0,4.0,4.0,4.0,4.0,4.0,4.0,100.0,0.5634861588478088,0.35577392578125,-0.60589599609375,0.43450927734375,0.9853665828704834,-0.1796902418136596,-0.0634775310754776,-52.63752365112305,-107.51811981201172,2.5421531200408936,,,,,,,,,,,,,,,,,,,,,,,,,,,,,
13774,1754692302.202452,107.4394760131836,1754692302.2902482,77.0,0.0,-0.0383617609906252,-1.9908565743627664,-1.0941220869632673,3.073988935067831,-1.3327271696608989,2.669548309336591,2.071785041406514,2.6416848969305136,2.8582438900192244,-5.557867884459625,-0.6813766824590459,-2.550600742882267,0.423974336099576,-2.699808864014045,3324.0,2.0,4.0,4.0,4.0,4.0,4.0,4.0,4.0,4.0,4.0,4.0,4.0,4.0,4.0,4.0,100.0,,,,,,,,,,,,,,,,,,,,,,,,,,,,,,,,,,,,,,,
13775,1754692302.210256,107.44728016853333,1754692302.298051,78.0,0.0,-1.3351693431996807,-4.5445967862470695,-2.774615082428312,-2.4684253255610145,-2.909392042393023,-0.769015575082534,-1.1921025523834885,6.51684638105408,5.967183090485747,2.887705216491128,3.2012150126401195,0.1535395190302608,2.0166334799934305,0.7068345807118988,3620.0,2.0,4.0,4.0,4.0,4.0,4.0,4.0,4.0,4.0,4.0,4.0,4.0,4.0,4.0,4.0,100.0,,,,,,,,,,,,,,,,,,,,,,,,,,,,,,,,,,,,,,,
13776,1754692302.218058,107.45508217811584,1754692302.3057542,79.0,0.0,-2.226283644168064,-3.2779304228973274,-3.3191880937250176,-5.464406801764483,-4.0845875740281485,0.9964176113696226,1.661346293631766,0.7514509571844314,1.964492647530904,5.331705413785755,-1.7311075766309043,2.4043605766589167,3.475703025608197,1.861614133979572,3566.0,2.0,4.0,4.0,4.0,4.0,4.0,4.0,4.0,4.0,4.0,4.0,4.0,4.0,4.0,4.0,100.0,,,,,,,,,,,,,,,,,,,,,,,,,,,,,,,,,,,,,,,
13777,1754692302.225861,107.46288514137268,1754692302.3135571,80.0,0.0,-2.923630829006669,-2.0699947086993404,0.3266563155928281,-3.75526122224457,-1.756262393306514,4.238939536286836,4.437466033195761,2.5527269468846328,5.178938997268489,2.900434138408656,-4.533702926726363,0.6346405447573318,-0.5522358567081653,-2.0359649869294287,3567.0,2.0,4.0,4.0,4.0,4.0,4.0,4.0,4.0,4.0,4.0,4.0,4.0,4.0,4.0,4.0,100.0,0.5636799931526184,0.35595703125,-0.60565185546875,0.4344482421875,1.005874752998352,-0.1743190735578537,-0.0659189745783805,-51.14213943481445,-107.51811981201172,1.3458456993103027,,,,,,,,,,,,,,,,,,,,,,,,,,,,,
13778,1754692302.233664,107.47068810462952,1754692302.3212612,81.0,0.0,-3.770862088931551,-2.8293708156283515,2.12096146197024,-3.928411091498617,1.9122761915724027,1.0354066440095837,1.2584604078220425,6.681844961004174,9.769453396113532,-0.0798733788259937,-2.0070439795962898,0.0302127218420196,-1.6587528463136891,-0.4906857605100754,3324.0,2.0,4.0,4.0,4.0,4.0,4.0,4.0,4.0,4.0,4.0,4.0,4.0,4.0,4.0,4.0,100.0,,,,,,,,,,,,,,,,,,,,,,,,,,,,,,,,,,,,,,,
13779,1754692302.241467,107.47849106788637,1754692302.329064,82.0,0.0,-3.801374332436296,-2.721154303964284,0.3580466348794857,-0.4984763596684729,8.514092901076822,6.550518510730001,5.85977100621318,0.7077655458024878,-0.877313336106397,-5.187854134516272,0.266469305492194,0.595084853944229,-1.1674905844292311,0.6159139400857043,3620.0,2.0,4.0,4.0,4.0,4.0,4.0,4.0,4.0,4.0,4.0,4.0,4.0,4.0,4.0,4.0,100.0,,,,,,,,,,,,,,,,,,,,,,,,,,,,,,,,,,,,,,,
13780,1754692302.24927,107.4862940311432,1754692302.336767,83.0,0.0,-1.33039958585141,-3.1710066594637283,0.0293002020503081,4.105000781761191,16.152928981805417,15.111529044010696,14.724693510003815,2.064686364366935,-6.513464231240505,-2.7265485981247366,0.990910493683714,-2.67498946928572,-6.014790337752174,-0.457960188600282,3566.0,2.0,4.0,4.0,4.0,4.0,4.0,4.0,4.0,4.0,4.0,4.0,4.0,4.0,4.0,4.0,100.0,,,,,,,,,,,,,,,,,,,,,,,,,,,,,,,,,,,,,,,
13781,1754692302.257073,107.49409699440002,1754692302.3445702,84.0,0.0,-0.9118253541002446,-5.826926910612372,-1.1791305606340643,1.9857889114107927,12.112323081237092,6.492487924529826,7.402258169420577,2.178844787020637,-0.2135548492703378,0.0978500435933824,-1.3434633610751805,-4.77016603282226,-5.1960962971595,-0.6145096169449857,3567.0,2.0,4.0,4.0,4.0,4.0,4.0,4.0,4.0,4.0,4.0,4.0,4.0,4.0,4.0,4.0,100.0,0.5629348754882812,0.3560791015625,-0.6058349609375,0.43505859375,1.0005035400390625,-0.2041046768426895,-0.0698252841830253,-52.03936767578125,-108.41535186767578,2.691691398620605,,,,,,,,,,,,,,,,,,,,,,,,,,,,,
13782,1754692302.264876,107.50189995765686,1754692302.3522742,85.0,0.0,-2.807357864792096,-0.0897479144567228,1.6833449187058136,4.52702767857653,6.339585595622964,0.8466156940295946,-3.39788879343206,-6.467905624607568,3.945384307365373,-2.951781029855568,-0.8483358034189337,-0.1458416459911973,7.905971386294311,-2.584061691441832,3324.0,2.0,4.0,4.0,4.0,4.0,4.0,4.0,4.0,4.0,4.0,4.0,4.0,4.0,4.0,4.0,100.0,,,,,,,,,,,,,,,,,,,,,,,,,,,,,,,,,,,,,,,
13783,1754692302.272679,107.50970315933228,1754692302.3600771,86.0,0.0,-6.508644484452816,-0.700717922491549,1.3383245058789726,4.2530645224696855,5.144405066684158,3.335291496739956,-4.497715402411814,-6.732540165425689,1.6032463555561662,-4.196621529593358,2.30752774817438,-0.012916371344545,9.056829199672393,-3.674134282920022,3620.0,2.0,4.0,4.0,4.0,4.0,4.0,4.0,4.0,4.0,4.0,4.0,4.0,4.0,4.0,4.0,100.0,,,,,,,,,,,,,,,,,,,,,,,,,,,,,,,,,,,,,,,
13784,1754692302.280482,107.51750612258913,1754692302.36778,87.0,0.0,-2.9239679281662347,-7.772597695496529,-3.51030843814749,-2.372314731037364,4.329274596093569,1.4781726578190728,-1.4170496341838543,0.3041994469359679,0.6793160620028402,1.0210049601238325,7.534332949107579,-0.0868773479386391,0.6299324517736977,1.2417887923235185,3566.0,2.0,4.0,4.0,4.0,4.0,4.0,4.0,4.0,4.0,4.0,4.0,4.0,4.0,4.0,4.0,100.0,,,,,,,,,,,,,,,,,,,,,,,,,,,,,,,,,,,,,,,
13785,1754692302.288285,107.52530908584596,1754692302.3755832,88.0,0.0,3.060647526837272,-5.763256784755924,-2.486988371043992,-4.38364879015495,5.637355068863542,-0.1504034069599242,-0.6443978317907408,-2.021941766684052,-4.077761673532734,0.1671529776098737,5.346873563077168,4.139247417433978,-2.063316545402415,4.6753540392882655,3567.0,2.0,4.0,4.0,4.0,4.0,4.0,4.0,4.0,4.0,4.0,4.0,4.0,4.0,4.0,4.0,100.0,0.3225091397762298,0.6357421875,-0.30047607421875,0.6336669921875,1.0180819034576416,-0.2016632407903671,-0.0737315937876701,-51.88983154296875,-107.51811981201172,3.1403067111968994,,,,,,,,,,,,,,,,,,,,,,,,,,,,,
13786,1754692302.296088,107.53311204910278,1754692302.3832872,89.0,0.0,0.8102716508409173,1.2730993040512146,2.2967196069474483,-1.920266649049296,9.160530781194067,2.5841263374075822,2.225655933906495,-3.3121600363580512,-5.649791811813572,-3.700362858158911,-3.806526788784737,2.059199951643535,-1.6118501655663806,0.4760500105315657,3324.0,2.0,4.0,4.0,4.0,4.0,4.0,4.0,4.0,4.0,4.0,4.0,4.0,4.0,4.0,4.0,100.0,,,,,,,,,,,,,,,,,,,,,,,,,,,,,,,,,,,,,,,
13787,1754692302.303891,107.54091501235962,1754692302.39099,90.0,0.0,-3.0939079140637773,2.8205358698753,0.1035088296804929,0.6277538403725771,6.540298221930868,0.6579307790513553,5.586063523225391,1.2382124119951072,-1.2560243280007055,-0.6415611638970518,-5.298330213694783,-3.293392264992974,1.611682155891856,-2.341502525093631,3620.0,2.0,4.0,4.0,4.0,4.0,4.0,4.0,4.0,4.0,4.0,4.0,4.0,4.0,4.0,4.0,100.0,,,,,,,,,,,,,,,,,,,,,,,,,,,,,,,,,,,,,,,
13788,1754692302.311694,107.54871797561646,1754692302.398793,91.0,0.0,-3.515346329998863,3.696115923000491,-2.2141034902051047,1.7940064729178289,-0.8732679728249764,-4.553470463822521,1.6787081660918943,-0.1087070324865067,-1.4126677370394989,-0.4747327294571164,3.455185370080073,-1.0807825777941955,6.159483655590577,0.4774434105925706,3566.0,2.0,4.0,4.0,4.0,4.0,4.0,4.0,4.0,4.0,4.0,4.0,4.0,4.0,4.0,4.0,100.0,,,,,,,,,,,,,,,,,,,,,,,,,,,,,,,,,,,,,,,
13789,1754692302.319497,107.55652117729188,1754692302.406497,92.0,0.0,0.8041477755561743,8.743484247436953,-0.3249679762677999,0.6537048406682686,1.221413947995842,-7.654863707587339,-5.810997483262128,-3.165674994478451,-4.891950537102986,-2.3796292635190923,5.808282037188945,3.1605749232696496,1.5378432725696882,1.65316239747537,3567.0,2.0,4.0,4.0,4.0,4.0,4.0,4.0,4.0,4.0,4.0,4.0,4.0,4.0,4.0,4.0,100.0,0.3228681981563568,0.63580322265625,-0.30047607421875,0.6334228515625,0.9990386962890624,-0.2182650566101074,-0.0649423971772193,-50.69352340698242,-107.81719970703124,1.794461011886597,,,,,,,,,,,,,,,,,,,,,,,,,,,,,
13790,1754692302.3273,107.5643241405487,1754692302.4143,93.0,0.0,6.522295592109856,12.219517663667318,-0.1866350512096346,-1.0995706599761093,5.61114381989222,-10.253213137663865,-6.089414769353482,-2.877437505749697,-6.030840873316777,1.6162609894294633,-1.093112600342522,2.6487657306087726,-2.3163799246086114,3.308109021848338,3324.0,2.0,4.0,4.0,4.0,4.0,4.0,4.0,4.0,4.0,4.0,4.0,4.0,4.0,4.0,4.0,100.0,,,,,,,,,,,,,,,,,,,,,,,,,,,,,,,,,,,,,,,
13791,1754692302.335103,107.57212710380554,1754692302.422003,94.0,0.0,5.899482759719149,13.384091178412064,1.6235603706925303,-0.7012409434598794,0.7242673008443035,-9.135172845992429,-3.709319276581255,-3.3350398744712493,-5.599982412214786,0.0375917184458103,-1.434126566058012,0.223206695638737,2.8617812983677595,4.085349749353782,3620.0,2.0,4.0,4.0,4.0,4.0,4.0,4.0,4.0,4.0,4.0,4.0,4.0,4.0,4.0,4.0,100.0,,,,,,,,,,,,,,,,,,,,,,,,,,,,,,,,,,,,,,,
13792,1754692302.342906,107.57993006706238,1754692302.429806,95.0,0.0,3.97125276954182,11.235870600560132,3.2753835645925164,0.2885549803812637,-4.032517245119493,-4.819906555272723,-5.442589674282431,-3.081864260133557,-5.471075460741417,-1.876855791217281,2.880304189336925,1.9466802475170653,1.0300671749640742,2.8456307042710023,3566.0,2.0,4.0,4.0,4.0,4.0,4.0,4.0,4.0,4.0,4.0,4.0,4.0,4.0,4.0,4.0,100.0,,,,,,,,,,,,,,,,,,,,,,,,,,,,,,,,,,,,,,,
13793,1754692302.350709,107.5877330303192,1754692302.43751,96.0,0.0,6.729565169931703,14.194799022514218,-0.9110112456193916,2.891017290922065,-3.9667453473791454,-1.8079599422846684,-5.734241215882065,-0.6812116446592142,-4.643676655843336,1.693427019354914,5.439203180118312,2.405962632104348,-3.08209766540719,-0.5081264444108626,3567.0,2.0,4.0,4.0,4.0,4.0,4.0,4.0,4.0,4.0,4.0,4.0,4.0,4.0,4.0,4.0,100.0,0.3231699466705322,0.6358642578125,-0.300537109375,0.6331787109375,0.9839017391204834,-0.2031280994415283,-0.0761730372905731,-50.99259948730469,-109.46212005615234,1.4953840970993042,,,,,,,,,,,,,,,,,,,,,,,,,,,,,
13794,1754692302.358512,107.59553599357604,1754692302.445313,97.0,0.0,5.210244230064262,23.53849501856118,-1.504389369894426,6.22704471777385,-7.774677264938447,1.5897265697239789,-5.032033487782911,-2.3646843118822574,-1.8173568507968696,-1.7897929844343992,4.102715306314593,-3.654930504896157,4.485348887364779,-2.701567246395399,3324.0,2.0,4.0,4.0,4.0,4.0,4.0,4.0,4.0,4.0,4.0,4.0,4.0,4.0,4.0,4.0,100.0,,,,,,,,,,,,,,,,,,,,,,,,,,,,,,,,,,,,,,,
13795,1754692302.366315,107.60333895683289,1754692302.453016,98.0,0.0,-1.226199713160156,24.418208515519662,2.6326214062290205,7.685857461130411,-13.101408732083826,3.1318538372837,-2.2951164460948235,-3.742708527691491,2.771059086496564,-3.6373707684762735,0.1201277923635757,-4.358992476927767,8.725031154358305,-1.4969751946416068,3620.0,2.0,4.0,4.0,4.0,4.0,4.0,4.0,4.0,4.0,4.0,4.0,4.0,4.0,4.0,4.0,100.0,,,,,,,,,,,,,,,,,,,,,,,,,,,,,,,,,,,,,,,
13796,1754692302.374118,107.6111421585083,1754692302.460819,99.0,0.0,-1.5369498135799802,20.117858741825927,2.63800476468046,5.44287152273742,-13.669800701956175,-1.69721924675045,0.0211925101872623,-1.878270312817989,3.7643191272833576,2.068152019463156,-3.068799004768465,-1.092049148749851,1.4771392275673918,-3.0523298199503586,3566.0,2.0,4.0,4.0,4.0,4.0,4.0,4.0,4.0,4.0,4.0,4.0,4.0,4.0,4.0,4.0,100.0,,,,,,,,,,,,,,,,,,,,,,,,,,,,,,,,,,,,,,,
13797,1754692302.381921,107.61894512176514,1754692302.468523,100.0,0.0,0.5470838482214333,23.07544669447944,1.5428949675873866,1.4924756851332006,-12.34185885231372,-3.740710151019442,0.0875800210205,1.1778920918540337,3.757673295225146,1.4462854091551949,-1.0368710388130182,-1.550256604924556,-2.164189411646788,-2.671395182520058,3567.0,2.0,4.0,4.0,4.0,4.0,4.0,4.0,4.0,4.0,4.0,4.0,4.0,4.0,4.0,4.0,100.0,0.3232316672801971,0.635986328125,-0.30059814453125,0.63299560546875,0.9970855116844176,-0.2143587470054626,-0.0800793468952179,-50.39444732666016,-107.51811981201172,1.3458456993103027,,,,,,,,,,,,,,,,,,,,,,,,,,,,,
13798,1754692302.389724,107.62674808502196,1754692302.476226,101.0,0.0,-2.540785216499557,24.73189153623196,1.4829365635845306,-1.2129212738460635,-9.758285004392404,0.748814443020251,1.237698469063048,4.441758453550278,4.111298277426499,-5.4502793932443865,0.2150993341969069,-3.5664152336800043,0.7319637365611698,-0.6628060560802851,3324.0,2.0,4.0,4.0,4.0,4.0,4.0,4.0,4.0,4.0,4.0,4.0,4.0,4.0,4.0,4.0,100.0,,,,,,,,,,,,,,,,,,,,,,,,,,,,,,,,,,,,,,,
13799,1754692302.397527,107.6345510482788,1754692302.484029,102.0,0.0,-6.188549963065128,20.810464244578867,-0.939904037742366,-2.203994331823054,-9.8522724842704,4.571199795811168,3.847656018471895,5.280054099036221,4.941191574007149,-3.5756086055624507,-0.364924626470696,-0.002492275226217,-2.455650993061312,-2.451889549959418,3620.0,2.0,4.0,4.0,4.0,4.0,4.0,4.0,4.0,4.0,4.0,4.0,4.0,4.0,4.0,4.0,100.0,,,,,,,,,,,,,,,,,,,,,,,,,,,,,,,,,,,,,,,
13800,1754692302.40533,107.64235401153564,1754692302.491832,103.0,0.0,-5.1323927602692265,20.05355727821064,-2.554869028503504,-2.79492359773974,-11.123853366588603,4.616641030368214,3.229674971940426,4.498835770293795,9.739159412615775,-0.4378214773495301,-2.857406993839845,1.8356635724245507,-10.454655345241122,-0.9191532172261532,3566.0,2.0,4.0,4.0,4.0,4.0,4.0,4.0,4.0,4.0,4.0,4.0,4.0,4.0,4.0,4.0,100.0,,,,,,,,,,,,,,,,,,,,,,,,,,,,,,,,,,,,,,,
13801,1754692302.413133,107.65015697479248,1754692302.499536,104.0,0.0,-0.949806355982787,17.49785633757608,-1.8940727849268344,-1.8905746681581377,-8.047258248937965,4.662047328572839,0.9165420947123266,7.480180416650342,9.404025585590604,-3.36836472212201,-6.728304960609989,-1.302682815749563,-9.0354619923977,3.8269119236541655,3567.0,2.0,4.0,4.0,4.0,4.0,4.0,4.0,4.0,4.0,4.0,4.0,4.0,4.0,4.0,4.0,100.0,0.3231743276119232,0.63604736328125,-0.3006591796875,0.6329345703125,0.9756008386611938,-0.2089875638484954,-0.0673838406801223,-50.69352340698242,-107.2190399169922,2.0935378074646,,,,,,,,,,,,,,,,,,,,,,,,,,,,,
13802,1754692302.420936,107.6579601764679,1754692302.507239,105.0,0.0,-0.41420415158791,8.179489414884756,0.1069116365711124,-3.702408093115992,-5.3058675837819465,2.1293079972438136,2.551961937908345,9.647508192792884,2.4852629865799827,-6.342304051232077,-3.347697876408347,1.1696689619602694,-4.553092931679203,1.5731585387570703,3324.0,2.0,4.0,4.0,4.0,4.0,4.0,4.0,4.0,4.0,4.0,4.0,4.0,4.0,4.0,4.0,100.0,,,,,,,,,,,,,,,,,,,,,,,,,,,,,,,,,,,,,,,
13803,1754692302.428739,107.66576313972472,1754692302.515042,106.0,0.0,-1.3788701382273416,4.297718759619272,3.838553558661204,-9.2717842109642,-2.958568014000832,-0.7206607474491307,5.287520448374323,4.644220991950931,-0.6802276487097174,-8.359853416487624,-1.2624348988775296,6.90886071023391,-8.047363258228927,-1.1355108710159243,3620.0,2.0,4.0,4.0,4.0,4.0,4.0,4.0,4.0,4.0,4.0,4.0,4.0,4.0,4.0,4.0,100.0,,,,,,,,,,,,,,,,,,,,,,,,,,,,,,,,,,,,,,,
13804,1754692302.436542,107.67356610298155,1754692302.522845,107.0,0.0,0.4681471897890219,5.208958874809639,7.2136809322366275,-6.616965673816878,1.1475731676143257,0.2748190335047979,4.80585678829965,-0.8446138060642738,0.3650735861976386,-6.645545252685963,-8.887079574652773,6.060015846742942,-8.299880153718107,0.4001097144757182,3566.0,2.0,4.0,4.0,4.0,4.0,4.0,4.0,4.0,4.0,4.0,4.0,4.0,4.0,4.0,4.0,100.0,,,,,,,,,,,,,,,,,,,,,,,,,,,,,,,,,,,,,,,
13805,1754692302.444345,107.6813690662384,1754692302.530549,108.0,0.0,2.838907625685806,-1.8126611584070813,5.359321480385461,-1.5921062706779594,3.702672578224792,-0.0124516966211558,3.6767108985782215,1.3097343354829718,-3.2899845241531693,-4.885805991977577,-10.712498704232075,1.285546200738736,-4.512214440472917,1.2730154879518525,3567.0,2.0,4.0,4.0,4.0,4.0,4.0,4.0,4.0,4.0,4.0,4.0,4.0,4.0,4.0,4.0,100.0,0.3224093914031982,0.63623046875,-0.30096435546875,0.63299560546875,0.9965972304344176,-0.1967803537845611,-0.0722667276859283,-50.543983459472656,-107.36858367919922,2.24307632446289,,,,,,,,,,,,,,,,,,,,,,,,,,,,,
13806,1754692302.452148,107.68917202949524,1754692302.538252,109.0,0.0,3.8972487231507102,-11.335005008549274,3.478348669433103,-1.192010589746701,3.853515431013306,1.3226067050699155,2.8612520971095137,1.3075276262183024,-7.718308890076173,-5.018261858838855,-2.665126621166678,5.186039733048688,-6.413508308706355,-0.0943360280786009,3324.0,2.0,4.0,4.0,4.0,4.0,4.0,4.0,4.0,4.0,4.0,4.0,4.0,4.0,4.0,4.0,100.0,,,,,,,,,,,,,,,,,,,,,,,,,,,,,,,,,,,,,,,
13807,1754692302.459951,107.69697499275208,1754692302.546055,110.0,0.0,5.800358470586218,-14.87316395855936,4.212042770772825,1.1667728019506851,8.623712045725881,2.9132441803495226,1.1903445574340026,-4.395346818457654,-10.168364005813544,-2.3711905145023024,-3.3741450855949893,10.418712346647736,-8.190668473157018,0.6582781080479094,3620.0,2.0,4.0,4.0,4.0,4.0,4.0,4.0,4.0,4.0,4.0,4.0,4.0,4.0,4.0,4.0,100.0,,,,,,,,,,,,,,,,,,,,,,,,,,,,,,,,,,,,,,,
13808,1754692302.467754,107.70477795600893,1754692302.553858,111.0,0.0,7.814413564925559,-19.576320062624603,3.453173686359293,2.886466716301726,9.91228914929448,2.4886465115852445,0.409958917268483,-4.705116631206096,-10.506962488859102,0.0962197315708692,-9.00244690762824,6.250294705782977,-6.61659991520682,1.9872509833273,3566.0,2.0,4.0,4.0,4.0,4.0,4.0,4.0,4.0,4.0,4.0,4.0,4.0,4.0,4.0,4.0,100.0,,,,,,,,,,,,,,,,,,,,,,,,,,,,,,,,,,,,,,,
13809,1754692302.475557,107.71258115768433,1754692302.561562,112.0,0.0,3.743111230677414,-28.413967215060666,2.3981503848096963,0.1851413439869702,3.1127650106070632,0.9143688653550726,1.0877561195763974,1.0626154891403985,-3.0288650350219086,1.697269940727665,-6.339158931521297,-0.2773165627279468,-7.414481044049808,-1.6409701610366485,3567.0,2.0,4.0,4.0,4.0,4.0,4.0,4.0,4.0,4.0,4.0,4.0,4.0,4.0,4.0,4.0,100.0,0.3224105536937713,0.6361083984375,-0.30096435546875,0.63311767578125,1.008804440498352,-0.1835965514183044,-0.0844739452004432,-51.88983154296875,-108.26581573486328,1.794461011886597,,,,,,,,,,,,,,,,,,,,,,,,,,,,,
13810,1754692302.48336,107.72038412094116,1754692302.5692651,113.0,0.0,-2.667226320999987,-32.3617580191455,-0.5611800917574215,1.0125813624038642,1.084010929407043,2.1179425646035384,-1.846553966315412,3.656897325452803,3.685308158543023,3.627567934178217,1.987427365522592,-1.1485684516762262,-2.645659712187978,-4.938924856329038,3324.0,2.0,4.0,4.0,4.0,4.0,4.0,4.0,4.0,4.0,4.0,4.0,4.0,4.0,4.0,4.0,100.0,,,,,,,,,,,,,,,,,,,,,,,,,,,,,,,,,,,,,,,
13811,1754692302.491163,107.728187084198,1754692302.577068,114.0,0.0,-8.199101813117721,-33.07268544968585,-5.800874733100244,1.7413870295875142,3.476589657796268,2.077219354576556,-3.822330036406328,2.1303380169217974,3.1747522248090547,3.3077641191960367,9.152538260390685,-0.1062176001134673,0.479863998193224,-5.675012987568351,3620.0,2.0,4.0,4.0,4.0,4.0,4.0,4.0,4.0,4.0,4.0,4.0,4.0,4.0,4.0,4.0,100.0,,,,,,,,,,,,,,,,,,,,,,,,,,,,,,,,,,,,,,,
13812,1754692302.498966,107.73599004745483,1754692302.5847712,115.0,0.0,-7.759124441533402,-35.004103001360306,-6.74730806848396,-0.30249129139969,5.626461462199643,-0.0034743691643939,1.4692573324655882,-0.0392023699391188,6.764442249784736,3.7432793572803007,8.542761325402864,-3.2889812119337307,0.517198351171885,-2.0955857984808404,3566.0,2.0,4.0,4.0,4.0,4.0,4.0,4.0,4.0,4.0,4.0,4.0,4.0,4.0,4.0,4.0,100.0,,,,,,,,,,,100.0,4.0,26.31821250915528,4.0,27.564666748046875,4.0,19.9488525390625,4.0,21.686044692993164,4.0,19.505704879760746,4.0,19.86992835998535,4.0,23.48022079467773,4.0,25.302410125732425,4.0,21.62464714050293,4.0,26.701595306396484,4.0,28.953031539916992,4.0,19.730195999145508,4.0,27.172367095947266,4.0,26.919090270996094
13813,1754692302.506769,107.74379301071168,1754692302.592575,116.0,0.0,-4.225205624962143,-34.52347102350035,-4.49278823203025,-1.000711330745105,3.740909447419256,1.9308823737370064,2.301177341161349,-1.8939009688842248,9.639611090904111,8.554180121780576,0.1619989915594146,-5.975150810677803,6.11632219600375,-1.0151502292855523,3567.0,2.0,4.0,4.0,4.0,4.0,4.0,4.0,4.0,4.0,4.0,4.0,4.0,4.0,4.0,4.0,100.0,0.3223501443862915,0.63580322265625,-0.3009033203125,0.63348388671875,0.9897611737251282,-0.2084992825984954,-0.0751964598894119,-51.88983154296875,-107.81719970703124,1.794461011886597,,,,,,,,,,,,,,,,,,,,,,,,,,,,,
13814,1754692302.514572,107.7515959739685,1754692302.600278,117.0,0.0,-2.175123793684861,-31.035572484072645,-3.902014087966791,-2.0097738239498995,7.478453382805355,3.705619157407682,-2.209163673320063,-0.7409903523291632,4.512169803439292,13.721499123179228,-1.7470286292652872,-4.6516776442529135,7.035411995262621,0.6642913117022999,3324.0,2.0,4.0,4.0,4.0,4.0,4.0,4.0,4.0,4.0,4.0,4.0,4.0,4.0,4.0,4.0,100.0,,,,,,,,,,,,,,,,,,,,,,,,,,,,,,,,,,,,,,,
13815,1754692302.522375,107.75939917564392,1754692302.607981,118.0,0.0,-1.0956922288696092,-28.17247981825944,-4.1782914653626335,-2.617245390769256,14.490757705404633,1.68540355027568,-0.1264956807835346,-0.6549727063497244,0.2973516033344481,11.280758290192864,2.767837351863875,-3.575632073239774,-0.2561864987018794,4.234549534061955,3620.0,2.0,4.0,4.0,4.0,4.0,4.0,4.0,4.0,4.0,4.0,4.0,4.0,4.0,4.0,4.0,100.0,,,,,,,,,,,,,,,,,,,,,,,,,,,,,,,,,,,,,,,
13816,1754692302.530178,107.76720213890076,1754692302.6157842,119.0,0.0,-0.9434115128149188,-27.24639635589688,-4.116718608759356,-0.6977822892356471,14.17708408439671,0.3327293683985317,5.568976700711801,-1.0262978855455458,-0.1319192869621019,5.041134569940141,1.5948285412230234,-1.5922698622632652,-0.8482165732605154,1.7200696381971738,3566.0,2.0,4.0,4.0,4.0,4.0,4.0,4.0,4.0,4.0,4.0,4.0,4.0,4.0,4.0,4.0,100.0,,,,,,,,,,,,,,,,,,,,,,,,,,,,,,,,,,,,,,,
13817,1754692302.537981,107.7750051021576,1754692302.6234882,120.0,0.0,-0.9610592098148912,-26.004696525712177,-5.865491013053713,-2.0465158661024248,10.404339469491164,-0.7593265801357916,3.5047489758229062,2.9643495673374787,-1.9972352373521856,2.769282345295608,0.2998461800441987,-0.4959382495341629,3.0364348249098043,-1.8199188158402533,3567.0,2.0,4.0,4.0,4.0,4.0,4.0,4.0,4.0,4.0,4.0,4.0,4.0,4.0,4.0,4.0,100.0,0.3223470449447632,0.63525390625,-0.30078125,0.63409423828125,0.9970855116844176,-0.2099641412496566,-0.0732433050870895,-52.93659973144531,-108.41535186767578,3.4393835067749023,,,,,,,,,,,,,,,,,,,,,,,,,,,,,
13818,1754692302.545784,107.78280806541444,1754692302.6312912,121.0,0.0,-1.276389302143116,-17.577764215355955,-3.116474824650368,1.4389642652711243,12.521700241719143,-2.793103472460416,-1.3208833162127576,0.8648239831534283,-1.013418715255057,4.811491338173937,3.9487904443960815,-3.9351980159337927,6.090597979743279,0.1512161132507117,3324.0,2.0,4.0,4.0,4.0,4.0,4.0,4.0,4.0,4.0,4.0,4.0,4.0,4.0,4.0,4.0,100.0,,,,,,,,,,,,,,,,,,,,,,,,,,,,,,,,,,,,,,,
13819,1754692302.553587,107.79061102867126,1754692302.638994,122.0,0.0,-0.6532200366556253,-5.739600585297126,-0.6386913113657329,9.552317513527557,12.539956491853331,-4.156866217207721,-3.5816031732093734,-7.8962578401720975,0.7723035481870966,3.252970978900862,3.3287116731142987,-7.862950167393251,4.685623227623978,1.676394538236195,3620.0,2.0,4.0,4.0,4.0,4.0,4.0,4.0,4.0,4.0,4.0,4.0,4.0,4.0,4.0,4.0,100.0,,,,,,,,,,,,,,,,,,,,,,,,,,,,,,,,,,,,,,,
13820,1754692302.56139,107.7984139919281,1754692302.6467972,123.0,0.0,-0.3983776790230706,-1.4698857353780852,-1.957552552360795,6.8812563711751125,5.167033268756057,0.25031584050177,-2.5093671180614194,-1.1984020740017345,0.6988538403463451,2.512624192305537,2.327836873567975,-1.5223594133579184,0.394413570370915,-0.604754636384115,3566.0,2.0,4.0,4.0,4.0,4.0,4.0,4.0,4.0,4.0,4.0,4.0,4.0,4.0,4.0,4.0,100.0,,,,,,,,,,,,,,,,,,,,,,,,,,,,,,,,,,,,,,,
13821,1754692302.569193,107.80621695518494,1754692302.654501,124.0,0.0,-2.7745291981569835,0.7228004089614615,-1.555994179475988,-1.4281924270350146,-2.0113811427250994,-0.0740228041792079,-1.566019060644635,7.117520363477865,1.0102353681321574,5.517165257512602,3.886387735013045,1.3502688399897806,-1.643376124360998,1.5409238542514458,3567.0,2.0,4.0,4.0,4.0,4.0,4.0,4.0,4.0,4.0,4.0,4.0,4.0,4.0,4.0,4.0,100.0,0.5599583983421326,0.35528564453125,-0.60650634765625,0.4385986328125,0.9985504150390624,-0.211429014801979,-0.0566414892673492,-51.74029159545898,-107.66765594482422,0.1495384126901626,,,,,,,,,,,,,,,,,,,,,,,,,,,,,
13822,1754692302.576996,107.81402015686037,1754692302.6623042,125.0,0.0,-4.45870640046266,5.054667715464376,-1.7186416455310507,1.057604119841045,-2.8190546873401843,-6.55771715145417,-5.099321778549864,0.0812575786112859,3.8934140665692496,2.7272861709352867,4.812446640894024,-2.855749425095354,1.53686929231597,1.9904285962630013,3324.0,2.0,4.0,4.0,4.0,4.0,4.0,4.0,4.0,4.0,4.0,4.0,4.0,4.0,4.0,4.0,100.0,,,,,,,,,,,,,,,,,,,,,,,,,,,,,,,,,,,,,,,
13823,1754692302.584799,107.8218231201172,1754692302.670007,126.0,0.0,-1.5210098333873248,6.852009475841442,-1.4380076081752122,2.7182370931623154,0.3741821494204487,-7.194929568469888,-7.585581057452146,-3.596102622384024,5.470944908052388,-3.1174596816713347,4.644912452311019,-0.9090281173230323,6.4038838447056605,-0.7518264543368787,3620.0,2.0,4.0,4.0,4.0,4.0,4.0,4.0,4.0,4.0,4.0,4.0,4.0,4.0,4.0,4.0,100.0,,,,,,,,,,,,,,,,,,,,,,,,,,,,,,,,,,,,,,,
13824,1754692302.592602,107.82962608337402,1754692302.6778102,127.0,0.0,0.6925341652671477,9.093444043982686,1.16473370964502,-2.0243260356497785,0.1566632381503723,-3.924386183926458,-5.61589009947113,-1.497026391856366,-1.090497193620763,-8.806694987669403,3.8978479757728337,1.089628039246577,5.180937092340287,1.5082904688177905,52.0,2.0,4.0,4.0,4.0,4.0,4.0,4.0,4.0,4.0,4.0,4.0,4.0,4.0,4.0,4.0,100.0,,,,,,,,,,,,,,,,,,,,,,,,,,,,,,,,,,,,,,,
13825,1754692302.600405,107.83742904663086,1754692302.685514,0.0,0.0,-3.2019889284167675,15.270593218870316,1.8052794877410177,0.6345450689775589,1.5046247906318513,-4.946584267114531,-0.7366734883310073,-2.012055042446491,-7.814132531608493,-11.577601900091167,2.933225501964216,0.5150440649520078,1.49122404689183,1.8533696889160185,3344.0,2.0,4.0,4.0,4.0,4.0,4.0,4.0,4.0,4.0,4.0,4.0,4.0,4.0,4.0,4.0,100.0,0.5596140623092651,0.35498046875,-0.60638427734375,0.439453125,0.991714358329773,-0.2060578316450119,-0.0795910581946373,-53.385215759277344,-108.56488800048828,2.0935378074646,,,,,,,,,,,,,,,,,,,,,,,,,,,,,
13826,1754692302.608208,107.8452320098877,1754692302.6933172,1.0,0.0,-8.535960699485912,17.836475244381546,1.0731169028101988,5.742682226506332,4.876675828539447,-2.495235013653854,2.6187582491686783,-2.954166385869229,-4.388033132999425,-4.989336273664975,2.8058913857683194,1.304401076603682,-1.7825898256705557,-0.5701763891572398,3512.0,2.0,4.0,4.0,4.0,4.0,4.0,4.0,4.0,4.0,4.0,4.0,4.0,4.0,4.0,4.0,100.0,,,,,,,,,,,,,,,,,,,,,,,,,,,,,,,,,,,,,,,
13827,1754692302.616011,107.85303497314452,1754692302.70102,2.0,0.0,-13.544350944140888,14.250095181551616,0.9883829798470742,3.720690075765788,-1.1367865887348216,3.45708407876532,-0.4462843383805648,-4.115014893818852,1.3953212535800503,2.6881409855734546,-1.0692008739054015,-0.6301683009148746,-5.644040144542942,-1.7894051170649163,3518.0,2.0,4.0,4.0,4.0,4.0,4.0,4.0,4.0,4.0,4.0,4.0,4.0,4.0,4.0,4.0,100.0,,,,,,,,,,,,,,,,,,,,,,,,,,,,,,,,,,,,,,,
13828,1754692302.623814,107.86083817481996,1754692302.708823,3.0,0.0,-12.380120583794051,17.24259166343603,3.8811577658070178,3.9126118586577263,-4.704868475626938,4.528895032652542,-1.7131934736158314,-3.287451117060812,3.014566031571519,1.175255846444486,0.0082236884267672,-0.3409220563594886,-3.811705759471181,-2.7376366852136584,3613.0,2.0,4.0,4.0,4.0,4.0,4.0,4.0,4.0,4.0,4.0,4.0,4.0,4.0,4.0,4.0,100.0,,,,,,,,,,,,,,,,,,,,,,,,,,,,,,,,,,,,,,,
13829,1754692302.631617,107.86864113807678,1754692302.716527,4.0,0.0,-8.92511141111143,18.672570795599512,2.870931161263087,4.820635063368826,-1.2580822516549972,3.755975534334283,1.364099511465355,-0.813677948930291,-2.4212104210767222,-7.40194177518859,1.8594353421837864,0.8758900857580727,-2.4773854790082908,-7.525406218461541,3642.0,2.0,4.0,4.0,4.0,4.0,4.0,4.0,4.0,4.0,4.0,4.0,4.0,4.0,4.0,4.0,100.0,0.5598458647727966,0.3544921875,-0.6063232421875,0.43963623046875,0.991714358329773,-0.2060578316450119,-0.0693369954824447,-51.44121551513672,-107.81719970703124,1.794461011886597,,,,,,,,,,,,,,,,,,,,,,,,,,,,,
13830,1754692302.63942,107.87644410133362,1754692302.7243302,5.0,0.0,-4.239561417462738,15.646140135237346,2.988556206586708,3.9893974839717146,1.1114326004455677,6.105595992455363,6.1338946040670805,1.4620237744477151,-5.672164278951442,-5.237921890650142,-2.037199102321921,0.1043968449923511,-3.379046390659397,-5.748858596998417,3510.0,2.0,4.0,4.0,4.0,4.0,4.0,4.0,4.0,4.0,4.0,4.0,4.0,4.0,4.0,4.0,100.0,,,,,,,,,,,,,,,,,,,,,,,,,,,,,,,,,,,,,,,
13831,1754692302.647223,107.88424706459044,1754692302.732033,6.0,0.0,-0.2659401905050629,12.118931699400235,3.693875146503359,3.6886329833875777,-2.1520744542051773,1.7358358947037402,5.202042597116559,0.3786233050820726,-3.6419964084527976,-0.3181582763784547,-4.888412439175482,-1.5823260437048532,-1.6797406585642705,-1.956927014020749,3514.0,2.0,4.0,4.0,4.0,4.0,4.0,4.0,4.0,4.0,4.0,4.0,4.0,4.0,4.0,4.0,100.0,,,,,,,,,,,,,,,,,,,,,,,,,,,,,,,,,,,,,,,
13832,1754692302.655026,107.89205002784728,1754692302.7398372,7.0,0.0,1.5343728808854848,9.824236885730215,2.882932029844369,1.8561167772447789,-4.18190317173071,-4.013679749111134,4.237010149408661,1.505354965548804,-1.992134958005636,-1.0455074302496996,-1.333309042735209,1.2805628655348755,-3.794787977474471,-1.805456058223399,3499.0,2.0,4.0,4.0,4.0,4.0,4.0,4.0,4.0,4.0,4.0,4.0,4.0,4.0,4.0,4.0,100.0,,,,,,,,,,,,,,,,,,,,,,,,,,,,,,,,,,,,,,,
13833,1754692302.662829,107.89985299110413,1754692302.74754,8.0,0.0,5.2091854743607655,8.723792375252742,2.299198233857169,-0.3494871844136469,-4.303478716176414,-2.7632321576556933,5.034218578497985,2.146822532744409,-4.111120441438743,-1.6450309570936952,-0.7721418043606718,2.946806435387316,-13.003059747066118,-1.8629350984651865,3618.0,2.0,4.0,4.0,4.0,4.0,4.0,4.0,4.0,4.0,4.0,4.0,4.0,4.0,4.0,4.0,100.0,0.5604990720748901,0.35406494140625,-0.6063232421875,0.43914794921875,0.9858548641204834,-0.2153353244066238,-0.0771496146917343,-51.29167556762695,-108.71442413330078,1.4953840970993042,,,,,,,,,,,,,,,,,,,,,,,,,,,,,
13834,1754692302.670632,107.90765595436096,1754692302.755343,9.0,0.0,6.5169845270258975,7.842429746918924,0.9156035726757636,3.5333319962921905,-4.165044264770359,0.8274620538225008,2.122042703542548,-0.4941002397938518,-1.2876289646826535,-0.8535615208731997,-0.910091644510203,-0.3197259601809037,-8.526711159037177,-2.580054356832761,3612.0,2.0,4.0,4.0,4.0,4.0,4.0,4.0,4.0,4.0,4.0,4.0,4.0,4.0,4.0,4.0,100.0,,,,,,,,,,,,,,,,,,,,,,,,,,,,,,,,,,,,,,,
13835,1754692302.678435,107.91545915603638,1754692302.763046,10.0,0.0,2.841528172326491,4.484353073199657,-2.424869693291328,5.797358648789725,-7.327730839029698,2.306117629964831,-4.164162659103511,-4.411619623382137,3.344106403126318,1.0564523405683417,0.3421817138910796,-4.651456922055274,4.588355400501825,-3.301353907482224,3613.0,2.0,4.0,4.0,4.0,4.0,4.0,4.0,4.0,4.0,4.0,4.0,4.0,4.0,4.0,4.0,100.0,,,,,,,,,,,,,,,,,,,,,,,,,,,,,,,,,,,,,,,
13836,1754692302.686238,107.9232621192932,1754692302.7708502,11.0,0.0,6.77731170277093,-0.0494340640366317,-3.003268447960181,2.045293564772692,-10.286149316660158,2.342917587883221,-4.630847344577887,0.1729633292688959,2.433364033804992,2.41398101270579,-2.4302137386303,-3.1849556614934045,4.5046533393654045,-1.4922392440034855,3567.0,2.0,4.0,4.0,4.0,4.0,4.0,4.0,4.0,4.0,4.0,4.0,4.0,4.0,4.0,4.0,100.0,,,,,,,,,,,,,,,,,,,,,,,,,,,,,,,,,,,,,,,
13837,1754692302.694041,107.93106508255003,1754692302.778553,12.0,0.0,13.69339481961373,-1.6463183505184702,-0.5255887790313523,-0.6103435811101576,-8.500416059708243,-0.5202168984852165,0.6771458091206455,4.321169731380394,-1.211052648117004,2.6972491313526348,-1.1568521456748044,1.0870508557290464,0.6261541126063435,0.4226506268454955,3567.0,2.0,4.0,4.0,4.0,4.0,4.0,4.0,4.0,4.0,4.0,4.0,4.0,4.0,4.0,4.0,100.0,0.5606107115745544,0.3541259765625,-0.60614013671875,0.439208984375,0.9882963299751282,-0.2065461277961731,-0.0766613259911537,-51.29167556762695,-107.66765594482422,3.4393835067749023,,,,,,,,,,,,,,,,,,,,,,,,,,,,,
13838,1754692302.701844,107.93886804580688,1754692302.786256,13.0,0.0,8.586388836814336,-5.225293872655669,-0.2667148395877063,-4.76648429010092,-8.142144223866666,-1.9711608618509613,0.6479421144371429,-1.5295049183197025,-1.1144850007745788,3.006914316092121,2.9824070064049977,0.6056830526362376,1.9965343981604349,1.6317060552991336,3324.0,2.0,4.0,4.0,4.0,4.0,4.0,4.0,4.0,4.0,4.0,4.0,4.0,4.0,4.0,4.0,100.0,,,,,,,,,,,,,,,,,,,,,,,,,,,,,,,,,,,,,,,
13839,1754692302.709647,107.94667100906372,1754692302.794059,14.0,0.0,4.771788630917484,-12.098924006086603,-1.761551347245046,-9.326088983791038,-10.128097419657848,-1.4115358158746003,-1.1105342552217792,-0.3713230121110484,3.2728596553421028,5.98943102675193,-1.927141281349492,1.9860152451356896,1.3232108113241736,4.2624887766120025,3613.0,2.0,4.0,4.0,4.0,4.0,4.0,4.0,4.0,4.0,4.0,4.0,4.0,4.0,4.0,4.0,100.0,,,,,,,,,,,,,,,,,,,,,,,,,,,,,,,,,,,,,,,
13840,1754692302.71745,107.95447397232056,1754692302.8018632,15.0,0.0,10.11884765885705,-13.38418974590988,-2.8688983335279943,-5.578341070568712,-7.13870578666203,-1.2512633060193536,1.367012109780518,7.473996685539788,5.815357282016322,9.040906227297256,-5.632190278724664,2.5093788628248888,-1.6017096473201209,1.6084641028144515,3567.0,2.0,4.0,4.0,4.0,4.0,4.0,4.0,4.0,4.0,4.0,4.0,4.0,4.0,4.0,4.0,100.0,,,,,,,,,,,,,,,,,,,,,,,,,,,,,,,,,,,,,,,
13841,1754692302.725253,107.96227717399596,1754692302.809566,16.0,0.0,8.82053817519079,-10.006023244841003,-4.112523407277081,-2.522803680387028,1.320681552955989,2.5231073051439807,5.108480367294192,7.073878054190914,3.687171190585445,4.747371994844684,-3.2484994086186134,-3.652276967839157,-2.854751986685301,-3.9430208185923448,0.0,2.0,4.0,4.0,4.0,4.0,4.0,4.0,4.0,4.0,4.0,4.0,4.0,4.0,4.0,4.0,100.0,0.5599820613861084,0.35455322265625,-0.60589599609375,0.44000244140625,0.992690920829773,-0.2084992825984954,-0.081055924296379,-51.29167556762695,-109.46212005615234,1.1963073015213013,,,,,,,,,,,,,,,,,,,,,,,,,,,,,
13842,1754692302.733056,107.9700801372528,1754692302.817369,17.0,0.0,3.6984212255317743,-7.590648700908105,-0.935281021603032,-6.272230042426827,4.775531708722838,6.522434279391518,8.380660182338715,5.737696560588802,1.9671471914182348,0.2790440522692279,-4.960264906194652,-4.636790958117899,-5.424519713821837,-0.1878072920264912,0.0,2.0,4.0,4.0,4.0,4.0,4.0,4.0,4.0,4.0,4.0,4.0,4.0,4.0,4.0,4.0,100.0,,,,,,,,,,,,,,,,,,,,,,,,,,,,,,,,,,,,,,,
13843,1754692302.740859,107.97788310050964,1754692302.825072,18.0,0.0,3.588846761765637,-6.411387303641675,0.7673049015589299,-6.370641505946367,-2.454226491548468,3.503158404797034,6.357460889369179,5.786402408599827,2.0268360531354688,-1.1497637567180732,-6.430326418614129,-0.1477616546839613,-4.406437431109168,1.860889974568238,0.0,2.0,4.0,4.0,4.0,4.0,4.0,4.0,4.0,4.0,4.0,4.0,4.0,4.0,4.0,4.0,100.0,,,,,,,,,,,,,,,,,,,,,,,,,,,,,,,,,,,,,,,
13844,1754692302.748662,107.98568606376648,1754692302.832876,19.0,0.0,3.2378121337261234,-3.0160215973254765,-2.134928247914928,-1.8435797686405808,-6.510413519648779,0.0362512136030943,2.795508105894527,2.086290105404345,3.1026910966294,-0.2728564869143213,-0.8754203645789005,0.3068641011433044,1.9749140724378265,-1.4124628724547676,0.0,2.0,4.0,4.0,4.0,4.0,4.0,4.0,4.0,4.0,4.0,4.0,4.0,4.0,4.0,4.0,100.0,,,,,,,,,,,,,,,,,,,,,,,,,,,,,,,,,,,,,,,
13845,1754692302.756465,107.99348902702332,1754692302.840579,20.0,0.0,0.997005663757534,-1.5697119165288882,-1.0416895071990098,-0.7251004785630926,-1.5798929850098489,0.3897738054660635,-1.3510156754965124,-2.875838679472565,1.419700545671219,0.1518733062734441,2.903554671773179,0.8867203898334424,3.53467581605463,0.6924324959281307,0.0,2.0,4.0,4.0,4.0,4.0,4.0,4.0,4.0,4.0,4.0,4.0,4.0,4.0,4.0,4.0,100.0,0.5600016713142395,0.35479736328125,-0.60546875,0.44036865234375,0.9790188670158386,-0.2084992825984954,-0.088380254805088,-50.09536743164063,-108.71442413330078,1.4953840970993042,,,,,,,,,,,,,,,,,,,,,,,,,,,,,
13846,1754692302.764268,108.00129199028017,1754692302.848282,21.0,0.0,3.350607089307317,-2.301048591330442,2.4658224103419286,0.6380672453970817,-0.6762820593402523,-2.2270964267108013,-5.342176030849174,-4.911462716391185,-4.350039886985456,-1.5757708115237676,3.12709923244492,6.907046141575023,0.5492090007213335,6.421015172562505,0.0,2.0,4.0,4.0,4.0,4.0,4.0,4.0,4.0,4.0,4.0,4.0,4.0,4.0,4.0,4.0,100.0,,,,,,,,,,,,,,,,,,,,,,,,,,,,,,,,,,,,,,,
13847,1754692302.772071,108.009094953537,1754692302.856085,22.0,0.0,9.11539577867248,-2.205137762325052,1.9796008503546147,4.548243723557476,-0.2091970295071803,-4.91887677247891,-1.52806006698151,-4.4593244801825165,-8.1220395518761,-0.3595464673774984,1.259147977702156,8.969029378576721,-3.485051225423007,5.776183605028706,0.0,2.0,4.0,4.0,4.0,4.0,4.0,4.0,4.0,4.0,4.0,4.0,4.0,4.0,4.0,4.0,100.0,,,,,,,,,,,,,,,,,,,,,,,,,,,,,,,,,,,,,,,
13848,1754692302.779874,108.0168981552124,1754692302.863889,23.0,0.0,9.866635104683835,0.2219258429779529,1.1147173835413469,4.032033916948194,3.7049301779477446,-4.074674126504533,1.569712552786541,-3.9338859232323102,-6.825885635038276,-1.0929781748448022,-5.056106336032144,4.509861690568641,-7.633752400371122,2.49025226732806,0.0,2.0,4.0,4.0,4.0,4.0,4.0,4.0,4.0,4.0,4.0,4.0,4.0,4.0,4.0,4.0,100.0,,,,,,,,,,,,,,,,,,,,,,,,,,,,,,,,,,,,,,,
13849,1754692302.787677,108.02470111846924,1754692302.871592,24.0,0.0,7.598918789820118,4.588063200621718,2.4382272302930232,4.426322434707572,2.067878428873655,-1.3855797145354245,-3.149564305683498,-4.712021698410581,-4.812075319873429,-2.380925529785827,-3.788712501324653,2.1512922495301154,-4.1095420041845045,4.047384142632609,0.0,2.0,4.0,4.0,4.0,4.0,4.0,4.0,4.0,4.0,4.0,4.0,4.0,4.0,4.0,4.0,100.0,0.5596874356269836,0.355224609375,-0.60479736328125,0.44134521484375,0.9824368953704834,-0.1889677345752716,-0.0732433050870895,-51.44121551513672,-109.61165618896484,3.1403067111968994,,,,,,,,,,,,,,,,,,,,,,,,,,,,,
13850,1754692302.79548,108.03250408172607,1754692302.879295,25.0,0.0,2.0149069453190123,1.3514355033511265,-0.1319338426307013,3.828054040918573,-1.37625642607793,-2.503778107281164,-8.137354715852894,-4.448371476856323,-4.104787478610547,-3.1296160504435875,2.153988670272952,1.6212533074902922,3.7818922617719855,2.9578944668350005,0.0,2.0,4.0,4.0,4.0,4.0,4.0,4.0,4.0,4.0,4.0,4.0,4.0,4.0,4.0,4.0,100.0,,,,,,,,,,,,,,,,,,,,,,,,,,,,,,,,,,,,,,,
13851,1754692302.803283,108.04030704498292,1754692302.887098,26.0,0.0,-0.8568976819257159,-1.7425549884866314,1.193146806215168,1.2943033734594565,-0.0053451863883537,-1.4557559429309777,-3.6924225910130417,-2.9250073425242817,-2.0192037343155107,-0.108523811532109,2.565169843376566,1.6816274315891633,4.898472492368569,3.853660273041328,0.0,2.0,4.0,4.0,4.0,4.0,4.0,4.0,4.0,4.0,4.0,4.0,4.0,4.0,4.0,4.0,100.0,,,,,,,,,,,,,,,,,,,,,,,,,,,,,,,,,,,,,,,
13852,1754692302.811086,108.04811000823976,1754692302.894902,27.0,0.0,1.7945048803642294,-1.1107660991067403,4.856156003009573,-0.1700668742421385,-0.8068592048964547,0.8245677985462407,-1.2275516298020648,-3.200515170514109,-2.58225011163654,0.5490846036739185,-0.6588994223604914,2.5359322013748624,-0.4215656819785636,6.250105368434788,0.0,2.0,4.0,4.0,4.0,4.0,4.0,4.0,4.0,4.0,4.0,4.0,4.0,4.0,4.0,4.0,100.0,,,,,,,,,,,,,,,,,,,,,,,,,,,,,,,,,,,,,,,
13853,1754692302.818889,108.05591297149658,1754692302.902605,28.0,0.0,2.341148789586839,-3.0694416435522385,1.0763631427079758,0.365449046363608,-2.812441656831254,-1.485479065396305,-1.7708263231766637,-1.189432795030882,0.5153772126308809,-4.329255647770026,0.2893718060458354,2.1991769758555506,3.109386787856863,2.4148037977119543,0.0,2.0,4.0,4.0,4.0,4.0,4.0,4.0,4.0,4.0,4.0,4.0,4.0,4.0,4.0,4.0,100.0,0.5592745542526245,0.355712890625,-0.60382080078125,0.44281005859375,0.9892728924751282,-0.1992217898368835,-0.0537117570638656,-51.88983154296875,-108.56488800048828,3.5889220237731934,,,,,,,,,,,,,,,,,,,,,,,,,,,,,
13854,1754692302.826692,108.063716173172,1754692302.910308,29.0,0.0,-2.2281530702531427,-3.0315830792602583,-2.472486163477356,-0.0103978763755776,1.9343914532172448,-1.0594224993893704,2.391158640533717,1.3369811531059668,7.496944587636676,-6.032409346458394,4.887887134033804,0.1079283626385176,5.076988409124056,-4.527579427620481,0.0,2.0,4.0,4.0,4.0,4.0,4.0,4.0,4.0,4.0,4.0,4.0,4.0,4.0,4.0,4.0,100.0,,,,,,,,,,,,,,,,,,,,,,,,,,,,,,,,,,,,,,,
13855,1754692302.834495,108.07151913642883,1754692302.9180112,30.0,0.0,-1.7694015944940134,-1.2402408416101594,-0.5492361977003952,-1.6331035839098718,5.177806740266931,1.7159235085327396,3.074056241487085,-1.6681966233387016,5.071657671620812,-1.550081885646307,6.1570244660806,1.2933321245959064,-1.1106493657489978,-2.9592020199598323,0.0,2.0,4.0,4.0,4.0,4.0,4.0,4.0,4.0,4.0,4.0,4.0,4.0,4.0,4.0,4.0,100.0,,,,,,,,,,,,,,,,,,,,,,,,,,,,,,,,,,,,,,,
13856,1754692302.842298,108.07932209968568,1754692302.925815,31.0,0.0,1.700484292062356,-0.8270248244434697,3.05146337846827,-2.245039009693756,1.3230926368632936,-1.7958455212160516,-1.4777901508387004,-2.190284437356695,-1.4828758563012343,1.0892589914351447,1.4707004324386617,3.5082639336160355,-2.431959241917639,2.2827406297942616,0.0,2.0,4.0,4.0,4.0,4.0,4.0,4.0,4.0,4.0,4.0,4.0,4.0,4.0,4.0,4.0,100.0,,,,,,,,,,,,,,,,,,,,,,,,,,,,,,,,,,,,,,,
13857,1754692302.850101,108.0871250629425,1754692302.933618,32.0,0.0,-0.2192490927853043,5.237713365084545,3.1553818035669963,-0.8842046272364144,1.853636968339032,-5.221457824765622,-3.806403623121497,2.3275159625597723,0.0112350379920087,-6.1449344481737,-1.891348949395507,1.6339441301381328,-0.2376065086473602,-0.2664069584045876,0.0,2.0,4.0,4.0,4.0,4.0,4.0,4.0,4.0,4.0,4.0,4.0,4.0,4.0,4.0,4.0,100.0,0.3208334445953369,0.63177490234375,-0.3001708984375,0.63861083984375,1.004898190498352,-0.2153353244066238,-0.0429694056510925,-50.39444732666016,-109.31258392333984,2.0935378074646,,,,,,,,,,,,,,,,,,,,,,,,,,,,,
13858,1754692302.857904,108.09492802619934,1754692302.9413211,33.0,0.0,-3.341368184335124,14.905062822226,1.794544265358354,3.0595539001740235,2.4358652444659583,1.0006306015868631,-2.815882853066114,2.663574742945684,2.6829839475383324,-9.224246805420307,-2.9505175081387733,-2.645576915835818,0.5173624226838456,-4.942239518450833,0.0,2.0,4.0,4.0,4.0,4.0,4.0,4.0,4.0,4.0,4.0,4.0,4.0,4.0,4.0,4.0,100.0,,,,,,,,,,,,,,,,,,,,,,,,,,,,,,,,,,,,,,,
13859,1754692302.865707,108.10273098945618,1754692302.949124,34.0,0.0,-3.937845698636835,17.638651749717695,2.791661212113098,2.7155126447251803,-0.4572359738912439,7.231039966000566,-0.7670173811765437,0.9004914716830115,1.9133835003468391,-4.544365504002059,-4.754840790223994,-2.770808290762858,2.035589043202293,-3.5699150141266784,0.0,2.0,4.0,4.0,4.0,4.0,4.0,4.0,4.0,4.0,4.0,4.0,4.0,4.0,4.0,4.0,100.0,,,,,,,,,,,,,,,,,,,,,,,,,,,,,,,,,,,,,,,
13860,1754692302.87351,108.110533952713,1754692302.956828,35.0,0.0,-3.80844065821816,18.473398803640293,2.054285528379978,-3.549393928371273,-4.909589431374798,5.2909719129932,-0.5233628144185332,-0.1899336558637969,0.9902757979873512,-8.833762800927389,-0.1250124308214708,0.5994589723079571,4.207238839382399,0.7436825307997879,0.0,2.0,4.0,4.0,4.0,4.0,4.0,4.0,4.0,4.0,4.0,4.0,4.0,4.0,4.0,4.0,100.0,,,,,,,,,,,,,,,,,,,,,,,,,,,,,,,,,,,,,,,
13861,1754692302.881313,108.11833715438844,1754692302.9645312,36.0,0.0,-1.1569937322257149,22.74509500530519,1.0167935175285263,-8.325200663960572,-8.057878179228396,2.129228495971688,-4.385845423092292,-2.9946303466982727,0.661388875280295,-12.966296169628665,6.212328006964867,4.229535336579716,1.8601253980563115,2.869933215179458,0.0,2.0,4.0,4.0,4.0,4.0,4.0,4.0,4.0,4.0,4.0,4.0,4.0,4.0,4.0,4.0,100.0,0.3205952048301697,0.630615234375,-0.29974365234375,0.64007568359375,1.010269284248352,-0.2006866633892059,-0.0410162508487701,-51.14213943481445,-109.61165618896484,1.794461011886597,,,,,,,,,,,,,,,,,,,,,,,,,,,,,
13862,1754692302.889116,108.12614011764526,1754692302.972334,37.0,0.0,2.961335697670336,23.09399143784111,3.472626235417181,-7.603020515609671,-4.466485741266581,0.7379905961781219,-3.7700293833561886,1.645104843794968,4.126348135550586,-8.072578971031191,-2.771303644962529,6.607130896084243,-4.9651340763380745,2.1907613965246924,0.0,2.0,4.0,4.0,4.0,4.0,4.0,4.0,4.0,4.0,4.0,4.0,4.0,4.0,4.0,4.0,100.0,,,,,,,,,,,,,,,,,,,,,,,,,,,,,,,,,,,,,,,
13863,1754692302.896919,108.1339430809021,1754692302.980137,38.0,0.0,-0.1750546626790878,20.544639078991565,4.31783794060442,-4.516709308552038,0.9738296351942496,-1.5980079380961456,2.4003445203015303,6.513169961774963,4.749797325643556,-8.263501351931666,-15.580443395162147,0.9934836108004106,-9.548796795330702,-2.395723797573339,0.0,2.0,4.0,4.0,4.0,4.0,4.0,4.0,4.0,4.0,4.0,4.0,4.0,4.0,4.0,4.0,100.0,,,,,,,,,,,,,,,,,,,,,,,,,,,,,,,,,,,,,,,
13864,1754692302.904722,108.14174604415894,1754692302.9878411,39.0,0.0,-4.330222681445719,23.227038885267177,3.912683935348072,0.0030472184517407,3.4261703539123687,0.6269707712950208,4.066321738784666,3.257954512757408,0.8469587571776742,-11.188085802941202,-8.213046490033264,0.4406241231718582,-6.05256462966139,-4.271503055320352,0.0,2.0,4.0,4.0,4.0,4.0,4.0,4.0,4.0,4.0,4.0,4.0,4.0,4.0,4.0,4.0,100.0,,,,,,,,,,,,,,,,,,,,,,,,,,,,,,,,,,,,,,,
13865,1754692302.912525,108.14954900741576,1754692302.9955442,40.0,0.0,-4.280403581985127,23.68460895177105,3.171055335763697,-1.917876837540177,4.3308648769346405,2.2572555914410373,1.1029981769691517,-0.2205513701357517,0.2161602186363893,-8.260077031907429,-3.000736889183542,2.993442051246632,-1.4306909414337383,-3.90039690549537,0.0,2.0,4.0,4.0,4.0,4.0,4.0,4.0,4.0,4.0,4.0,4.0,4.0,4.0,4.0,4.0,100.0,0.3199923634529114,0.62939453125,-0.299560546875,0.64166259765625,1.0019683837890625,-0.2080109864473343,-0.0405279621481895,-51.74029159545898,-108.41535186767578,2.24307632446289,,,,,,,,,,,,,,,,,,,,,,,,,,,,,
13866,1754692302.920328,108.1573519706726,1754692303.0033472,41.0,0.0,-2.752009481099094,16.083560991293098,1.537061512864739,-5.380485172280942,6.4942824594234025,-0.2859108629784259,5.039020282087904,3.3306303447200207,1.6598169088231316,-4.862238257778927,-10.99860117399271,0.8784028743737053,-0.9015162650819092,-3.466475031622167,0.0,2.0,4.0,4.0,4.0,4.0,4.0,4.0,4.0,4.0,4.0,4.0,4.0,4.0,4.0,4.0,100.0,,,,,,,,,,,,,,,,,,,,,,,,,,,,,,,,,,,,,,,
13867,1754692302.928131,108.16515517234802,1754692303.0110512,42.0,0.0,-2.2368763264851736,10.443166859735529,-0.1725424237818629,0.5157886738494994,4.760753499506507,-2.168327028088072,6.048955169657063,3.4567506710183693,0.4156652620228556,-5.120664049431809,-6.397070606145746,-3.165029380824592,3.354570552288976,-4.556304046213711,0.0,2.0,4.0,4.0,4.0,4.0,4.0,4.0,4.0,4.0,4.0,4.0,4.0,4.0,4.0,4.0,100.0,,,,,,,,,,,,,,,,,,,,,,,,,,,,,,,,,,,,,,,
13868,1754692302.935934,108.17295813560486,1754692303.018854,43.0,0.0,-4.646657421821658,8.856076687542952,-0.2485596722172545,4.107804486161001,2.961793358778266,0.6715936565978495,-0.036830861740384,-1.0047320572226113,-1.0492596216532206,-4.260535921836492,2.3239740587759457,-3.617978861318591,3.8210428296242185,-11.314424614364327,0.0,2.0,4.0,4.0,4.0,4.0,4.0,4.0,4.0,4.0,4.0,4.0,4.0,4.0,4.0,4.0,100.0,,,,,,,,,,,,,,,,,,,,,,,,,,,,,,,,,,,,,,,
13869,1754692302.943737,108.1807610988617,1754692303.026557,44.0,0.0,-5.019551903366221,1.1878880576807092,-0.7012463351869087,-1.0921490650846977,7.391670603486716,1.4533795592535057,1.4770907240724114,0.4289510290311114,0.2720090394010981,0.5176806858905252,-0.7805085315774818,0.1673751198456443,-5.008419741625687,-10.824862858405425,0.0,2.0,4.0,4.0,4.0,4.0,4.0,4.0,4.0,4.0,4.0,4.0,4.0,4.0,4.0,4.0,100.0,0.318911999464035,0.62841796875,-0.29962158203125,0.64312744140625,0.993179202079773,-0.2109407186508178,-0.0361333638429641,-52.03936767578125,-109.91073608398438,4.187075614929199,,,,,,,,,,,,,,,,,,,,,,,,,,,,,
13870,1754692302.95154,108.18856406211852,1754692303.03426,45.0,0.0,-2.199803595467756,-10.044399786611166,-0.6681093107706602,-5.146782061474596,8.400492715220707,0.0604918700216785,3.0623800196478896,2.392138701529575,0.7036970594870127,5.846601631888234,-1.5847507306682471,1.1856505959037804,-4.835527415674733,0.110685409964617,0.0,2.0,4.0,4.0,4.0,4.0,4.0,4.0,4.0,4.0,4.0,4.0,4.0,4.0,4.0,4.0,100.0,,,,,,,,,,,,,,,,,,,,,,,,,,,,,,,,,,,,,,,
13871,1754692302.959343,108.19636702537537,1754692303.0420642,46.0,0.0,-0.8820391313002744,-14.471827831020704,0.2670984023242511,-3.2908663041535817,7.890570286960525,2.587036492895919,-1.758462872055219,-1.0662181865937723,-2.411528938114856,5.973833932041003,1.6831618921804932,-0.8419450290458315,0.8674415837082563,1.7309633407820968,0.0,2.0,4.0,4.0,4.0,4.0,4.0,4.0,4.0,4.0,4.0,4.0,4.0,4.0,4.0,4.0,100.0,,,,,,,,,,,,,,,,,,,,,,,,,,,,,,,,,,,,,,,
13872,1754692302.967146,108.2041699886322,1754692303.049767,47.0,0.0,-1.0350874269551298,-14.178000405955032,1.824784274256757,2.659307080657612,10.49724233511742,2.077619407605283,-1.4633278358086557,-2.3584105130334194,-3.0674977296293093,8.334920199899528,4.082719282005286,-1.0646599209921137,-2.260534693428468,-0.7381008853352853,0.0,2.0,4.0,4.0,4.0,4.0,4.0,4.0,4.0,4.0,4.0,4.0,4.0,4.0,4.0,4.0,100.0,,,,,,,,,,,,,,,,,,,,,,,,,,,,,,,,,,,,,,,
13873,1754692302.974949,108.21197295188904,1754692303.05757,48.0,0.0,0.9128747782639834,-19.503222371770164,-0.3843871794741176,2.605682527399665,6.606431492769559,-5.76243316716392,-1.8168037688013208,-2.54645692677542,-0.127433204233796,12.358550922224993,4.971195446549871,-1.4439540364595018,-7.081463075003342,2.8004778100805083,0.0,2.0,4.0,4.0,4.0,4.0,4.0,4.0,4.0,4.0,4.0,4.0,4.0,4.0,4.0,4.0,100.0,0.3179643452167511,0.62786865234375,-0.2996826171875,0.64410400390625,0.9995269775390624,-0.2172884792089462,-0.0361333638429641,-52.63752365112305,-109.31258392333984,4.33661413192749,,,,,,,,,,,,,,,,,,,,,,,,,,,,,
13874,1754692302.982752,108.21977615356444,1754692303.065273,49.0,0.0,6.284747270194913,-24.63535178363938,-2.317000161325467,0.8148896365972007,2.140714552595256,-8.647177619970279,-4.342868506867688,-2.6444851585613094,0.7245095069058891,11.327194512311308,2.9389191329662765,-1.4218239472095036,-0.2357235619683422,3.531665665307429,0.0,2.0,4.0,4.0,4.0,4.0,4.0,4.0,4.0,4.0,4.0,4.0,4.0,4.0,4.0,4.0,100.0,,,,,,,,,,,,,,,,,,,,,,,,,,,,,,,,,,,,,,,
13875,1754692302.990555,108.22757911682127,1754692303.073077,50.0,0.0,4.615848816071434,-24.163533424320008,-0.2281844697921542,2.210512166731519,3.7609246034268153,-2.9070138337282287,-0.8174002867175432,-1.8223122306970936,-3.2488242332341315,9.59187453336483,-1.51923757913562,-0.4346713162898368,8.575469859594818,-1.1496308875260866,0.0,2.0,4.0,4.0,4.0,4.0,4.0,4.0,4.0,4.0,4.0,4.0,4.0,4.0,4.0,4.0,100.0,,,,,,,,,,,,,,,,,,,,,,,,,,,,,,,,,,,,,,,
13876,1754692302.998358,108.23538208007812,1754692303.0808802,51.0,0.0,-2.9125516864551173,-23.86022292333292,-2.24178437462524,2.3489061351674536,5.367087042381172,0.2345534931664588,4.256848752412225,-0.1819535814029222,-2.410665990497364,9.381962820469653,0.3083399114439089,-2.3131542376986545,4.25575864444636,-3.23560414595795,0.0,2.0,4.0,4.0,4.0,4.0,4.0,4.0,4.0,4.0,4.0,4.0,4.0,4.0,4.0,4.0,100.0,,,,,,,,,,,83.33333587646484,4.0,25.79409408569336,4.0,25.556612014770508,4.0,17.288862228393555,4.0,23.797992706298828,4.0,18.90423583984375,4.0,18.12076187133789,3.0,22.6181640625,4.0,21.01648330688477,4.0,21.226375579833984,4.0,26.17859649658203,3.0,29.456205368041992,4.0,17.12873077392578,4.0,27.37683868408203,4.0,25.3151969909668
13877,1754692303.006161,108.24318504333496,1754692303.088583,52.0,0.0,-3.4404444883709857,-25.02735204000988,-6.720729479209922,4.46216732724065,4.245825022431063,1.364227798742604,1.9989508279888923,-1.6166209607138171,2.0705741645690523,10.557027040141064,5.721505360161473,-5.230799002883714,-1.626683591070332,-2.995828773576477,0.0,2.0,4.0,4.0,4.0,4.0,4.0,4.0,4.0,4.0,4.0,4.0,4.0,4.0,4.0,4.0,100.0,0.3179189562797546,0.62750244140625,-0.29931640625,0.6446533203125,0.9858548641204834,-0.2280308306217193,-0.0390630960464477,-50.543983459472656,-108.11627197265624,4.187075614929199,,,,,,,,,,,,,,,,,,,,,,,,,,,,,
13878,1754692303.013964,108.2509880065918,1754692303.096286,53.0,0.0,0.9427397549158628,-23.38106867086645,-4.557688632083966,11.189593131585468,-0.568702289976784,4.788787706602932,0.7596080375512315,-4.7496629456225605,0.3851513192168454,9.078642988169747,5.6141112412539655,-3.789419046590696,-0.1826432923269862,-2.3355221893924067,0.0,2.0,4.0,4.0,4.0,4.0,4.0,4.0,4.0,4.0,4.0,4.0,4.0,4.0,4.0,4.0,100.0,,,,,,,,,,,,,,,,,,,,,,,,,,,,,,,,,,,,,,,
13879,1754692303.021767,108.25879096984865,1754692303.10409,54.0,0.0,3.1912931019736845,-15.288356547092093,-3.1378679340551514,9.06431674677188,-0.4723812158168528,5.195413005994311,2.6200726287146665,-5.513349958625071,-4.097268767681811,2.007699922416037,1.435477791640011,-3.6045067291794055,0.7952221281572349,0.3562834081234598,0.0,2.0,4.0,4.0,4.0,4.0,4.0,4.0,4.0,4.0,4.0,4.0,4.0,4.0,4.0,4.0,100.0,,,,,,,,,,,,,,,,,,,,,,,,,,,,,,,,,,,,,,,
13880,1754692303.02957,108.26659417152403,1754692303.1118932,55.0,0.0,1.9506720458080624,-13.823196823822798,-5.790317060887844,1.6731912224036591,5.407199215278126,3.818977590200177,3.143171449005024,-2.351232789976109,-2.180603897073013,2.7323017223466763,-1.840900758270834,-3.1265989942434658,-4.536308669057632,3.6954524674889058,0.0,2.0,4.0,4.0,4.0,4.0,4.0,4.0,4.0,4.0,4.0,4.0,4.0,4.0,4.0,4.0,100.0,,,,,,,,,,,,,,,,,,,,,,,,,,,,,,,,,,,,,,,
13881,1754692303.037373,108.27439713478088,1754692303.119596,56.0,0.0,0.4846679991593987,-25.78206813207072,-6.832886449791488,-0.9122622904426976,1.4312959624928112,1.4569749387612203,2.573819268416344,0.1463222852041212,-0.2995195248157074,10.492452080725968,-3.316089289302738,1.0086099189435913,-9.599343115602837,3.1502286085325863,0.0,2.0,4.0,4.0,4.0,4.0,4.0,4.0,4.0,4.0,4.0,4.0,4.0,4.0,4.0,4.0,100.0,0.3185318410396576,0.62701416015625,-0.29876708984375,0.64508056640625,0.990249514579773,-0.211429014801979,-0.0341802090406417,-52.03936767578125,-109.1630401611328,4.486152648925781,,,,,,,,,,,,,,,,,,,,,,,,,,,,,
13882,1754692303.045176,108.28220009803772,1754692303.127299,57.0,0.0,1.7709796817069332,-24.971668853133167,-4.864602357304818,-2.453938522260785,-4.023517162946689,3.8318349155968576,3.808814765751606,0.0570931294712977,-0.4672932160526102,11.407864553691809,-0.2681541813855688,3.377321975798452,-4.369478124535306,2.00750829566897,0.0,2.0,4.0,4.0,4.0,4.0,4.0,4.0,4.0,4.0,4.0,4.0,4.0,4.0,4.0,4.0,100.0,,,,,,,,,,,,,,,,,,,,,,,,,,,,,,,,,,,,,,,
13883,1754692303.052979,108.29000306129456,1754692303.135103,58.0,0.0,0.4298995240644103,-8.826751083300053,-2.029247359861813,-1.6419128400710292,-3.0875619648739416,4.145164961501166,2.1546689949647657,-1.6409803149475124,0.7819745117610069,6.044271394253599,3.618960763795428,-0.0143151319587673,-2.500673185435573,1.959912616048939,0.0,2.0,4.0,4.0,4.0,4.0,4.0,4.0,4.0,4.0,4.0,4.0,4.0,4.0,4.0,4.0,100.0,,,,,,,,,,,,,,,,,,,,,,,,,,,,,,,,,,,,,,,
13884,1754692303.060782,108.2978060245514,1754692303.1429062,59.0,0.0,-0.8068701000773331,-4.370059379644147,-1.302161681460177,1.3426079161519624,-3.474893703811915,-0.8053595024919673,1.3276918752564484,-0.2173711096273223,2.180253393888222,5.133144469627212,3.688531587597652,0.2758886903113193,-2.266149003514613,0.1855739119370696,0.0,2.0,4.0,4.0,4.0,4.0,4.0,4.0,4.0,4.0,4.0,4.0,4.0,4.0,4.0,4.0,100.0,,,,,,,,,,,,,,,,,,,,,,,,,,,,,,,,,,,,,,,
13885,1754692303.068585,108.30560898780824,1754692303.150609,60.0,0.0,-0.6121821558075453,-8.984561504160297,-5.569306648569977,-1.7576753353145025,-7.244878160707572,-2.739613322178116,1.585264281638615,3.280766854763556,3.208278841356446,5.402422872282955,1.611610120905539,0.1443629962628847,6.284053784905723,-1.4400454268633212,0.0,2.0,4.0,4.0,4.0,4.0,4.0,4.0,4.0,4.0,4.0,4.0,4.0,4.0,4.0,4.0,100.0,0.3184219896793365,0.6265869140625,-0.2984619140625,0.64569091796875,0.9956206679344176,-0.2065461277961731,-0.027832455933094,-52.93659973144531,-108.71442413330078,3.738460302352905,,,,,,,,,,,,,,,,,,,,,,,,,,,,,
13886,1754692303.076388,108.31341195106506,1754692303.158312,61.0,0.0,-1.3835404810628231,-3.336567859413549,-5.00514018264164,-3.3358408762791214,-11.27451394418256,-0.654186537244982,-2.094429371198544,2.933552829187761,4.96168342072508,3.154436736273624,4.059179614995287,-2.158650045333502,10.3896774914125,3.538657745657588,0.0,2.0,4.0,4.0,4.0,4.0,4.0,4.0,4.0,4.0,4.0,4.0,4.0,4.0,4.0,4.0,100.0,,,,,,,,,,,,,,,,,,,,,,,,,,,,,,,,,,,,,,,
13887,1754692303.084191,108.32121515274048,1754692303.166116,62.0,0.0,-3.491182951574729,1.7508182811145616,-0.5328941829418454,-2.1127878316326587,-13.374447084956728,-0.9528082195595288,-4.508392144614618,0.2093025411138569,3.4898782727657363,1.643765057142673,4.217523640765421,0.8989689217326031,-0.9043645669696616,5.071814066022625,0.0,2.0,4.0,4.0,4.0,4.0,4.0,4.0,4.0,4.0,4.0,4.0,4.0,4.0,4.0,4.0,100.0,,,,,,,,,,,,,,,,,,,,,,,,,,,,,,,,,,,,,,,
13888,1754692303.091994,108.32901811599731,1754692303.173919,63.0,0.0,-1.9987069807761488,4.137967878638449,1.0121752832770312,-2.2492241381564213,-7.845682670865642,-1.7705649771205003,-0.3450532292958428,2.622776183622648,0.6369093487751911,1.084957644572171,-1.2424932730545493,5.469596297742612,-4.289886193032487,3.502464728192592,0.0,2.0,4.0,4.0,4.0,4.0,4.0,4.0,4.0,4.0,4.0,4.0,4.0,4.0,4.0,4.0,100.0,,,,,,,,,,,,,,,,,,,,,,,,,,,,,,,,,,,,,,,
13889,1754692303.099797,108.33682107925416,1754692303.181622,64.0,0.0,-0.4093256523341892,9.152588516597971,-0.6537937541742735,-1.5699270424651672,-1.7165215085937575,-0.6458441359281437,1.5316603376418811,5.130961699821512,0.2180868853566266,-1.2843525398815814,-4.162116975877268,2.0249363622547776,-0.7813675029350975,5.696490434606915,3336.0,2.0,4.0,4.0,4.0,4.0,4.0,4.0,4.0,4.0,4.0,4.0,4.0,4.0,4.0,4.0,100.0,0.3183234632015228,0.626220703125,-0.29827880859375,0.64617919921875,0.991226077079773,-0.1997100859880447,-0.0395513847470283,-51.29167556762695,-106.62088775634766,3.738460302352905,,,,,,,,,,,,,,,,,,,,,,,,,,,,,
13890,1754692303.1076,108.344624042511,1754692303.189325,65.0,0.0,-1.281870327609283,10.478183564305311,1.1690985993460004,3.2566130887267377,-1.5989790718135168,-0.4496947976444403,2.1757133299848306,6.177888783290712,3.14357823428287,-1.9840325121585352,-5.324438018311355,-3.5828620387350725,-9.067933023747798,-1.1738134543879255,3509.0,2.0,4.0,4.0,4.0,4.0,4.0,4.0,4.0,4.0,4.0,4.0,4.0,4.0,4.0,4.0,100.0,,,,,,,,,,,,,,,,,,,,,,,,,,,,,,,,,,,,,,,
13891,1754692303.115403,108.35242700576782,1754692303.197129,66.0,0.0,-0.6320297886298363,9.871449111855496,3.852591667322656,2.2665330494943987,-1.776999692689344,-2.2521648659438256,1.4853666515898,5.070662608873306,2.853809318707306,-1.897924299491763,-6.956417620480181,-0.0465903730367358,-11.09553535215406,-8.874647318788277,3506.0,2.0,4.0,4.0,4.0,4.0,4.0,4.0,4.0,4.0,4.0,4.0,4.0,4.0,4.0,4.0,100.0,,,,,,,,,,,,,,,,,,,,,,,,,,,,,,,,,,,,,,,
13892,1754692303.123206,108.36022996902466,1754692303.204932,67.0,0.0,0.5950747190648258,12.305035728902851,1.5498260371912806,-0.5180431250961988,-6.355938346905248,-2.889749172011932,-2.2760505176271977,0.8491713780325085,-0.3134485526581443,-3.576253435017577,1.882433357063576,4.363474332257567,2.7933306650077725,-1.76896329597065,3616.0,2.0,4.0,4.0,4.0,4.0,4.0,4.0,4.0,4.0,4.0,4.0,4.0,4.0,4.0,4.0,100.0,,,,,,,,,,,,,,,,,,,,,,,,,,,,,,,,,,,,,,,
13893,1754692303.131009,108.36803317070007,1754692303.212635,68.0,0.0,0.2243489469040582,8.211656409357431,-3.7197341134835256,1.1200821696332357,-12.728829200176447,-1.795581438899433,-4.699817869907463,-2.4672335798274503,-1.0724215106330917,-5.280811704315681,11.13714282801385,2.981843501387914,13.36578150295469,4.7286960249182926,3624.0,2.0,4.0,4.0,4.0,4.0,4.0,4.0,4.0,4.0,4.0,4.0,4.0,4.0,4.0,4.0,100.0,0.5607014298439026,0.35858154296875,-0.59490966796875,0.45068359375,0.9990386962890624,-0.1997100859880447,-0.0458991378545761,-52.63752365112305,-107.2190399169922,3.1403067111968994,,,,,,,,,,,,,,,,,,,,,,,,,,,,,
13894,1754692303.138812,108.37583613395692,1754692303.220338,69.0,0.0,-1.1856835769003735,-0.2380657084868289,-5.2180992176463405,1.4473268652609477,-10.923197172928669,-3.07330524938061,-4.132362923591245,-0.64298722029298,2.606695937228324,0.1237361303360558,9.03847819338216,0.9622828222354656,15.150131324296352,4.796321259602337,3519.0,2.0,4.0,4.0,4.0,4.0,4.0,4.0,4.0,4.0,4.0,4.0,4.0,4.0,4.0,4.0,100.0,,,,,,,,,,,,,,,,,,,,,,,,,,,,,,,,,,,,,,,
13895,1754692303.146615,108.38363909721376,1754692303.228142,70.0,0.0,-4.82644167242978,-0.3141758605613063,-4.05713078625439,-0.7344498212179928,-7.272707127281308,-5.6179047875027095,-4.813432918437854,0.5259041818424635,4.890003817143963,5.863745010925243,6.36139211858773,1.5005350388590273,15.452794023906849,3.00274634862609,3492.0,2.0,4.0,4.0,4.0,4.0,4.0,4.0,4.0,4.0,4.0,4.0,4.0,4.0,4.0,4.0,100.0,,,,,,,,,,,,,,,,,,,,,,,,,,,,,,,,,,,,,,,
13896,1754692303.154418,108.39144206047058,1754692303.235845,71.0,0.0,-7.348038159592022,-0.5696041984594444,-3.171340459952887,-3.518123399842977,-3.098016381994228,-2.052633830962065,-1.1838889096108574,1.2727395841455404,3.8356147446823456,7.206338760635219,5.51196997148628,3.248579527402228,10.24173773188869,-1.452790535203519,3512.0,2.0,4.0,4.0,4.0,4.0,4.0,4.0,4.0,4.0,4.0,4.0,4.0,4.0,4.0,4.0,100.0,,,,,,,,,,,,,,,,,,,,,,,,,,,,,,,,,,,,,,,
13897,1754692303.162221,108.39924502372742,1754692303.2435482,72.0,0.0,-4.6552856516507575,-3.563612316119162,-0.906805502622575,-5.90127652299887,0.633462592599443,1.3493337979218438,2.2451344131052053,2.3528281370397224,0.66967842061851,5.281237583523506,-1.5672853643593785,2.0980820634488,0.1249364545683135,-2.401402462174957,3591.0,2.0,4.0,4.0,4.0,4.0,4.0,4.0,4.0,4.0,4.0,4.0,4.0,4.0,4.0,4.0,100.0,0.5610328912734985,0.358642578125,-0.59442138671875,0.45086669921875,0.9970855116844176,-0.1997100859880447,-0.0380865186452865,-51.29167556762695,-109.1630401611328,4.785229206085205,,,,,,,,,,,,,,,,,,,,,,,,,,,,,
13898,1754692303.170024,108.40704798698424,1754692303.251351,73.0,0.0,0.6712856268145515,0.7588607496322766,2.294434106040171,-2.3274958079223325,3.5498396467023667,-0.4690992955429465,-0.197360977126209,1.998331136768684,-3.1241047745202195,4.216874265603565,-5.104929132642155,1.3640055546625265,-3.096247404413816,-1.79852698728655,3632.0,2.0,4.0,4.0,4.0,4.0,4.0,4.0,4.0,4.0,4.0,4.0,4.0,4.0,4.0,4.0,100.0,,,,,,,,,,,,,,,,,,,,,,,,,,,,,,,,,,,,,,,
13899,1754692303.177827,108.41485095024107,1754692303.259155,74.0,0.0,1.9322599841301555,4.900264900563684,2.371387047661188,6.474176446684737,10.478313649796632,-0.0975860589638841,-1.584673440800202,0.2954649798483615,-5.11836563674035,-1.8601871960860308,-1.8729519983131693,0.8162866825235824,-4.540816006376531,-7.860942872091641,3611.0,2.0,4.0,4.0,4.0,4.0,4.0,4.0,4.0,4.0,4.0,4.0,4.0,4.0,4.0,4.0,100.0,,,,,,,,,,,,,,,,,,,,,,,,,,,,,,,,,,,,,,,
13900,1754692303.18563,108.4226541519165,1754692303.266858,75.0,0.0,-0.2765620039679106,4.650118211013023,2.372275045478773,11.987141056880546,12.867040745645909,-0.085314585666083,2.39742097637577,-0.2770036543004153,-3.485820471164743,-9.887720302803473,-1.7225286030741245,1.0775332963187338,-4.56205635230458,-5.981172032151108,3574.0,2.0,4.0,4.0,4.0,4.0,4.0,4.0,4.0,4.0,4.0,4.0,4.0,4.0,4.0,4.0,100.0,,,,,,,,,,,,,,,,,,,,,,,,,,,,,,,,,,,,,,,
13901,1754692303.193433,108.43045711517334,1754692303.2745612,76.0,0.0,-1.1939697838878942,4.458631487763398,2.2573013596993974,6.616847691748319,0.7594586508567431,-3.002254675662641,-0.1173757206187815,1.0796402005731238,-1.1409636278198718,-6.620350999737127,-2.8242105722655992,1.5304340991161212,-3.360135108427756,1.9069867540461587,3552.0,2.0,4.0,4.0,4.0,4.0,4.0,4.0,4.0,4.0,4.0,4.0,4.0,4.0,4.0,4.0,100.0,0.5609831809997559,0.35888671875,-0.59381103515625,0.4515380859375,0.9887846112251282,-0.1992217898368835,-0.0268558785319328,-50.99259948730469,-108.71442413330078,4.785229206085205,,,,,,,,,,,,,,,,,,,,,,,,,,,,,
13902,1754692303.201236,108.43826007843018,1754692303.282364,77.0,0.0,1.4655510957417732,7.21909236633104,0.5097447620641447,1.1414572175016815,-4.612286924444618,0.0288656524803059,-5.207225451702527,0.1670465975657293,1.2066214495361578,-1.4860154854669076,0.2485957303123882,-0.2403160441927525,-1.9064046546412208,-0.3693784302645895,3332.0,2.0,4.0,4.0,4.0,4.0,4.0,4.0,4.0,4.0,4.0,4.0,4.0,4.0,4.0,4.0,100.0,,,,,,,,,,,,,,,,,,,,,,,,,,,,,,,,,,,,,,,
13903,1754692303.209039,108.446063041687,1754692303.290168,78.0,0.0,6.517784783966135,9.068017855100834,-0.7205443658870081,4.785171840525663,1.4576293458687817,3.985873689037589,-4.770477653670014,-7.900169618896825,0.6411565190444435,-8.243905055920777,2.786234778871176,-3.630715987910434,-1.4790770724991944,-3.040556906525353,3611.0,2.0,4.0,4.0,4.0,4.0,4.0,4.0,4.0,4.0,4.0,4.0,4.0,4.0,4.0,4.0,100.0,,,,,,,,,,,,,,,,,,,,,,,,,,,,,,,,,,,,,,,
13904,1754692303.216842,108.45386600494383,1754692303.297871,79.0,0.0,6.527264113347485,6.663250672314064,1.2638084275181996,7.210037964401238,2.774266977170157,3.2759208927218992,-3.038278086333264,-11.313671874556746,-2.6503459975955934,-10.98449647312458,-1.635629616644053,-3.431957022462882,-3.1868214098271324,3.197078812989787,3574.0,2.0,4.0,4.0,4.0,4.0,4.0,4.0,4.0,4.0,4.0,4.0,4.0,4.0,4.0,4.0,100.0,,,,,,,,,,,,,,,,,,,,,,,,,,,,,,,,,,,,,,,
13905,1754692303.224645,108.46166896820068,1754692303.3055742,80.0,0.0,0.7565043376217204,1.7854180457471216,2.6512062495285704,0.5250346364110214,5.322508948326743,3.622029450202774,-0.9964129497329282,-1.992455701029883,-3.825923531490787,-2.25806470815445,-6.460163418646914,-0.4712299103911732,-6.472592447605109,8.743708639280669,3552.0,2.0,4.0,4.0,4.0,4.0,4.0,4.0,4.0,4.0,4.0,4.0,4.0,4.0,4.0,4.0,100.0,0.5613575577735901,0.35882568359375,-0.59326171875,0.45184326171875,0.9858548641204834,-0.2016632407903671,-0.0292973220348358,-52.93659973144531,-109.46212005615234,3.738460302352905,,,,,,,,,,,,,,,,,,,,,,,,,,,,,
13906,1754692303.232448,108.4694721698761,1754692303.3133771,81.0,0.0,0.7559436406102122,-1.0301982806138312,0.4252889665715429,-2.2755289521271607,10.885081968653369,2.883153113826438,0.9445021116600856,3.18028749766404,-1.863008085464344,0.1598474855370568,-4.940232208594125,-2.436492030683212,-6.288050337139339,6.131133483276017,3332.0,2.0,4.0,4.0,4.0,4.0,4.0,4.0,4.0,4.0,4.0,4.0,4.0,4.0,4.0,4.0,100.0,,,,,,,,,,,,,,,,,,,,,,,,,,,,,,,,,,,,,,,
13907,1754692303.240251,108.47727513313292,1754692303.321181,82.0,0.0,5.478709825060378,0.3941439475570405,0.1245882128796438,2.3140723329383945,7.578975857016758,-0.9162871850494412,2.097253341594751,0.828309361972515,-1.2230877153501751,-4.571785751344123,-1.8854444580319976,-2.6350728191441704,-5.238815749061359,0.5805244944276637,3611.0,2.0,4.0,4.0,4.0,4.0,4.0,4.0,4.0,4.0,4.0,4.0,4.0,4.0,4.0,4.0,100.0,,,,,,,,,,,,,,,,,,,,,,,,,,,,,,,,,,,,,,,
13908,1754692303.248054,108.48507809638976,1754692303.328884,83.0,0.0,5.659739093498615,4.7261912433961015,1.8116604186208176,1.154076971541258,2.325665669474916,-1.5579901137383558,1.6166557073294143,-0.9496852451287624,-3.879164894693872,-2.151467244084301,-1.9162650974238888,0.2585218859450151,-6.834383550735197,-0.4169745271454985,3574.0,2.0,4.0,4.0,4.0,4.0,4.0,4.0,4.0,4.0,4.0,4.0,4.0,4.0,4.0,4.0,100.0,,,,,,,,,,,,,,,,,,,,,,,,,,,,,,,,,,,,,,,
13909,1754692303.255857,108.4928810596466,1754692303.3365872,84.0,0.0,3.5116810401806333,8.597285271110763,1.4354711449460638,0.1201979542003073,5.928664888621938,1.418670009306993,-1.6702831279025077,-5.121432485458058,-3.723836814540277,0.0579154235530268,-1.0075578168392667,-1.963432516124044,-2.948504486449906,1.6090189288594274,3552.0,2.0,4.0,4.0,4.0,4.0,4.0,4.0,4.0,4.0,4.0,4.0,4.0,4.0,4.0,4.0,100.0,0.561707079410553,0.3590087890625,-0.5927734375,0.451904296875,0.990737795829773,-0.1933623254299163,-0.0263675898313522,-52.48798370361328,-106.9199676513672,4.486152648925781,,,,,,,,,,,,,,,,,,,,,,,,,,,,,
13910,1754692303.26366,108.50068402290344,1754692303.3443902,85.0,0.0,1.3038375251256014,4.463370147879033,0.4392429778361304,6.172847864169199,6.827285183974055,0.8081691471518582,-7.231229792179619,-8.309377477183006,0.1149660282406159,-6.099194336136151,1.1951832889592708,-4.574063478533134,1.8478909549380944,-1.1352264437184374,3332.0,2.0,4.0,4.0,4.0,4.0,4.0,4.0,4.0,4.0,4.0,4.0,4.0,4.0,4.0,4.0,100.0,,,,,,,,,,,,,,,,,,,,,,,,,,,,,,,,,,,,,,,
13911,1754692303.271463,108.50848698616028,1754692303.3520942,86.0,0.0,-1.1084270140883064,2.9397620422690807,-1.570342701321465,7.832160921938225,1.1180153741314598,2.821627921342838,-5.730726138297655,-6.063192639309477,0.9605591868865986,-8.226622937635625,4.064025480122723,-2.6914129179714337,4.331791723068022,-2.469781891248772,3611.0,2.0,4.0,4.0,4.0,4.0,4.0,4.0,4.0,4.0,4.0,4.0,4.0,4.0,4.0,4.0,100.0,,,,,,,,,,,,,,,,,,,,,,,,,,,,,,,,,,,,,,,
13912,1754692303.279266,108.5162901878357,1754692303.3598971,87.0,0.0,-0.9939256132483932,8.708452620893695,-6.996522479473242,1.5246260758895005,0.8227535825626546,4.695901978058373,0.4344252933033203,-5.0573616908254735,-2.9178438807816747,-2.4946988772157965,3.194773816457655,-1.8834297708772283,6.31636086077674,-0.6045245068717122,3574.0,2.0,4.0,4.0,4.0,4.0,4.0,4.0,4.0,4.0,4.0,4.0,4.0,4.0,4.0,4.0,100.0,,,,,,,,,,,,,,,,,,,,,,,,,,,,,,,,,,,,,,,
13913,1754692303.287069,108.52409315109252,1754692303.3676,88.0,0.0,2.934430037032655,6.23760442457484,-7.4388524262512306,-0.9331352548164772,5.182549145939959,1.8378588070264072,-0.5112490069627142,-4.294361846229037,-5.621535241290019,0.7307694485007801,-2.3908450611883723,0.0636218207706065,-1.3769322605521097,2.57991150722188,3552.0,2.0,4.0,4.0,4.0,4.0,4.0,4.0,4.0,4.0,4.0,4.0,4.0,4.0,4.0,4.0,100.0,0.5624465346336365,0.35906982421875,-0.5924072265625,0.451416015625,0.9975737929344176,-0.1977569311857223,-0.0209964141249656,-52.63752365112305,-109.01350402832033,5.084306240081787,,,,,,,,,,,,,,,,,,,,,,,,,,,,,
13914,1754692303.294872,108.53189611434937,1754692303.375503,89.0,0.0,7.008918799668095,-1.7754123392738848,-0.3363906818768782,0.8062874250807681,3.965328366320932,-4.181241294784854,-2.6086316112597387,0.1903158946755638,-5.700909932877153,0.8853498010265639,-1.1268468546933263,7.348006943130599,-10.055681568128762,6.668243603545648,3332.0,2.0,4.0,4.0,4.0,4.0,4.0,4.0,4.0,4.0,4.0,4.0,4.0,4.0,4.0,4.0,100.0,,,,,,,,,,,,,,,,,,,,,,,,,,,,,,,,,,,,,,,
13915,1754692303.302675,108.5396990776062,1754692303.383307,90.0,0.0,5.560247967138878,-4.018964320966859,4.860069837977392,-0.1887684217198852,-3.082691900084626,-9.451687539904412,-1.706842687054575,0.635530976418579,-7.066965430892594,3.3178202559757324,1.1485709383992455,7.3944366956675935,-4.446317742065673,3.895345159032388,3611.0,2.0,4.0,4.0,4.0,4.0,4.0,4.0,4.0,4.0,4.0,4.0,4.0,4.0,4.0,4.0,100.0,,,,,,,,,,,,,,,,,,,,,,,,,,,,,,,,,,,,,,,
13916,1754692303.310478,108.54750204086304,1754692303.3911102,91.0,0.0,4.20643132299972,0.9803148053787254,4.038613160058844,-0.0476838961827752,-2.368669152877942,-4.596876614206508,0.7556858080073425,-0.2445689126867591,-3.8232539275505815,2.952638880675181,-1.9594526605916367,-0.3239905980332196,5.359691868604273,-2.112943426566858,3574.0,2.0,4.0,4.0,4.0,4.0,4.0,4.0,4.0,4.0,4.0,4.0,4.0,4.0,4.0,4.0,100.0,,,,,,,,,,,,,,,,,,,,,,,,,,,,,,,,,,,,,,,
13917,1754692303.318281,108.55530500411987,1754692303.398813,92.0,0.0,3.149181699101689,1.117567860150018,0.7388017319842106,0.5799890031509563,-0.3796321073744479,0.5586217981519326,-0.2513263878420844,0.1566148986809707,2.1507414921163104,-2.520636796901556,-2.7182071687078064,-6.266387258332827,1.4495967376237218,-6.596856165629845,3552.0,2.0,4.0,4.0,4.0,4.0,4.0,4.0,4.0,4.0,4.0,4.0,4.0,4.0,4.0,4.0,100.0,0.5632476806640625,0.35931396484375,-0.59210205078125,0.45062255859375,0.9814602732658386,-0.190920889377594,-0.0351567864418029,-52.03936767578125,-105.87319946289062,4.785229206085205,,,,,,,,,,,,,,,,,,,,,,,,,,,,,
13918,1754692303.326084,108.56310796737672,1754692303.406716,93.0,0.0,0.3189809857950081,-0.5690264967669805,5.118242808963771,2.221275309497344,-1.2108108352230715,-0.3824289501534963,-0.2483344604360695,1.3030463200566942,5.549597186012363,-0.7568774761243162,1.383742018479154,-1.0491019408499938,-2.769250715894657,-2.134479253324514,3332.0,2.0,4.0,4.0,4.0,4.0,4.0,4.0,4.0,4.0,4.0,4.0,4.0,4.0,4.0,4.0,100.0,,,,,,,,,,,,,,,,,,,,,,,,,,,,,,,,,,,,,,,
13919,1754692303.333887,108.57091116905212,1754692303.414519,94.0,0.0,-3.2346350058190296,-0.9927371906231316,6.722117524277735,-2.865300952406244,-5.651805000542765,-2.56751283915429,0.7152039464696713,2.433177121194319,4.063130921967229,3.524579797278591,0.6065834017128395,1.1339345291623315,-1.610675837505653,0.2820268687439125,3611.0,2.0,4.0,4.0,4.0,4.0,4.0,4.0,4.0,4.0,4.0,4.0,4.0,4.0,4.0,4.0,100.0,,,,,,,,,,,,,,,,,,,,,,,,,,,,,,,,,,,,,,,
13920,1754692303.34169,108.57871413230896,1754692303.422323,95.0,0.0,-1.739220803759963,2.0708394564276205,2.5417034664787934,-5.523759621297359,-5.945261210893477,-0.6920803327975591,2.6014151385952573,6.67051128929279,5.891360474732664,3.60826151010906,-1.2101844132753286,-3.8352369594394986,-2.094539522881405,-1.4779329887874155,3574.0,2.0,4.0,4.0,4.0,4.0,4.0,4.0,4.0,4.0,4.0,4.0,4.0,4.0,4.0,4.0,100.0,,,,,,,,,,,,,,,,,,,,,,,,,,,,,,,,,,,,,,,
13921,1754692303.349493,108.5865170955658,1754692303.430026,96.0,0.0,-1.506142460934086,7.182889000667558,-0.4853761513083441,1.7450156763287057,-2.71498726765384,0.3352259471724323,5.185949069790524,7.858333840605439,6.773948973740346,-1.7275687471494052,-0.8321160662459874,-4.312269433630888,-4.638602629653349,-2.8012651080991304,3552.0,2.0,4.0,4.0,4.0,4.0,4.0,4.0,4.0,4.0,4.0,4.0,4.0,4.0,4.0,4.0,100.0,0.5644855499267578,0.35968017578125,-0.5916748046875,0.4493408203125,0.9941558241844176,-0.1889677345752716,-0.020508125424385,-52.48798370361328,-107.36858367919922,5.532921314239502,,,,,,,,,,,,,,,,,,,,,,,,,,,,,
13922,1754692303.357296,108.59432005882265,1754692303.4379292,97.0,0.0,-4.238998849479231,12.723371902375677,1.4967181524116313,4.707348842287956,-4.90447231580356,-0.4625688098813043,6.652884402439213,6.642698184874007,1.1108889642159738,-4.29211361497164,-2.231467514529413,-1.0366148620200877,-4.5226137889656,0.654694076994474,3332.0,2.0,4.0,4.0,4.0,4.0,4.0,4.0,4.0,4.0,4.0,4.0,4.0,4.0,4.0,4.0,100.0,,,,,,,,,,,,,,,,,,,,,,,,,,,,,,,,,,,,,,,
13923,1754692303.365099,108.60212302207948,1754692303.445732,98.0,0.0,-4.371209032072613,19.782003307012644,3.201051983925652,-0.2005476101188037,-10.556107761529631,0.4623547581965681,5.810394341086692,5.0366541480049705,-1.0868066551041125,-3.25610722051016,-1.8495495277223315,-0.8680391901046391,-1.6032430355529073,1.944779276480574,3611.0,2.0,4.0,4.0,4.0,4.0,4.0,4.0,4.0,4.0,4.0,4.0,4.0,4.0,4.0,4.0,100.0,,,,,,,,,,,,,,,,,,,,,,,,,,,,,,,,,,,,,,,
13924,1754692303.372902,108.6099259853363,1754692303.453535,99.0,0.0,-2.4130758628921853,25.849762159183623,-1.6250803709982051,-0.8498376469947857,-14.388244085933875,0.3480651119893423,5.724492963229238,1.24818792965101,3.092062236762501,-6.984239908450547,2.4095275596613988,-2.0778234132190505,2.9600366928024755,-4.01016362291972,3574.0,2.0,4.0,4.0,4.0,4.0,4.0,4.0,4.0,4.0,4.0,4.0,4.0,4.0,4.0,4.0,100.0,,,,,,,,,,,,,,,,,,,,,,,,,,,,,,,,,,,,,,,
13925,1754692303.380705,108.61772918701172,1754692303.461239,100.0,0.0,-1.064029515381577,27.30061982657716,-4.131169397645323,1.1010620220896217,-12.055000638299958,3.927965621941979,5.958968463204741,-1.527273371317193,3.615009314071443,-10.792730248271624,1.159385570495573,-1.7972089610629212,2.6442243387503765,-5.71937797446563,3552.0,2.0,4.0,4.0,4.0,4.0,4.0,4.0,4.0,4.0,4.0,4.0,4.0,4.0,4.0,4.0,100.0,0.5654106736183167,0.3603515625,-0.59130859375,0.4481201171875,0.992690920829773,-0.1948271989822387,-0.0297856107354164,-50.39444732666016,-107.51811981201172,5.084306240081787,,,,,,,,,,,,,,,,,,,,,,,,,,,,,
13926,1754692303.388508,108.62553215026855,1754692303.4689422,101.0,0.0,0.1628650338857937,24.399726353102835,2.277522497358916,-0.4354605760540266,-4.610051972843792,4.559399154613914,5.219806603811378,0.0345321079121845,2.2577102109772227,-6.382052466614312,-3.542387247441127,0.7423617039299302,-6.415024327944991,-1.4971437305688935,3332.0,2.0,4.0,4.0,4.0,4.0,4.0,4.0,4.0,4.0,4.0,4.0,4.0,4.0,4.0,4.0,100.0,,,,,,,,,,,,,,,,,,,,,,,,,,,,,,,,,,,,,,,
13927,1754692303.396311,108.6333351135254,1754692303.4767451,102.0,0.0,0.131068508771591,20.916073691358747,5.5105845663157424,-3.4352630091592573,-1.232778593654416,-1.0598369546459026,5.886864358840853,3.377067897984148,0.7542494689611203,-4.829807876535483,-2.660517048408906,1.2557788623786337,-9.35799974361646,-0.5650321413862684,3611.0,2.0,4.0,4.0,4.0,4.0,4.0,4.0,4.0,4.0,4.0,4.0,4.0,4.0,4.0,4.0,100.0,,,,,,,,,,,,,,,,,,,,,,,,,,,,,,,,,,,,,,,
13928,1754692303.404114,108.64113807678224,1754692303.484548,103.0,0.0,-1.261549336147482,21.38442368772189,2.191505371665471,-4.875485722391431,-2.35747784543787,1.864708934474265,6.0221411397176325,5.068239691749341,-1.0440336375002062,-6.004664122571057,0.9137947869041908,0.4829887059420343,-0.7899369799004035,-2.5921024413539726,3574.0,2.0,4.0,4.0,4.0,4.0,4.0,4.0,4.0,4.0,4.0,4.0,4.0,4.0,4.0,4.0,100.0,,,,,,,,,,,,,,,,,,,,,,,,,,,,,,,,,,,,,,,
13929,1754692303.411917,108.64894104003906,1754692303.492252,104.0,0.0,-3.1526865670976463,17.40691667359664,3.042189153562447,-4.410529973138239,-2.5481605016303206,8.172969217799562,2.9882806922768737,2.827181381972366,-0.2832626791005737,-5.093717934503331,-1.4021564163058997,0.8008867502994121,-0.305564392605504,-2.077204834906354,3552.0,2.0,4.0,4.0,4.0,4.0,4.0,4.0,4.0,4.0,4.0,4.0,4.0,4.0,4.0,4.0,100.0,0.3169925510883331,0.62548828125,-0.29779052734375,0.64776611328125,1.0014801025390625,-0.1855497062206268,-0.025391012430191,-52.93659973144531,-106.62088775634766,5.981536388397217,,,,,,,,,,,,,,,,,,,,,,,,,,,,,
13930,1754692303.41972,108.6567440032959,1754692303.4999552,105.0,0.0,-4.121507636929977,9.105985314501964,2.684223236764325,0.428744946341709,0.9594473964588416,9.975716958899651,1.296789698470917,-1.20354439283264,2.4890756838766777,-7.1065073993723615,-3.089272642899772,-1.5724252210385146,-1.3962006215145664,-1.0018874897624244,3332.0,2.0,4.0,4.0,4.0,4.0,4.0,4.0,4.0,4.0,4.0,4.0,4.0,4.0,4.0,4.0,100.0,,,,,,,,,,,,,,,,,,,,,,,,,,,,,,,,,,,,,,,
13931,1754692303.427523,108.66454696655272,1754692303.507758,106.0,0.0,-4.439650757165566,1.3990069143214328,-2.4083366908462835,0.3162873989239756,2.7180433788116147,8.08209732972631,1.0382037773387651,-0.7285645153606879,4.729071787413375,-2.2060386764933924,-0.9371471492445947,-4.468980099588464,5.404454019243474,-1.5997911282971131,3611.0,2.0,4.0,4.0,4.0,4.0,4.0,4.0,4.0,4.0,4.0,4.0,4.0,4.0,4.0,4.0,100.0,,,,,,,,,,,,,,,,,,,,,,,,,,,,,,,,,,,,,,,
13932,1754692303.435326,108.67235016822816,1754692303.515561,107.0,0.0,-4.446412945891666,-10.041595921844989,-2.5906716753926275,-4.824159536600405,4.708610935181582,3.694575373884959,3.5900847316755744,3.822655530539009,3.3343365470367416,8.715540287715498,-3.2584273685835115,-1.4346796825772117,1.1111950198477416,-5.441484145159961,3574.0,2.0,4.0,4.0,4.0,4.0,4.0,4.0,4.0,4.0,4.0,4.0,4.0,4.0,4.0,4.0,100.0,,,,,,,,,,,,,,,,,,,,,,,,,,,,,,,,,,,,,,,
13933,1754692303.443129,108.680153131485,1754692303.5232651,108.0,0.0,-4.782806218337981,-15.89844873715353,-0.9659049716997004,-3.3760408788702705,5.001438946012087,2.590023046476773,6.135598214121302,4.39071731744346,1.2977394748377549,7.553505543990951,-2.340692793562056,0.9450295439192188,-2.5408707385451805,-9.319755516604316,3552.0,2.0,4.0,4.0,4.0,4.0,4.0,4.0,4.0,4.0,4.0,4.0,4.0,4.0,4.0,4.0,100.0,0.3172120749950409,0.62603759765625,-0.2977294921875,0.64715576171875,0.9668116569519044,-0.2006866633892059,-0.018066681921482,-51.14213943481445,-106.77043151855467,3.887998819351196,,,,,,,,,,,,,,,,,,,,,,,,,,,,,
13934,1754692303.450932,108.68795609474182,1754692303.5309682,109.0,0.0,-2.01241373589096,-11.33597976249007,-3.002714545306617,0.7251617369772703,1.0621225582597162,-0.0500798355035385,-3.109120866220337,0.5913262343935912,3.4039571171263105,3.3632844647988804,3.239215463542905,-1.9739413929185048,9.071597152740653,-1.5813910288604802,3332.0,2.0,4.0,4.0,4.0,4.0,4.0,4.0,4.0,4.0,4.0,4.0,4.0,4.0,4.0,4.0,100.0,,,,,,,,,,,,,,,,,,,,,,,,,,,,,,,,,,,,,,,
13935,1754692303.458735,108.69575905799866,1754692303.5387712,110.0,0.0,3.454864470749385,-12.982034598055066,-1.771380309155461,-1.3585107956367892,2.04570804975549,-8.286409177557175,-11.106485809275796,-3.0450702308916107,1.6481596154263798,4.475736129380607,2.176414488029081,-3.150185288276475,9.049563542681083,11.56835236017389,3611.0,2.0,4.0,4.0,4.0,4.0,4.0,4.0,4.0,4.0,4.0,4.0,4.0,4.0,4.0,4.0,100.0,,,,,,,,,,,,,,,,,,,,,,,,,,,,,,,,,,,,,,,
13936,1754692303.466538,108.7035620212555,1754692303.546574,111.0,0.0,8.505208337832357,-14.197718863870191,3.157563628113678,-1.015749447487849,9.33641192861984,-7.016710563859704,-2.5290701324519773,-2.390491628248526,-5.278920951217458,0.9511579608511624,1.5817841521739524,-0.362134480092152,0.6069399471417114,20.09705554594172,3574.0,2.0,4.0,4.0,4.0,4.0,4.0,4.0,4.0,4.0,4.0,4.0,4.0,4.0,4.0,4.0,100.0,,,,,,,,,,,,,,,,,,,,,,,,,,,,,,,,,,,,,,,
13937,1754692303.474341,108.71136498451231,1754692303.554378,112.0,0.0,9.004929728983285,-2.653946688933587,2.795030846668766,4.593937067987014,8.246179883122664,-4.284340475865605,-7.138305020786078,-7.331542320921557,-13.16515875018976,-3.718567383525709,0.7499150896295816,0.2091179162206629,2.308853627818877,22.9820990413804,3552.0,2.0,4.0,4.0,4.0,4.0,4.0,4.0,4.0,4.0,4.0,4.0,4.0,4.0,4.0,4.0,100.0,0.3176109790802002,0.62738037109375,-0.29779052734375,0.6456298828125,0.9809719920158386,-0.2089875638484954,-0.0083009079098701,-50.69352340698242,-104.97596740722656,3.887998819351196,,,,,,,,,,,,,,,,,,,,,,,,,,,,,
13938,1754692303.482144,108.71916818618774,1754692303.562181,113.0,0.0,15.358412895536674,8.918520574451975,2.956545498108369,9.624279224869897,5.056470031526658,-15.803754419147085,-22.747931892813146,-17.532601676475736,-17.756684904060933,-3.490162776255204,-1.6820499521300576,-0.427835039639433,4.472266083084776,29.3006052621426,3332.0,2.0,4.0,4.0,4.0,4.0,4.0,4.0,4.0,4.0,4.0,4.0,4.0,4.0,4.0,4.0,100.0,,,,,,,,,,,,,,,,,,,,,,,,,,,,,,,,,,,,,,,
13939,1754692303.489947,108.72697114944458,1754692303.570084,114.0,0.0,25.95130101606958,9.861231054360928,7.297973862098047,11.06220234835439,9.879492369142667,-25.32819204765417,-23.130549207450144,-23.74991351651068,-20.072927253779994,-10.14325767507978,1.1883219523066373,-1.0724098921422185,3.061575583093713,34.25571159226422,3611.0,2.0,4.0,4.0,4.0,4.0,4.0,4.0,4.0,4.0,4.0,4.0,4.0,4.0,4.0,4.0,100.0,,,,,,,,,,,,,,,,,,,,,,,,,,,,,,,,,,,,,,,
13940,1754692303.49775,108.73477411270142,1754692303.577887,115.0,0.0,21.72345914435678,7.488668154401381,6.98171601340178,9.798035028222472,8.331528500947712,-21.666074340043764,-21.51204587162269,-24.54041195200793,-19.007783220018013,-12.966570635076865,6.049094481522985,-0.4733754448915022,3.5967221497125195,32.552853972393365,3574.0,2.0,4.0,4.0,4.0,4.0,4.0,4.0,4.0,4.0,4.0,4.0,4.0,4.0,4.0,4.0,100.0,,,,,,,,,,,75.0,4.0,26.28222846984864,4.0,24.61952781677246,4.0,19.586483001708984,3.0,25.368253707885746,4.0,20.546993255615234,4.0,20.84641456604004,3.0,24.096166610717773,4.0,24.245370864868164,4.0,23.52931404113769,4.0,27.132360458374023,3.0,30.934362411499023,4.0,19.935884475708008,4.0,27.41904067993164,4.0,26.35491371154785
13941,1754692303.505553,108.74257707595824,1754692303.5857902,116.0,0.0,14.810849250604576,3.8909832860069287,4.166579598573833,10.048787235929185,1.571818039132438,-17.61244192318219,-25.43989344905896,-22.923801464521887,-15.522826515764166,-2.2438104459800456,3.3935131925506425,1.9367697019380896,2.80697314354228,30.053357413946912,3552.0,2.0,4.0,4.0,4.0,4.0,4.0,4.0,4.0,4.0,4.0,4.0,4.0,4.0,4.0,4.0,100.0,0.3209368884563446,0.62982177734375,-0.297119140625,0.64190673828125,1.0263828039169312,-0.1674830317497253,-0.0239261463284492,-52.48798370361328,-105.5741195678711,3.4393835067749023,,,,,,,,,,,,,,,,,,,,,,,,,,,,,
13942,1754692303.513356,108.75038003921507,1754692303.5935931,117.0,0.0,19.09692277803731,-1.142666140660026,3.1787824331034926,14.712224198406489,4.546295053052177,-13.700658223374944,-19.896117999614603,-21.055570065426423,-13.4865040026649,-1.1819495822193176,2.870196460311832,2.740843090121757,2.475002688954987,28.39669384265642,3332.0,2.0,4.0,4.0,4.0,4.0,4.0,4.0,4.0,4.0,4.0,4.0,4.0,4.0,4.0,4.0,100.0,,,,,,,,,,,,,,,,,,,,,,,,,,,,,,,,,,,,,,,
13943,1754692303.521159,108.75818300247192,1754692303.6014972,118.0,0.0,16.80619246570265,-4.787128441765191,0.2524677155665529,17.21682841992012,4.116510432430431,-5.554751306207464,-10.208646307465216,-19.003392015022683,-11.845120232248547,-16.222470424183967,8.386995519729197,-0.5526235622515117,8.347175949963201,21.32875630902569,3611.0,2.0,4.0,4.0,4.0,4.0,4.0,4.0,4.0,4.0,4.0,4.0,4.0,4.0,4.0,4.0,100.0,,,,,,,,,,,,,,,,,,,,,,,,,,,,,,,,,,,,,,,
13944,1754692303.528962,108.76598596572876,1754692303.6093,119.0,0.0,7.867237161820071,-11.991621130666203,-0.9434917913775962,14.904641171214848,-3.5076346800091187,3.165076763718048,-5.542228850559127,-12.083661329140227,-7.347938245382352,-16.128280009852347,9.853127479457385,-3.054511241245905,9.36349088303598,13.8854404541554,3574.0,2.0,4.0,4.0,4.0,4.0,4.0,4.0,4.0,4.0,4.0,4.0,4.0,4.0,4.0,4.0,100.0,,,,,,,,,,,,,,,,,,,,,,,,,,,,,,,,,,,,,,,
13945,1754692303.536765,108.77378916740416,1754692303.617203,120.0,0.0,5.122369617358402,-31.370287015485644,0.8953043699844443,5.836082898921688,-5.634905151654436,4.154656545947603,-0.3828522181237872,-3.109667421466781,-3.71648106730521,-3.043817689424884,4.040872725383508,-0.0525654381198705,-2.501930874180232,12.278368372497482,3552.0,2.0,4.0,4.0,4.0,4.0,4.0,4.0,4.0,4.0,4.0,4.0,4.0,4.0,4.0,4.0,100.0,0.3286314010620117,0.63238525390625,-0.294677734375,0.6365966796875,1.0288243293762207,-0.1123064011335372,-0.0249027237296104,-50.69352340698242,-103.18150329589844,4.33661413192749,,,,,,,,,,,,,,,,,,,,,,,,,,,,,
13946,1754692303.544568,108.781592130661,1754692303.625006,121.0,0.0,-0.0969584383420851,-47.77995664428829,-0.523749682773655,-1.9155072089425853,-6.391473265983336,2.553100104863347,3.0378846429265423,1.6760459498558475,0.2037598142973138,0.370750032000501,0.1481977850011162,0.1374617489035472,-5.923178972587607,3.117916993434278,3332.0,2.0,4.0,4.0,4.0,4.0,4.0,4.0,4.0,4.0,4.0,4.0,4.0,4.0,4.0,4.0,100.0,,,,,,,,,,,,,,,,,,,,,,,,,,,,,,,,,,,,,,,
13947,1754692303.552371,108.78939509391785,1754692303.6328092,122.0,0.0,-5.426274901327844,-44.80710053197302,-2.302767378991604,-1.312165070227849,-12.39117737982636,6.307891857905787,8.12387914505777,8.339341113839026,6.203101056402346,1.2994997016926106,2.609055660643179,2.4512285247310217,-3.5216775929218613,-5.6647557702999904,3611.0,2.0,4.0,4.0,4.0,4.0,4.0,4.0,4.0,4.0,4.0,4.0,4.0,4.0,4.0,4.0,100.0,,,,,,,,,,,,,,,,,,,,,,,,,,,,,,,,,,,,,,,
13948,1754692303.560174,108.79719805717468,1754692303.640612,123.0,0.0,-5.889275104114972,-37.6063012726305,-2.732868957317919,-0.2143334357707544,-15.97143884359332,7.473432084581759,10.226142814600166,11.317017707328771,9.21998108811738,-0.6336710041051674,4.064959495119979,0.9043730817019195,-2.9726161600948444,-15.469207347229371,3574.0,2.0,4.0,4.0,4.0,4.0,4.0,4.0,4.0,4.0,4.0,4.0,4.0,4.0,4.0,4.0,100.0,,,,,,,,,,,,,,,,,,,,,,,,,,,,,,,,,,,,,,,
13949,1754692303.567977,108.80500102043152,1754692303.648316,124.0,0.0,-2.7650267292612227,-37.8072734298336,0.1082216063694829,-4.855070966106865,-16.12478162763105,5.316777080729793,15.773729894402862,11.870103201675503,7.086182462254641,4.205966227435368,1.0150843066938648,4.778888392412085,-7.804839918272506,-10.440238574545816,3552.0,2.0,4.0,4.0,4.0,4.0,4.0,4.0,4.0,4.0,4.0,4.0,4.0,4.0,4.0,4.0,100.0,0.3372616171836853,0.63494873046875,-0.2918701171875,0.63079833984375,1.0273594856262207,-0.0981460288166999,-0.0424811169505119,-50.09536743164063,-103.03196716308594,2.9907681941986084,,,,,,,,,,,,,,,,,,,,,,,,,,,,,
13950,1754692303.57578,108.81280398368835,1754692303.656119,125.0,0.0,-7.322832277115197,-34.289123376566806,-0.956170347400132,-6.124319373114815,-18.205569818739207,4.413632845395512,19.53760265566456,16.394835538895165,10.68863089971859,11.77546573236026,0.7513953244387608,6.48310274158888,-7.933439813511597,-9.371621199139156,3332.0,2.0,4.0,4.0,4.0,4.0,4.0,4.0,4.0,4.0,4.0,4.0,4.0,4.0,4.0,4.0,100.0,,,,,,,,,,,,,,,,,,,,,,,,,,,,,,,,,,,,,,,
13951,1754692303.583583,108.82060718536376,1754692303.6638222,126.0,0.0,-8.08588655256085,-23.118376041592228,-1.837836410085174,-6.172185826738541,-11.836928487096202,7.830796765946388,19.811598923230804,20.386028508385834,15.446014496307953,13.97778966962028,1.402914115118847,2.896916666968309,-10.012508428269255,-20.62005598371502,3611.0,2.0,4.0,4.0,4.0,4.0,4.0,4.0,4.0,4.0,4.0,4.0,4.0,4.0,4.0,4.0,100.0,,,,,,,,,,,,,,,,,,,,,,,,,,,,,,,,,,,,,,,
13952,1754692303.591386,108.8284101486206,1754692303.6716251,127.0,0.0,-6.489054676387525,-18.25062078542016,0.4925267697364575,-8.889745117390078,-6.936881823155375,13.391148764058642,22.30352347460092,17.141530004956337,14.435672995815992,10.804059753555691,-3.780797397511208,1.408743727093395,-11.216758546919491,-25.60472955945653,52.0,2.0,4.0,4.0,4.0,4.0,4.0,4.0,4.0,4.0,4.0,4.0,4.0,4.0,4.0,4.0,100.0,,,,,,,,,,,,,,,,,,,,,,,,,,,,,,,,,,,,,,,
13953,1754692303.599189,108.83621311187744,1754692303.679429,0.0,0.0,-12.796068058809254,-19.12473217338251,0.3452014408368598,-7.92481704467977,-12.267210647571886,16.11168755123586,21.391650795883976,14.767932795528084,15.742899023445403,12.40466570729373,-6.052791372079668,2.5322213574756063,-3.805202236802955,-27.536707093021363,3320.0,2.0,4.0,4.0,4.0,4.0,4.0,4.0,4.0,4.0,4.0,4.0,4.0,4.0,4.0,4.0,100.0,0.3451737761497497,0.63720703125,-0.28924560546875,0.62542724609375,1.0151522159576416,-0.055664911866188,-0.0488288700580596,-50.39444732666016,-102.88243103027344,4.635690689086914,,,,,,,,,,,,,,,,,,,,,,,,,,,,,
13954,1754692303.606992,108.84401607513428,1754692303.687232,1.0,0.0,-18.99491658866492,-11.8840864856532,-4.30241211209642,-7.149452715978725,-10.969416966571146,13.323166267876502,15.964429473112148,15.572631151460598,19.236821593030697,12.731978761565358,-0.8909050510604288,-0.2075898292198985,-2.535368354515242,-34.83267835443786,3514.0,2.0,4.0,4.0,4.0,4.0,4.0,4.0,4.0,4.0,4.0,4.0,4.0,4.0,4.0,4.0,100.0,,,,,,,,,,,,,,,,,,,,,,,,,,,,,,,,,,,,,,,
13955,1754692303.614795,108.85181903839111,1754692303.695035,2.0,0.0,-15.968353900489944,0.110184140478907,-5.733811286823709,-8.661497278800141,-4.713805459911725,12.861328591483073,16.243194011653088,14.588409456445843,17.563054891229115,9.37857459756748,-1.896005656680188,-1.436035187672985,-8.57042973844085,-31.07436302201308,3493.0,2.0,4.0,4.0,4.0,4.0,4.0,4.0,4.0,4.0,4.0,4.0,4.0,4.0,4.0,4.0,100.0,,,,,,,,,,,,,,,,,,,,,,,,,,,,,,,,,,,,,,,
13956,1754692303.622598,108.85962200164796,1754692303.7028382,3.0,0.0,-14.148620422673588,2.38993575124087,-3.471765877370302,-8.42448732646389,-7.305624336730574,16.15663908716934,17.048543974499268,12.443615924983447,15.170525464286044,10.608591869212802,-7.148344815319518,-0.0696712998165764,-7.446737216200148,-24.87336792285496,3615.0,2.0,4.0,4.0,4.0,4.0,4.0,4.0,4.0,4.0,4.0,4.0,4.0,4.0,4.0,4.0,100.0,,,,,,,,,,,,,,,,,,,,,,,,,,,,,,,,,,,,,,,
13957,1754692303.630401,108.8674249649048,1754692303.7106411,4.0,0.0,-15.741076512076546,-0.0796925590924217,-3.9069331182775775,-10.975694928740126,-7.584872145443882,9.135017585803922,11.0481532720934,9.218294599059533,12.997940255948976,10.00951629883835,-3.327391599564038,-0.5216999132297531,-2.932722849255782,-31.81538482438904,3620.0,2.0,4.0,4.0,4.0,4.0,4.0,4.0,4.0,4.0,4.0,4.0,4.0,4.0,4.0,4.0,100.0,0.351991593837738,0.63897705078125,-0.287109375,0.62078857421875,1.0136873722076416,-0.018066681921482,-0.0434576943516731,-49.34767532348633,-102.2842788696289,3.738460302352905,,,,,,,,,,,,,,,,,,,,,,,,,,,,,
13958,1754692303.638204,108.8752281665802,1754692303.718445,5.0,0.0,-14.908551702489431,4.998055610988274,-6.01052082831103,-11.58970076361294,-3.659842102488085,1.094545932569588,7.505569854580415,6.672572807851964,7.173594541213049,5.777373403892113,0.9423816013488135,-3.2603880394561315,0.1183944214564576,-28.684094023772843,3504.0,2.0,4.0,4.0,4.0,4.0,4.0,4.0,4.0,4.0,4.0,4.0,4.0,4.0,4.0,4.0,100.0,,,,,,,,,,,,,,,,,,,,,,,,,,,,,,,,,,,,,,,
13959,1754692303.646007,108.88303112983704,1754692303.726248,6.0,0.0,-12.456708415992864,11.748912903903772,-5.950722074201906,-7.326913532667561,-5.422322673154952,2.547923710952261,9.670304953785203,9.991421256365982,5.096395586102688,8.457540811064234,-2.337105305929356,-1.6396312497730037,-0.7520788050599663,-11.932576110199363,3493.0,2.0,4.0,4.0,4.0,4.0,4.0,4.0,4.0,4.0,4.0,4.0,4.0,4.0,4.0,4.0,100.0,,,,,,,,,,,,,,,,,,,,,,,,,,,,,,,,,,,,,,,
13960,1754692303.65381,108.89083409309389,1754692303.7341511,7.0,0.0,-7.728059142918994,8.08855523214055,-3.193403598160387,-7.558978522457494,-5.623926993591397,1.536677549553076,5.71671824283834,11.723533518686908,5.539124988535093,12.600140814019085,-1.3080636852078555,3.196324302949449,-5.863450806916319,-11.047060025556732,3488.0,2.0,4.0,4.0,4.0,4.0,4.0,4.0,4.0,4.0,4.0,4.0,4.0,4.0,4.0,4.0,100.0,,,,,,,,,,,,,,,,,,,,,,,,,,,,,,,,,,,,,,,
13961,1754692303.661613,108.89863705635072,1754692303.741954,8.0,0.0,-6.457692205649579,3.2892096384651666,-1.5239907714164076,-10.055873003801167,-0.0127223987075524,-2.418448861357461,-1.616965195503468,4.745694561953172,3.479529635873263,8.917955859891066,1.0468450065348804,3.898218978456356,-2.24345705388842,-20.167041436721007,3615.0,2.0,4.0,4.0,4.0,4.0,4.0,4.0,4.0,4.0,4.0,4.0,4.0,4.0,4.0,4.0,100.0,0.6038166284561157,0.38348388671875,-0.58331298828125,0.38482666015625,1.0029449462890625,-0.0087891966104507,-0.0400396734476089,-51.14213943481445,-100.04119873046876,3.1403067111968994,,,,,,,,,,,,,,,,,,,,,,,,,,,,,
13962,1754692303.669416,108.90644001960754,1754692303.749757,9.0,0.0,-7.820012609805644,8.694023612368028,-2.304264766566348,-2.00667547042508,8.907947412649946,-0.0553073694461545,-1.850640814552435,0.5736382069455885,0.7113920558006157,2.366918916959776,-3.175005354077939,2.564939241284037,3.2277194386479096,-12.614583132811504,3610.0,2.0,4.0,4.0,4.0,4.0,4.0,4.0,4.0,4.0,4.0,4.0,4.0,4.0,4.0,4.0,100.0,,,,,,,,,,,,,,,,,,,,,,,,,,,,,,,,,,,,,,,
13963,1754692303.677219,108.91424298286438,1754692303.757461,10.0,0.0,-3.751287161664493,13.462729273126172,-0.8256176083240803,3.8501571466713926,11.51102259345231,0.7385873704175197,0.6850755370579122,1.5443607445873226,-2.326846964970116,0.3915295892784911,-3.8818785521879695,2.920176123952899,-5.109746883583682,-3.127264791999949,3623.0,2.0,4.0,4.0,4.0,4.0,4.0,4.0,4.0,4.0,4.0,4.0,4.0,4.0,4.0,4.0,100.0,,,,,,,,,,,,,,,,,,,,,,,,,,,,,,,,,,,,,,,
13964,1754692303.685022,108.9220461845398,1754692303.765264,11.0,0.0,-1.2052827495174938,9.733525975379678,1.14524958120154,-1.3457004835284463,7.513609116207306,-3.270581270195464,-0.7518828253881225,0.6480469702402729,-3.6101832077113727,7.428651438329496,-0.3093664356668455,5.08951721285456,-9.24280636332793,-7.399290967896206,3543.0,2.0,4.0,4.0,4.0,4.0,4.0,4.0,4.0,4.0,4.0,4.0,4.0,4.0,4.0,4.0,100.0,,,,,,,,,,,,,,,,,,,,,,,,,,,,,,,,,,,,,,,
13965,1754692303.692825,108.92984914779665,1754692303.773067,12.0,0.0,-6.64017452009233,3.6327120071251215,-0.0911531657743012,-4.155031899705534,8.08230670428162,-4.744909309823868,-4.730278548660351,0.7845815726746537,1.815627208750868,12.42918922817995,0.8495803244268814,3.067244347430062,2.459430160857721,-12.471120010962238,3576.0,2.0,4.0,4.0,4.0,4.0,4.0,4.0,4.0,4.0,4.0,4.0,4.0,4.0,4.0,4.0,100.0,0.6071844100952148,0.38580322265625,-0.58251953125,0.37835693359375,1.0244296789169312,-0.0048828870058059,-0.0498054474592208,-47.10459899902344,-101.68611907958984,2.9907681941986084,,,,,,,,,,,,,,,,,,,,,,,,,,,,,
13966,1754692303.700628,108.93765211105348,1754692303.78087,13.0,0.0,-8.351350283702345,4.859377471148832,-0.62349435291992,0.8697698285703837,11.254898430808566,-7.698340282310369,-9.432926121664536,-0.5047501543718909,4.22819035509599,1.5560434636603304,4.012161151067517,-1.9257200851608327,6.585904917263747,-7.612200205941576,3304.0,2.0,4.0,4.0,4.0,4.0,4.0,4.0,4.0,4.0,4.0,4.0,4.0,4.0,4.0,4.0,100.0,,,,,,,,,,,,,,,,,,,,,,,,,,,,,,,,,,,,,,,
13967,1754692303.708431,108.9454550743103,1754692303.7886732,14.0,0.0,-1.5055996048128009,10.90878566749268,4.672960407074584,3.787375491659418,8.591851801146163,-7.988049590756532,-8.730589668496236,-4.711857030412489,-1.108449902171401,-9.676242315757577,6.420280135625376,-2.3200373632549827,1.322476891003021,-0.1368688890853491,3623.0,2.0,4.0,4.0,4.0,4.0,4.0,4.0,4.0,4.0,4.0,4.0,4.0,4.0,4.0,4.0,100.0,,,,,,,,,,,,,,,,,,,,,,,,,,,,,,,,,,,,,,,
13968,1754692303.716234,108.95325803756714,1754692303.796477,15.0,0.0,-0.7547994067629133,11.222027325472254,7.975976946015862,3.6244160592793833,10.281284137790635,-1.755185878824932,-4.856401992429028,-4.3886354975159065,-0.8983475715883742,-4.654747750847264,0.0634561917725022,-2.132640471040986,2.111572621838377,-0.258471544673057,3543.0,2.0,4.0,4.0,4.0,4.0,4.0,4.0,4.0,4.0,4.0,4.0,4.0,4.0,4.0,4.0,100.0,,,,,,,,,,,,,,,,,,,,,,,,,,,,,,,,,,,,,,,
13969,1754692303.724037,108.96106100082396,1754692303.80428,16.0,0.0,-4.235235494380049,-1.5744392891633652,0.7406225375029862,3.1856624324768745,17.854731388114942,0.6465219879232791,-3.778398972984633,-1.0882316409556552,1.5801681619263943,4.582348063279824,-3.410380124229505,-2.8327863479930784,5.15400607772699,-0.6575178417174357,0.0,2.0,4.0,4.0,4.0,4.0,4.0,4.0,4.0,4.0,4.0,4.0,4.0,4.0,4.0,4.0,100.0,0.6099368929862976,0.38800048828125,-0.58172607421875,0.37286376953125,1.009292721748352,-0.0048828870058059,-0.0380865186452865,-49.79629135131836,-101.68611907958984,4.187075614929199,,,,,,,,,,,,,,,,,,,,,,,,,,,,,
13970,1754692303.73184,108.9688639640808,1754692303.812083,17.0,0.0,-4.760789725343329,-14.502207581986111,-4.583662366282169,0.188354877938309,21.38632699988512,1.6041976689575677,0.6711298831919521,-0.9882453443347003,-1.9705306426940297,2.98354805958661,2.440443954877537,-3.798563460674359,5.130877486448753,1.8532130627377228,0.0,2.0,4.0,4.0,4.0,4.0,4.0,4.0,4.0,4.0,4.0,4.0,4.0,4.0,4.0,4.0,100.0,,,,,,,,,,,,,,,,,,,,,,,,,,,,,,,,,,,,,,,
13971,1754692303.739643,108.97666716575624,1754692303.819886,18.0,0.0,-3.3409363961526424,-6.880496370163087,1.7572478122557411,0.8716798130373036,18.395735206159884,2.594937965707345,1.6759792562535267,-5.164102026412252,-4.368915608439579,-4.783062891642089,7.429064015789322,-5.043191146853019,5.593070048980394,5.8662794261259705,0.0,2.0,4.0,4.0,4.0,4.0,4.0,4.0,4.0,4.0,4.0,4.0,4.0,4.0,4.0,4.0,100.0,,,,,,,,,,,,,,,,,,,,,,,,,,,,,,,,,,,,,,,
13972,1754692303.747446,108.98447012901306,1754692303.827789,19.0,0.0,0.3001401843662563,5.1696701625105845,-0.5240246135003588,5.8474635726175,9.251358784004452,-0.7084807044170418,-8.50062163854679,-12.368453333299357,-4.766645151938036,-14.957406420052363,6.021683637891357,-8.804862427259167,3.1824981889078856,9.279198136090171,0.0,2.0,4.0,4.0,4.0,4.0,4.0,4.0,4.0,4.0,4.0,4.0,4.0,4.0,4.0,4.0,100.0,,,,,,,,,,,,,,,,,,,,,,,,,,,,,,,,,,,,,,,
13973,1754692303.755249,108.9922730922699,1754692303.8356922,20.0,0.0,3.530800233938322,4.937765645799033,-3.794882519033848,7.325169071440911,7.251623993933578,1.89680891038725,-8.204943772768814,-10.84853071642155,-2.6346607819792496,-12.601083543854742,4.087000161819475,-8.279195163097569,0.1821121218378323,9.863666477543944,0.0,2.0,4.0,4.0,4.0,4.0,4.0,4.0,4.0,4.0,4.0,4.0,4.0,4.0,4.0,4.0,100.0,0.6118327975273132,0.39019775390625,-0.58087158203125,0.3687744140625,0.992202639579773,0.0117189288139343,-0.0317387655377388,-49.04859924316406,-99.44304656982422,4.187075614929199,,,,,,,,,,,,,,,,,,,,,,,,,,,,,
13974,1754692303.763052,109.00007605552672,1754692303.843496,21.0,0.0,-0.611036906697251,-0.3496452008361359,1.2939414932685338,0.9078283081326788,11.591254820739865,5.44601889410896,0.3741010559379845,-3.658728749847256,-1.704780642760312,-3.430617081438328,2.900193989207395,-5.39303623738752,-2.810602096252893,3.958513255097472,0.0,2.0,4.0,4.0,4.0,4.0,4.0,4.0,4.0,4.0,4.0,4.0,4.0,4.0,4.0,4.0,100.0,,,,,,,,,,,,,,,,,,,,,,,,,,,,,,,,,,,,,,,
13975,1754692303.770855,109.00787901878356,1754692303.851299,22.0,0.0,-0.8275398225394497,1.5730617455571403,1.0732300459332578,-0.0840646300192133,6.093799258042225,2.588698312816802,0.6830693975882127,-3.0248450721763334,-0.0883966242934661,-4.996825237742371,4.381099524414537,-4.423335216294447,-3.89386575124064,0.6954849599498516,0.0,2.0,4.0,4.0,4.0,4.0,4.0,4.0,4.0,4.0,4.0,4.0,4.0,4.0,4.0,4.0,100.0,,,,,,,,,,,,,,,,,,,,,,,,,,,,,,,,,,,,,,,
13976,1754692303.778658,109.0156819820404,1754692303.859002,23.0,0.0,7.525135914766878,4.6856858514979365,-2.0994856013362835,6.377850954354443,-2.714042299922795,1.122108644295139,-1.00676794537506,-4.641362987016265,0.2504636946541438,-9.292531484096829,3.5347979261350417,-4.580648273662547,-1.9625516073463416,2.875477188896156,0.0,2.0,4.0,4.0,4.0,4.0,4.0,4.0,4.0,4.0,4.0,4.0,4.0,4.0,4.0,4.0,100.0,,,,,,,,,,,,,,,,,,,,,,,,,,,,,,,,,,,,,,,
13977,1754692303.786461,109.02348518371582,1754692303.866905,24.0,0.0,8.447064332943285,1.9990060594009835,1.101470291312637,5.583847908977134,0.5176283638866721,0.77269681132708,-1.675966024632487,-2.143967736917091,-6.1207674179417495,-7.408612723807835,-2.3696649285920444,-3.875954664469589,1.7987971642142495,5.6743786173302055,0.0,2.0,4.0,4.0,4.0,4.0,4.0,4.0,4.0,4.0,4.0,4.0,4.0,4.0,4.0,4.0,100.0,0.6133221983909607,0.39178466796875,-0.5802001953125,0.36566162109375,1.0185701847076416,0.0244144350290298,-0.0424811169505119,-48.45044708251953,-98.24673461914062,4.33661413192749,,,,,,,,,,,,,,,,,,,,,,,,,,,,,
13978,1754692303.794264,109.03128814697266,1754692303.8747082,25.0,0.0,2.8207470706528284,0.002366221495663,2.020267774847412,1.537404636538554,3.650393915850032,-2.3533425509532435,-5.296036272798233,-1.4940085383892665,-7.788134802221634,-5.137467275255972,-3.5681404532743954,1.0347058390824486,3.238397702510042,9.728858653145268,0.0,2.0,4.0,4.0,4.0,4.0,4.0,4.0,4.0,4.0,4.0,4.0,4.0,4.0,4.0,4.0,100.0,,,,,,,,,,,,,,,,,,,,,,,,,,,,,,,,,,,,,,,
13979,1754692303.802067,109.03909111022948,1754692303.882612,26.0,0.0,5.257287286544511,1.0689155826790966,-0.4578917790207697,-0.2506760892450757,-0.6693169390331377,-2.1365143579295136,-5.183494379898889,0.5633447605674746,-0.0031037240163414,-3.0781662809025647,1.885242545998267,5.487551568617732,-4.549857470027177,11.028104409445971,0.0,2.0,4.0,4.0,4.0,4.0,4.0,4.0,4.0,4.0,4.0,4.0,4.0,4.0,4.0,4.0,100.0,,,,,,,,,,,,,,,,,,,,,,,,,,,,,,,,,,,,,,,
13980,1754692303.80987,109.04689407348631,1754692303.8904152,27.0,0.0,7.951317881465002,1.9358973477555992,0.9521382394336796,-4.8739386982069846,-2.3139391402928595,-3.1001974118894395,-3.965932161991077,1.4408268197771577,-0.7941167372841846,1.114159340041624,0.7652315424584231,3.226577713929146,-10.084717796985617,6.50759061347344,0.0,2.0,4.0,4.0,4.0,4.0,4.0,4.0,4.0,4.0,4.0,4.0,4.0,4.0,4.0,4.0,100.0,,,,,,,,,,,,,,,,,,,,,,,,,,,,,,,,,,,,,,,
13981,1754692303.817673,109.05469703674316,1754692303.898318,28.0,0.0,7.106544304694381,3.6951804232892576,2.161427335424179,-5.747275186942005,0.2041965898932005,-5.675626540067441,-3.995347784303904,-3.481700015185851,-8.771740646573761,2.850451035554016,-2.16685779248266,2.997303669981904,1.4305269611191136,7.097213405940494,0.0,2.0,4.0,4.0,4.0,4.0,4.0,4.0,4.0,4.0,4.0,4.0,4.0,4.0,4.0,4.0,100.0,0.6142788529396057,0.39300537109375,-0.57958984375,0.36370849609375,1.004409909248352,0.020508125424385,-0.0429694056510925,-46.65598678588867,-99.14396667480467,3.738460302352905,,,,,,,,,,,,,,,,,,,,,,,,,,,,,
13982,1754692303.825476,109.0625,1754692303.906121,29.0,0.0,6.377642292336816,4.281835890320792,-0.748730401443197,-3.706515328770081,-0.9445508633713756,-7.837213143354518,-4.732433548426968,-5.7860253450296,-10.942485407216452,0.4525634281438329,0.3239212009978587,5.073909622549138,11.028299053224202,7.441158756519428,0.0,2.0,4.0,4.0,4.0,4.0,4.0,4.0,4.0,4.0,4.0,4.0,4.0,4.0,4.0,4.0,100.0,,,,,,,,,,,,,,,,,,,,,,,,,,,,,,,,,,,,,,,
13983,1754692303.833279,109.07030296325684,1754692303.913924,30.0,0.0,5.487536923464575,5.04975965204352,-0.6288300098372588,-3.742828026630889,-2.8775030079437443,-7.1847146041992005,-5.585446235580605,-0.4651186174724557,-9.68256311043757,0.7469005795746284,-0.618627316183904,5.294502376909293,2.97788154133508,4.608124857158543,0.0,2.0,4.0,4.0,4.0,4.0,4.0,4.0,4.0,4.0,4.0,4.0,4.0,4.0,4.0,4.0,100.0,,,,,,,,,,,,,,,,,,,,,,,,,,,,,,,,,,,,,,,
13984,1754692303.841082,109.07810616493224,1754692303.921628,31.0,0.0,3.521556301491046,8.274303051234028,-0.4367594132324939,-0.8834325774266745,-4.300078296694437,-4.073918906144854,-2.627326036443037,5.859448856764857,-6.301583847860684,2.998219874515371,-2.127356337317224,3.6290170945578666,-5.959930151665276,4.885578666477841,0.0,2.0,4.0,4.0,4.0,4.0,4.0,4.0,4.0,4.0,4.0,4.0,4.0,4.0,4.0,4.0,100.0,,,,,,,,,,,,,,,,,,,,,,,,,,,,,,,,,,,,,,,
13985,1754692303.848885,109.08590912818909,1754692303.929531,32.0,0.0,-0.6374828768965699,13.59648075462576,-3.2122471081978574,3.7234537586010674,-8.486298937829702,-5.674136696666551,-0.267440480518303,3.3871358140214625,0.7544592483219503,5.624325958900158,-1.6044453893513264,-2.1434329659804234,-6.700020832206178,5.312392106864195,0.0,2.0,4.0,4.0,4.0,4.0,4.0,4.0,4.0,4.0,4.0,4.0,4.0,4.0,4.0,4.0,100.0,0.6151255369186401,0.3939208984375,-0.57879638671875,0.362548828125,0.991226077079773,0.0341802090406417,-0.0366216525435447,-47.10459899902344,-98.84489440917967,4.187075614929199,,,,,,,,,,,,,,,,,,,,,,,,,,,,,
13986,1754692303.856688,109.09371209144592,1754692303.937334,33.0,0.0,0.1543425368260216,21.523823067606514,-3.990263837344031,7.366322707919295,-8.293687442990034,-4.373662709547119,-1.4532916277415495,0.2748850272706988,4.121801948436456,3.742926579475494,-0.8558572054851936,-3.044810044784157,-1.89467026519614,3.0764749996348257,0.0,2.0,4.0,4.0,4.0,4.0,4.0,4.0,4.0,4.0,4.0,4.0,4.0,4.0,4.0,4.0,100.0,,,,,,,,,,,,,,,,,,,,,,,,,,,,,,,,,,,,,,,
13987,1754692303.864491,109.10151505470276,1754692303.945137,34.0,0.0,3.563070707006659,26.504312329933214,-3.705540944650808,10.21764651638466,-6.1418280324652414,3.519170683266452,-3.336936629150045,-0.9803391661918112,-0.6971138474578993,-5.593500579691977,0.7913514607897696,0.6212032032716479,2.8962071731829155,-2.813542877711029,0.0,2.0,4.0,4.0,4.0,4.0,4.0,4.0,4.0,4.0,4.0,4.0,4.0,4.0,4.0,4.0,100.0,,,,,,,,,,,,,,,,,,,,,,,,,,,,,,,,,,,,,,,
13988,1754692303.872294,109.1093180179596,1754692303.95284,35.0,0.0,1.0304798215344988,26.180487227618613,-3.0053352831735367,8.883123054578135,-3.206389193470642,3.8493343081702,-0.6107922726735353,-1.2209661968393275,-5.4262997250328056,-8.106920976504881,0.1975384292843216,2.729414149013536,1.91063017223766,-1.0309688193836166,0.0,2.0,4.0,4.0,4.0,4.0,4.0,4.0,4.0,4.0,4.0,4.0,4.0,4.0,4.0,4.0,100.0,,,,,,,,,,,,,,,,,,,,,,,,,,,,,,,,,,,,,,,
13989,1754692303.880097,109.11712098121644,1754692303.9607432,36.0,0.0,-4.582102512158087,25.60496960800816,-4.283833953916144,4.531897822199937,-0.1597141307187826,-3.31879440017741,4.659677757730208,1.0052414441689166,-0.8736779267155157,-1.95967628579632,-3.796627914619364,1.7075157725481065,-0.932792295508932,9.872133318598628,0.0,2.0,4.0,4.0,4.0,4.0,4.0,4.0,4.0,4.0,4.0,4.0,4.0,4.0,4.0,4.0,100.0,0.6163011789321899,0.39447021484375,-0.57781982421875,0.36151123046875,1.0122225284576416,0.0366216525435447,-0.048340581357479,-48.0018310546875,-99.59258270263672,4.635690689086914,,,,,,,,,,,,,,,,,,,,,,,,,,,,,
13990,1754692303.8879,109.12492418289185,1754692303.968547,37.0,0.0,-6.703778407840304,25.42249484083996,-8.116299682788934,3.065104638062536,-7.37507806419498,-2.0132869880872875,3.3533493886906456,0.6115092076237545,4.21741662929881,-1.513125332047906,-5.440989160024031,-0.0367207291820648,1.9741589749643536,7.351829391630787,0.0,2.0,4.0,4.0,4.0,4.0,4.0,4.0,4.0,4.0,4.0,4.0,4.0,4.0,4.0,4.0,100.0,,,,,,,,,,,,,,,,,,,,,,,,,,,,,,,,,,,,,,,
13991,1754692303.895703,109.13272714614868,1754692303.97635,38.0,0.0,-5.621158624705288,30.58241590833603,-9.018243291503325,5.418250806529784,-10.359639493041698,6.2802687578770815,-0.5811702734634423,1.6420224356554058,5.828504738842355,-2.306971542646636,-3.183048586365487,0.4215623365309398,4.210513448464724,-6.178018800855,0.0,2.0,4.0,4.0,4.0,4.0,4.0,4.0,4.0,4.0,4.0,4.0,4.0,4.0,4.0,4.0,100.0,,,,,,,,,,,,,,,,,,,,,,,,,,,,,,,,,,,,,,,
13992,1754692303.903506,109.14053010940552,1754692303.9840531,39.0,0.0,-6.417602583167451,33.944662236195285,-7.728948867632795,7.287186032782387,-1.9647216114871355,6.598083666996075,-1.1237025485415018,4.595413555083809,6.856594592114647,-3.415483953323843,-2.5772118573139835,-1.286629024591008,-0.8257482268224123,-4.842206970988542,0.0,2.0,4.0,4.0,4.0,4.0,4.0,4.0,4.0,4.0,4.0,4.0,4.0,4.0,4.0,4.0,100.0,,,,,,,,,,,,,,,,,,,,,,,,,,,,,,,,,,,,,,,
13993,1754692303.911309,109.14833307266235,1754692303.991956,40.0,0.0,-5.725580344490453,25.929731566911443,-7.552548400492441,4.998522465716661,-3.34836237430406,0.5652803766907084,-0.0807751693627949,5.749377007521645,5.840079658200949,-7.2101338350871345,1.0017439896669489,-3.262941167365142,-2.481891861562616,2.608423740520294,0.0,2.0,4.0,4.0,4.0,4.0,4.0,4.0,4.0,4.0,4.0,4.0,4.0,4.0,4.0,4.0,100.0,0.6171746850013733,0.39508056640625,-0.57666015625,0.3612060546875,1.0117342472076416,0.0317387655377388,-0.0488288700580596,-47.2541389465332,-98.9944305419922,3.1403067111968994,,,,,,,,,,,,,,,,,,,,,,,,,,,,,
13994,1754692303.919112,109.1561360359192,1754692303.999759,41.0,0.0,-3.166211611104842,14.530205185788276,-3.71060335216194,-0.1817197527626888,-7.528709711399784,0.795559804233875,-0.4064365621417494,4.088738168771528,3.940373149741703,-4.171213389152086,2.208942879008504,0.635523921364296,0.391948430118731,-0.2776071087161256,0.0,2.0,4.0,4.0,4.0,4.0,4.0,4.0,4.0,4.0,4.0,4.0,4.0,4.0,4.0,4.0,100.0,,,,,,,,,,,,,,,,,,,,,,,,,,,,,,,,,,,,,,,
13995,1754692303.926915,109.16393899917604,1754692304.007663,42.0,0.0,-5.464811880414857,3.8933203963997016,2.183946446214975,-3.668368749709373,-1.0910206225049135,3.06042494369143,-0.4174511654314869,1.904802667361708,-0.6020662272363211,1.3850219517939308,-9.015348867089472,2.828636673739709,-1.578445032032107,-1.7847880181657845,0.0,2.0,4.0,4.0,4.0,4.0,4.0,4.0,4.0,4.0,4.0,4.0,4.0,4.0,4.0,4.0,100.0,,,,,,,,,,,,,,,,,,,,,,,,,,,,,,,,,,,,,,,
13996,1754692303.934718,109.17174196243286,1754692304.015466,43.0,0.0,-2.7072471215488747,-3.508134297574628,5.55311511511664,-5.13643284699819,4.585732665933307,-1.126758753810094,0.8616192791786546,2.145276051758998,-0.9822173145658724,0.6783615081884875,-8.950370098398338,-0.2732427032725297,1.4042090540712309,5.837587599602927,0.0,2.0,4.0,4.0,4.0,4.0,4.0,4.0,4.0,4.0,4.0,4.0,4.0,4.0,4.0,4.0,100.0,,,,,,,,,,,,,,,,,,,,,,,,,,,,,,,,,,,,,,,
13997,1754692303.942521,109.17954516410828,1754692304.023169,44.0,0.0,1.7154928771985285,-11.864451402769475,5.25880949657784,-6.890357636367583,0.752185595364324,-8.97375092488602,-2.8587821255990207,1.1406177359887693,1.1127546382887772,-0.958162750904478,3.7755045164678336,-3.535826231781641,3.999500378909204,2.631720261444741,0.0,2.0,4.0,4.0,4.0,4.0,4.0,4.0,4.0,4.0,4.0,4.0,4.0,4.0,4.0,4.0,100.0,0.3790191411972046,0.64154052734375,-0.27880859375,0.6058349609375,1.0180819034576416,0.0371099412441253,-0.0322270542383194,-46.65598678588867,-98.84489440917967,4.187075614929199,,,,,,,,,,,,,,,,,,,,,,,,,,,,,
13998,1754692303.950324,109.18734812736513,1754692304.030972,45.0,0.0,-0.8482646731162049,-17.601647450187897,4.686154009907227,-3.5174599128230284,2.986844048543503,-3.02344601194352,-2.893167337587215,4.449657376958953,1.5035886304750647,2.824160154607512,6.942313169628619,0.9575103728603837,-1.5072251838395232,-4.3849078814818085,0.0,2.0,4.0,4.0,4.0,4.0,4.0,4.0,4.0,4.0,4.0,4.0,4.0,4.0,4.0,4.0,100.0,,,,,,,,,,,,,,,,,,,,,,,,,,,,,,,,,,,,,,,
13999,1754692303.958127,109.19515109062196,1754692304.038676,46.0,0.0,-3.5176678621098745,-24.9364911565915,3.27017090535378,-3.0646727664332047,10.13144135621883,2.515991915040786,-2.2799529530855125,6.02890314051524,-0.1523099598186945,1.9517217823065487,-0.0373861126906831,2.1794602858437884,-4.226869380119297,-1.1128521911630287,0.0,2.0,4.0,4.0,4.0,4.0,4.0,4.0,4.0,4.0,4.0,4.0,4.0,4.0,4.0,4.0,100.0,,,,,,,,,,,,,,,,,,,,,,,,,,,,,,,,,,,,,,,
14000,1754692303.96593,109.20295405387878,1754692304.046479,47.0,0.0,1.0968995556933692,-32.05466592394606,4.155058578527758,-4.970626659849415,10.411395061453902,-4.064936290649087,-5.533877674349981,0.0001989359563481,-4.618577845421271,1.465225379624087,4.116860349083424,-1.3341777843914429,3.3385077001045715,5.31537239834887,0.0,2.0,4.0,4.0,4.0,4.0,4.0,4.0,4.0,4.0,4.0,4.0,4.0,4.0,4.0,4.0,100.0,,,,,,,,,,,,,,,,,,,,,,,,,,,,,,,,,,,,,,,
14001,1754692303.973733,109.21075701713562,1754692304.054182,48.0,0.0,4.147008125912379,-33.48199398789373,5.5856369847367375,-3.985601289757852,5.573195992680866,-8.722090192554134,-5.547201958773968,-6.29354711932163,-10.201895695797504,5.050507311203745,10.508579377727727,-2.933566137981672,4.1788646496097215,5.3835364191092765,0.0,2.0,4.0,4.0,4.0,4.0,4.0,4.0,4.0,4.0,4.0,4.0,4.0,4.0,4.0,4.0,100.0,0.379700094461441,0.6409912109375,-0.27874755859375,0.60601806640625,1.008804440498352,0.0424811169505119,-0.0517586022615432,-48.59998321533203,-99.89166259765624,4.785229206085205,,,,,,,,,,,,,,,,,,,,,,,,,,,,,
14002,1754692303.981536,109.21855998039246,1754692304.061985,49.0,0.0,4.28160586702171,-34.49944869489872,4.132577863449853,-4.043305450950982,5.055287888921441,-4.198339655228836,-0.3980805039142865,-2.472366496888924,-6.185942860737839,8.481986916531525,2.9671594123249747,-1.0310719392752503,-1.0397934076483466,1.8848805229029608,0.0,2.0,4.0,4.0,4.0,4.0,4.0,4.0,4.0,4.0,4.0,4.0,4.0,4.0,4.0,4.0,100.0,,,,,,,,,,,,,,,,,,,,,,,,,,,,,,,,,,,,,,,
14003,1754692303.989339,109.22636318206789,1754692304.069689,50.0,0.0,0.6791422572923125,-37.6166215212898,-1.4962850874481433,-5.774364908315931,6.156005181548551,-0.514632952010345,-0.4482214925583889,4.294426091391813,4.060590369512681,4.667009791743965,-0.9249827615672644,-2.9060137774650343,0.9054031987356552,-2.2610135319565074,0.0,2.0,4.0,4.0,4.0,4.0,4.0,4.0,4.0,4.0,4.0,4.0,4.0,4.0,4.0,4.0,100.0,,,,,,,,,,,,,,,,,,,,,,,,,,,,,,,,,,,,,,,
14004,1754692303.997142,109.2341661453247,1754692304.077492,51.0,0.0,-5.052416376299391,-31.9314408285,-4.493475474996615,-1.905348797319732,6.2878949620371145,0.4041022120622415,-2.498621473832884,1.9191445213704696,4.659970575835757,3.377199688943108,12.147115376832003,-2.1476490802161265,4.9715852884486935,-3.8087976468428337,0.0,2.0,4.0,4.0,4.0,4.0,4.0,4.0,4.0,4.0,4.0,4.0,4.0,4.0,4.0,4.0,100.0,,,,,,,,,,,58.33333206176758,4.0,37.3277702331543,4.0,31.305984497070312,3.0,27.992765426635746,4.0,31.768415451049805,3.0,24.463085174560547,3.0,26.69793701171875,1.0,30.38869857788086,3.0,29.34659004211425,3.0,28.9780216217041,3.0,31.62683868408203,4.0,32.26022720336914,4.0,28.050756454467773,4.0,31.099977493286133,4.0,40.27949523925781
14005,1754692304.004945,109.24196910858154,1754692304.085295,52.0,0.0,-4.725562413784815,-26.213953059942583,-2.246038752319805,0.5531175860782014,4.471720955012074,-0.0624415823255048,0.1568776674879473,-6.262053758409934,2.764101272397397,10.389336085618083,14.80199142349727,-1.5276512508741007,4.8622767089522085,-4.109685895456209,0.0,2.0,4.0,4.0,4.0,4.0,4.0,4.0,4.0,4.0,4.0,4.0,4.0,4.0,4.0,4.0,100.0,0.3805176615715027,0.64056396484375,-0.27874755859375,0.60595703125,1.008804440498352,0.0449225604534149,-0.0375982299447059,-49.64675521850586,-98.24673461914062,5.084306240081787,,,,,,,,,,,,,,,,,,,,,,,,,,,,,
14006,1754692304.012748,109.24977207183838,1754692304.0930982,53.0,0.0,0.0459501242517035,-28.30586278325381,-0.1054288154800815,-2.1643690461219194,2.23214501575103,0.7054704403099095,-0.0208638573653843,-11.542011695058136,4.125412314493588,8.407849962844466,2.07660229996236,-7.042914477545764,5.022901106579866,-2.7695061613076177,0.0,2.0,4.0,4.0,4.0,4.0,4.0,4.0,4.0,4.0,4.0,4.0,4.0,4.0,4.0,4.0,100.0,,,,,,,,,,,,,,,,,,,,,,,,,,,,,,,,,,,,,,,
14007,1754692304.020551,109.2575750350952,1754692304.1009011,54.0,0.0,0.3411627155519454,-21.923922287203823,-0.320578827223926,2.062909482066061,5.1533132738240965,5.942283254361882,-2.86667902856243,-10.376501167076183,0.5545946865036058,0.2946509564753796,0.1918176080148441,-6.831614919741696,6.19373961742258,-0.2578775928254799,0.0,2.0,4.0,4.0,4.0,4.0,4.0,4.0,4.0,4.0,4.0,4.0,4.0,4.0,4.0,4.0,100.0,,,,,,,,,,,,,,,,,,,,,,,,,,,,,,,,,,,,,,,
14008,1754692304.028354,109.26537799835204,1754692304.108705,55.0,0.0,-0.1029684120272236,-10.567092666733116,0.4851989774446679,8.31914133835511,7.542736940365501,7.423692989110293,0.5038293147312629,-7.081919480300314,-4.213344660281621,0.3617674041697114,3.530070042973364,-1.9542601059188769,-1.482386486582584,-1.3412507347903215,0.0,2.0,4.0,4.0,4.0,4.0,4.0,4.0,4.0,4.0,4.0,4.0,4.0,4.0,4.0,4.0,100.0,,,,,,,,,,,,,,,,,,,,,,,,,,,,,,,,,,,,,,,
14009,1754692304.036157,109.27318096160889,1754692304.116408,56.0,0.0,3.3885670499919343,-10.25382422839698,3.5390858332068547,6.122908498474999,2.902848129662516,0.6958729703076187,3.708574549559444,-4.526984802068228,-6.214668482007937,0.9505206632909448,-0.7209326347713159,-0.5292739411172533,-9.186688680427324,-2.160617435296217,0.0,2.0,4.0,4.0,4.0,4.0,4.0,4.0,4.0,4.0,4.0,4.0,4.0,4.0,4.0,4.0,100.0,0.3813141882419586,0.6402587890625,-0.27862548828125,0.6058349609375,1.0190584659576416,0.0317387655377388,-0.0434576943516731,-47.10459899902344,-98.84489440917967,3.4393835067749023,,,,,,,,,,,,,,,,,,,,,,,,,,,,,
14010,1754692304.04396,109.2809841632843,1754692304.124211,57.0,0.0,8.257512192363436,-8.501588124500643,6.698748587391208,1.8996884683844544,-1.7942575443551618,-3.688271430562338,2.0345115416336625,-2.037071655541979,-6.799431702553477,-2.999786600487198,1.724416642102085,0.90626101001061,0.2662381382535272,7.075703234403306,0.0,2.0,4.0,4.0,4.0,4.0,4.0,4.0,4.0,4.0,4.0,4.0,4.0,4.0,4.0,4.0,100.0,,,,,,,,,,,,,,,,,,,,,,,,,,,,,,,,,,,,,,,
14011,1754692304.051763,109.28878712654114,1754692304.131914,58.0,0.0,6.924679572847083,-2.6847454986702246,3.077083101331766,4.549770087911668,-1.8010827230470454,-0.9015283989053272,-1.180642174600223,-3.14471081352184,-4.915814278227288,-2.564895096793577,4.176511161698556,-0.6434298434939478,-0.1620160261902015,4.414062788768035,0.0,2.0,4.0,4.0,4.0,4.0,4.0,4.0,4.0,4.0,4.0,4.0,4.0,4.0,4.0,4.0,100.0,,,,,,,,,,,,,,,,,,,,,,,,,,,,,,,,,,,,,,,
14012,1754692304.059566,109.29659008979796,1754692304.139718,59.0,0.0,1.1178832742369875,-0.0392047675146614,-0.157309376848957,10.364145828322648,-1.3874566603409448,5.496435663449915,1.9412623393899369,-3.493656440407108,1.0738911415136272,2.15444912813507,-0.9094876324244296,-1.6395783180115586,-10.597852643940882,-11.185897403012971,0.0,2.0,4.0,4.0,4.0,4.0,4.0,4.0,4.0,4.0,4.0,4.0,4.0,4.0,4.0,4.0,100.0,,,,,,,,,,,,,,,,,,,,,,,,,,,,,,,,,,,,,,,
14013,1754692304.067369,109.3043930530548,1754692304.1474211,60.0,0.0,-4.409574557231281,-2.9176345950950235,-1.6719642519337867,1.726791814425269,-4.504698992343037,2.4379490055935094,0.4315068919640907,0.9827802229506232,4.324719235701195,5.043931597730534,-0.2079660050280836,1.7312156081616197,-0.0747296854447086,-8.487035158992512,0.0,2.0,4.0,4.0,4.0,4.0,4.0,4.0,4.0,4.0,4.0,4.0,4.0,4.0,4.0,4.0,100.0,0.382433146238327,0.639892578125,-0.2781982421875,0.605712890625,0.9990386962890624,0.048340581357479,-0.0327153429388999,-47.2541389465332,-100.04119873046876,2.5421531200408936,,,,,,,,,,,,,,,,,,,,,,,,,,,,,
14014,1754692304.075172,109.31219601631165,1754692304.155224,61.0,0.0,-3.983154932980142,-8.210951005130482,-4.743086376690826,-9.984879338906469,-5.705072082562765,-3.2722110959639394,-2.906607812288712,4.924608994595928,1.1660702563272023,7.238514843803841,5.207502503636079,3.60687846336441,11.848094777192273,6.885504143270737,0.0,2.0,4.0,4.0,4.0,4.0,4.0,4.0,4.0,4.0,4.0,4.0,4.0,4.0,4.0,4.0,100.0,,,,,,,,,,,,,,,,,,,,,,,,,,,,,,,,,,,,,,,
14015,1754692304.082975,109.31999897956848,1754692304.1629272,62.0,0.0,2.593899885238045,-11.06421936073042,-5.255090294961462,-7.516836967100914,-4.2316355914226165,-1.2529198149022136,0.5384530092806585,0.6882635862221491,-1.5657188560316513,1.0759710020743682,4.857679073851216,2.1536867795412604,6.504330936015606,11.783511046618116,0.0,2.0,4.0,4.0,4.0,4.0,4.0,4.0,4.0,4.0,4.0,4.0,4.0,4.0,4.0,4.0,100.0,,,,,,,,,,,,,,,,,,,,,,,,,,,,,,,,,,,,,,,
14016,1754692304.090778,109.3278021812439,1754692304.170731,63.0,0.0,6.5344048868469145,-2.5843000661116093,-3.0805403618383025,-1.9802735427306288,-5.202716056570807,-0.9416358543903698,-1.128816391840246,-0.4938119000307779,1.8670833488581595,-2.4285167444099898,2.7145004824501484,2.3914706020937047,9.88216167449059,9.19395109719744,0.0,2.0,4.0,4.0,4.0,4.0,4.0,4.0,4.0,4.0,4.0,4.0,4.0,4.0,4.0,4.0,100.0,,,,,,,,,,,,,,,,,,,,,,,,,,,,,,,,,,,,,,,
14017,1754692304.098581,109.33560514450072,1754692304.178534,64.0,0.0,0.7241357842368643,5.327585297194332,-4.982559448533152,-4.33893480894028,-11.377934707904274,-7.850798300324982,-6.458557435974285,3.3281978296919306,2.805463909584091,2.7419596207734003,0.9972054591704592,-1.2754683459833132,14.523787135091991,8.554316551557463,3334.0,2.0,4.0,4.0,4.0,4.0,4.0,4.0,4.0,4.0,4.0,4.0,4.0,4.0,4.0,4.0,100.0,0.3832907080650329,0.63934326171875,-0.27801513671875,0.6058349609375,1.0141756534576416,0.0415045395493507,-0.0200198367238044,-47.10459899902344,-99.44304656982422,3.4393835067749023,,,,,,,,,,,,,,,,,,,,,,,,,,,,,
14018,1754692304.106384,109.34340810775755,1754692304.186337,65.0,0.0,-1.7174678561607664,8.140011525812241,-3.3067888391804274,-1.1884426162044122,-8.367272697974187,-4.524851570191714,-0.8425798807896001,1.3984893066678694,2.340735249702192,6.169623526038066,0.3637390412183947,-0.7538838187658996,0.3994105743322222,12.59143953810164,3515.0,2.0,4.0,4.0,4.0,4.0,4.0,4.0,4.0,4.0,4.0,4.0,4.0,4.0,4.0,4.0,100.0,,,,,,,,,,,,,,,,,,,,,,,,,,,,,,,,,,,,,,,
14019,1754692304.114187,109.3512110710144,1754692304.19414,66.0,0.0,-0.187116150565032,9.337099379218271,-1.12772271833677,1.632885861992747,-1.726186444454413,1.4259166681063675,-3.1367853008113684,-3.771358081508822,2.8896854966674823,-1.1462617969331743,-1.539463421754533,2.667948001944808,-7.981194235108376,10.321364370391676,3509.0,2.0,4.0,4.0,4.0,4.0,4.0,4.0,4.0,4.0,4.0,4.0,4.0,4.0,4.0,4.0,100.0,,,,,,,,,,,,,,,,,,,,,,,,,,,,,,,,,,,,,,,
14020,1754692304.12199,109.35901403427124,1754692304.2019432,67.0,0.0,0.2960837232535311,12.952791594785111,-1.3226154145013709,0.9620447248211974,-1.2218433134426334,-0.3915952945349374,-14.688158514231446,0.7040595457942516,1.124814714651592,-12.561927306284389,-3.118870321743117,1.8293251984818824,-0.1509486860416302,1.4546248062601703,3619.0,2.0,4.0,4.0,4.0,4.0,4.0,4.0,4.0,4.0,4.0,4.0,4.0,4.0,4.0,4.0,100.0,,,,,,,,,,,,,,,,,,,,,,,,,,,,,,,,,,,,,,,
14021,1754692304.129793,109.36681699752808,1754692304.209747,68.0,0.0,0.4403722068470586,16.40170293151479,1.5134821030980845,5.101019717973685,0.0204220370576138,0.9775896566859216,-12.51031556017486,5.5640719675986645,0.8378412442104661,-13.854776977928651,-3.5337392275344257,-0.4010728891455812,0.1451048687808622,-3.864894126186101,3632.0,2.0,4.0,4.0,4.0,4.0,4.0,4.0,4.0,4.0,4.0,4.0,4.0,4.0,4.0,4.0,100.0,0.3838668167591095,0.638671875,-0.27783203125,0.60626220703125,1.0156404972076416,0.0292973220348358,-0.0439459830522537,-47.2541389465332,-98.54581451416016,3.5889220237731934,,,,,,,,,,,,,,,,,,,,,,,,,,,,,
14022,1754692304.137596,109.37461996078493,1754692304.21755,69.0,0.0,0.9946597853107731,15.85672156258886,3.935823260005577,6.326213949394855,0.7687139038165469,1.7975642016416489,-4.399929363004617,0.4385993613553864,-0.1124547261689485,-5.569127748331198,-1.5618897402897574,0.1873237996163652,-4.352238561866329,-2.5125165852820146,3513.0,2.0,4.0,4.0,4.0,4.0,4.0,4.0,4.0,4.0,4.0,4.0,4.0,4.0,4.0,4.0,100.0,,,,,,,,,,,,,,,,,,,,,,,,,,,,,,,,,,,,,,,
14023,1754692304.145399,109.38242316246031,1754692304.225353,70.0,0.0,1.8868878612581736,13.920702572543403,2.656674640324809,2.243339816802973,1.9310228126730635,-1.556898045227399,-4.964040820694436,-1.3652795382179193,-2.5910191679347463,0.44443756765736,-2.2113913726518604,3.198780099683745,-5.612057162565861,-1.3721191022943913,3499.0,2.0,4.0,4.0,4.0,4.0,4.0,4.0,4.0,4.0,4.0,4.0,4.0,4.0,4.0,4.0,100.0,,,,,,,,,,,,,,,,,,,,,,,,,,,,,,,,,,,,,,,
14024,1754692304.153202,109.39022612571716,1754692304.233256,71.0,0.0,3.685676447351341,12.589411436302669,3.0542671118273006,1.8048216564820336,2.711622997883694,-2.732135657199308,-2.3909028249464086,1.619240766432938,-1.8763509997684764,-2.2772855196326987,-6.509404869626508,2.053690753263197,-8.260543522292949,-1.6448368297142792,3492.0,2.0,4.0,4.0,4.0,4.0,4.0,4.0,4.0,4.0,4.0,4.0,4.0,4.0,4.0,4.0,100.0,,,,,,,,,,,,,,,,,,,,,,,,,,,,,,,,,,,,,,,
14025,1754692304.161005,109.398029088974,1754692304.241159,72.0,0.0,2.5215358046901883,13.61849439870764,4.1615846323246615,3.30838920819167,0.6371247267419449,-2.734585207112673,2.746781754048584,0.6681286201322791,-1.1757600681604572,-3.362960329126622,-1.6331059969235184,-2.202937792301441,-6.533755680623813,-1.5617670482275798,3617.0,2.0,4.0,4.0,4.0,4.0,4.0,4.0,4.0,4.0,4.0,4.0,4.0,4.0,4.0,4.0,100.0,0.3843111097812652,0.6380615234375,-0.2779541015625,0.6065673828125,1.0200351476669312,0.0434576943516731,-0.0249027237296104,-46.05783081054688,-98.54581451416016,2.8412299156188965,,,,,,,,,,,,,,,,,,,,,,,,,,,,,
14026,1754692304.168808,109.40583205223083,1754692304.2489622,73.0,0.0,-0.8173808915844916,14.409254313718463,1.3981576457157985,1.22037772921243,0.119148556496782,-4.332179757977485,1.1796875463332412,0.4521389152686765,-4.82474770622872,-0.1579787850442358,4.979395837566187,-3.394150716398201,1.5443794141526157,-4.058228181785182,3594.0,2.0,4.0,4.0,4.0,4.0,4.0,4.0,4.0,4.0,4.0,4.0,4.0,4.0,4.0,4.0,100.0,,,,,,,,,,,,,,,,,,,,,,,,,,,,,,,,,,,,,,,
14027,1754692304.176611,109.41363501548769,1754692304.256766,74.0,0.0,-0.7286466493464161,10.797554195685365,0.2353831768697034,0.3220088385629367,3.5307966185151543,-3.9402472011196608,0.2878056636269264,3.377295187350313,-1.354739008453549,-0.0784481743366143,-2.622313357369336,-0.4240742672431281,1.7407104203201411,-3.1786152322378314,3614.0,2.0,4.0,4.0,4.0,4.0,4.0,4.0,4.0,4.0,4.0,4.0,4.0,4.0,4.0,4.0,100.0,,,,,,,,,,,,,,,,,,,,,,,,,,,,,,,,,,,,,,,
14028,1754692304.184414,109.4214379787445,1754692304.2644691,75.0,0.0,-0.5648094877660697,4.343419429018013,1.814458526016552,0.4762209214695758,1.2355245482731334,-4.045358906100319,2.4005412768674432,0.8904943531392746,2.745846489635824,-1.083083156197972,-8.419304734443813,-0.9951322486367644,-9.77470771753201,-1.773673456297729,3557.0,2.0,4.0,4.0,4.0,4.0,4.0,4.0,4.0,4.0,4.0,4.0,4.0,4.0,4.0,4.0,100.0,,,,,,,,,,,,,,,,,,,,,,,,,,,,,,,,,,,,,,,
14029,1754692304.192217,109.42924118041992,1754692304.272372,76.0,0.0,1.1518078300762795,5.097564734939908,4.204209760329661,2.265167405116074,-2.2260183988043423,-3.1637158231635,6.142436771410132,-0.2420481415176141,-2.727439918645985,1.5419397979338214,-0.6247475111687777,-0.3859802416961315,-12.856478000564891,-1.4801207399393093,3565.0,2.0,4.0,4.0,4.0,4.0,4.0,4.0,4.0,4.0,4.0,4.0,4.0,4.0,4.0,4.0,100.0,0.3851744532585144,0.637451171875,-0.27789306640625,0.606689453125,1.0117342472076416,0.0429694056510925,-0.018066681921482,-45.31013870239258,-100.04119873046876,3.1403067111968994,,,,,,,,,,,,,,,,,,,,,,,,,,,,,
14030,1754692304.20002,109.43704414367676,1754692304.280175,77.0,0.0,0.6245572102146184,4.265858408486395,3.4090434149200632,2.598031283260127,4.346222116479396,-1.4549129467315538,6.9174558079942585,-0.2836168983018865,-8.015735029172163,-4.758038246329477,-3.1162892979788808,-0.0203101015301285,-10.200674983325996,-1.756502663852359,3317.0,2.0,4.0,4.0,4.0,4.0,4.0,4.0,4.0,4.0,4.0,4.0,4.0,4.0,4.0,4.0,100.0,,,,,,,,,,,,,,,,,,,,,,,,,,,,,,,,,,,,,,,
14031,1754692304.207823,109.4448471069336,1754692304.2879782,78.0,0.0,1.4849446871319287,-0.5120679043855034,4.060983099490613,4.525785984362074,10.413182504009228,1.8256115020192285,7.925998799232502,-3.643458849460103,-4.295545696752242,-11.475984207030024,-7.473622401253806,2.4211190412177075,-7.123607270967113,-1.341585879261629,3614.0,2.0,4.0,4.0,4.0,4.0,4.0,4.0,4.0,4.0,4.0,4.0,4.0,4.0,4.0,4.0,100.0,,,,,,,,,,,,,,,,,,,,,,,,,,,,,,,,,,,,,,,
14032,1754692304.215626,109.45265007019044,1754692304.2956822,79.0,0.0,3.385077816741159,-0.9231336108741744,1.4727409985389386,3.398198008311283,0.3126063783697645,0.2332094580838202,4.788254776264239,-10.112775917786166,-3.369185202020617,-8.693151532787397,0.0163210009623071,1.6703063121990454,-5.524130246463301,0.5871346647409155,3557.0,2.0,4.0,4.0,4.0,4.0,4.0,4.0,4.0,4.0,4.0,4.0,4.0,4.0,4.0,4.0,100.0,,,,,,,,,,,,,,,,,,,,,,,,,,,,,,,,,,,,,,,
14033,1754692304.223429,109.46045303344728,1754692304.303585,80.0,0.0,7.640922027894135,4.658274617327038,0.5450618178859941,0.3197963317392123,-3.0408799711073016,-1.4865829473643544,2.2735524022594973,-6.845674444051952,-3.8301503719523,-0.5453689436473041,1.7488717154391225,0.185549594795134,-5.902053578458322,7.015050730205871,3565.0,2.0,4.0,4.0,4.0,4.0,4.0,4.0,4.0,4.0,4.0,4.0,4.0,4.0,4.0,4.0,100.0,0.6232883930206299,0.39892578125,-0.56817626953125,0.35992431640625,1.007827877998352,0.0561532005667686,-0.0102540627121925,-47.10459899902344,-100.19073486328124,3.4393835067749023,,,,,,,,,,,,,,,,,,,,,,,,,,,,,
14034,1754692304.231232,109.4682559967041,1754692304.311388,81.0,0.0,6.638455644915609,0.1893329588669416,0.353085532197781,-0.4863701320546738,5.210998102802421,-1.7487230045886122,3.819990540337983,0.5717623315480864,-3.497752073963568,-0.1537122857230883,-7.44168226454309,-1.2763861430149177,-9.277802659774864,2.551010742768483,3317.0,2.0,4.0,4.0,4.0,4.0,4.0,4.0,4.0,4.0,4.0,4.0,4.0,4.0,4.0,4.0,100.0,,,,,,,,,,,,,,,,,,,,,,,,,,,,,,,,,,,,,,,
14035,1754692304.239035,109.47605895996094,1754692304.319191,82.0,0.0,-2.1187174492917507,-8.435013776693438,-0.2111674360787105,0.0318375557379226,7.003601560366235,2.755419332349732,7.056674106039111,3.16576444581807,2.688323062954453,-1.2559755669323636,-2.258980395363949,0.3692608966246666,-5.775793716179521,-9.65206287589507,3614.0,2.0,4.0,4.0,4.0,4.0,4.0,4.0,4.0,4.0,4.0,4.0,4.0,4.0,4.0,4.0,100.0,,,,,,,,,,,,,,,,,,,,,,,,,,,,,,,,,,,,,,,
14036,1754692304.246838,109.48386216163637,1754692304.326895,83.0,0.0,-9.873711631062804,-12.273374160673654,-2.3200412034258875,-3.349976077568215,-1.135670782052955,4.619996918866775,4.026795350817622,2.4121771344769627,9.345868539515608,0.2490717276794498,5.484041271261788,0.8885881882472972,-0.7709443381742744,-7.000217530981615,3557.0,2.0,4.0,4.0,4.0,4.0,4.0,4.0,4.0,4.0,4.0,4.0,4.0,4.0,4.0,4.0,100.0,,,,,,,,,,,,,,,,,,,,,,,,,,,,,,,,,,,,,,,
14037,1754692304.254641,109.4916651248932,1754692304.334798,84.0,0.0,-4.847433709438974,-13.039012581790756,-3.523531040215857,-3.594152580835271,-3.1038824091178867,2.2340085329510657,1.1440496350664944,5.787254907953866,10.23803933529507,2.1420515309673647,3.9832158208141664,-1.5547505962563264,1.8466760255896588,0.815378321015487,3565.0,2.0,4.0,4.0,4.0,4.0,4.0,4.0,4.0,4.0,4.0,4.0,4.0,4.0,4.0,4.0,100.0,0.6242438554763794,0.39947509765625,-0.56689453125,0.35968017578125,1.0141756534576416,0.0473640039563179,-0.0004882887005805,-46.65598678588867,-98.84489440917967,6.729228496551514,,,,,,,,,,,,,,,,,,,,,,,,,,,,,
14038,1754692304.262444,109.49946808815002,1754692304.342601,85.0,0.0,0.490285144681593,-9.839336201442848,-3.4593897185411606,-2.1067287490748186,-1.4089524711132526,-0.199780271242389,1.2285832095687963,6.638009468532118,8.080462747842603,2.299905401810747,1.7046904311985145,-2.055292854923892,2.694797340806645,-2.059438589980118,3317.0,2.0,4.0,4.0,4.0,4.0,4.0,4.0,4.0,4.0,4.0,4.0,4.0,4.0,4.0,4.0,100.0,,,,,,,,,,,,,,,,,,,,,,,,,,,,,,,,,,,,,,,
14039,1754692304.270247,109.50727105140686,1754692304.350404,86.0,0.0,-1.60303714681595,-3.35615754031096,-0.2718175135128149,-2.2170994434354725,-2.206460482831972,-0.5119124199277394,-0.9776574682564388,2.3075114314910934,5.668708886612421,1.9731794212507336,3.007246463974297,0.0071855661972222,5.0722562756564,-0.9234518704261064,3614.0,2.0,4.0,4.0,4.0,4.0,4.0,4.0,4.0,4.0,4.0,4.0,4.0,4.0,4.0,4.0,100.0,,,,,,,,,,,,,,,,,,,,,,,,,,,,,,,,,,,,,,,
14040,1754692304.27805,109.5150740146637,1754692304.358107,87.0,0.0,-1.0831653787336677,-3.576432444132081,3.103594877873036,-1.9976416108966648,0.9466710313781164,1.5401816583457162,-0.9832824769428612,-0.9984962030553676,-2.254542445516165,0.937613830877524,0.9069002440800772,-1.2664227059495374,6.453489256403088,3.2598946998563747,3557.0,2.0,4.0,4.0,4.0,4.0,4.0,4.0,4.0,4.0,4.0,4.0,4.0,4.0,4.0,4.0,100.0,,,,,,,,,,,,,,,,,,,,,,,,,,,,,,,,,,,,,,,
14041,1754692304.285853,109.52287697792052,1754692304.3660102,88.0,0.0,4.672452052808438,-6.2026025625025625,1.2659961728101905,-0.6826437951006312,4.159493304929782,1.1419613243026276,1.549317984203043,-0.8735887052837654,-7.951985996602872,-1.0556378639660409,-3.1989297045636533,-1.6262416395550474,0.5761471602517929,1.254007346540874,3565.0,2.0,4.0,4.0,4.0,4.0,4.0,4.0,4.0,4.0,4.0,4.0,4.0,4.0,4.0,4.0,100.0,0.6249208450317383,0.400146484375,-0.565673828125,0.35968017578125,1.006851315498352,0.0683604180812835,-0.0029297322034835,-48.15137100219727,-98.39627838134766,4.785229206085205,,,,,,,,,,,,,,,,,,,,,,,,,,,,,
14042,1754692304.293656,109.53068017959596,1754692304.373814,89.0,0.0,9.783043910189631,-4.036497916196197,1.5768192155198335,-1.7294566602943746,1.5162985294716125,-1.0740016703264814,-0.2281362032684342,1.2236938609755157,-4.844245443843022,-0.8017480186679791,-0.4834690534096921,5.673274970272075,-2.436525919543385,5.45114262196347,3317.0,2.0,4.0,4.0,4.0,4.0,4.0,4.0,4.0,4.0,4.0,4.0,4.0,4.0,4.0,4.0,100.0,,,,,,,,,,,,,,,,,,,,,,,,,,,,,,,,,,,,,,,
14043,1754692304.301459,109.53848314285278,1754692304.381717,90.0,0.0,8.452546160446389,-2.1956433195371687,4.504096968155579,-2.3824849175796885,-2.1117804089497554,-7.264242346192361,-4.946749848751836,-1.5937001900809378,-3.5392690916544893,-0.6351578491388068,1.390475823324948,7.822590745267178,3.0241938938058297,8.25053850839339,3614.0,2.0,4.0,4.0,4.0,4.0,4.0,4.0,4.0,4.0,4.0,4.0,4.0,4.0,4.0,4.0,100.0,,,,,,,,,,,,,,,,,,,,,,,,,,,,,,,,,,,,,,,
14044,1754692304.309262,109.54628610610962,1754692304.3895202,91.0,0.0,1.8994318870298912,1.4185511143181202,4.158196044328975,1.2672719142864253,-0.4131368492400042,-8.233925499092607,-6.841528282124386,-6.575757875305612,-4.6532437886040725,-0.923962010609216,3.063621172541275,1.5725422768126691,5.200919751704419,-0.1674545439938128,3557.0,2.0,4.0,4.0,4.0,4.0,4.0,4.0,4.0,4.0,4.0,4.0,4.0,4.0,4.0,4.0,100.0,,,,,,,,,,,,,,,,,,,,,,,,,,,,,,,,,,,,,,,
14045,1754692304.317065,109.55408906936646,1754692304.397423,92.0,0.0,-3.513797549152116,4.482753402470223,1.8161946912372853,1.0784563097053592,-0.8208899344268161,0.9716729863252452,-4.530934301436503,-2.067541275199858,-0.1185900763312588,0.8637507687507764,6.960010992712739,-1.7230534700607336,2.9192731227548734,-5.505663302688902,3565.0,2.0,4.0,4.0,4.0,4.0,4.0,4.0,4.0,4.0,4.0,4.0,4.0,4.0,4.0,4.0,100.0,0.6257874965667725,0.40069580078125,-0.56463623046875,0.35919189453125,0.9975737929344176,0.0722667276859283,-0.0122072175145149,-47.40367889404297,-97.6485824584961,4.785229206085205,,,,,,,,,,,,,,,,,,,,,,,,,,,,,
14046,1754692304.324868,109.56189203262328,1754692304.405226,93.0,0.0,-1.6682440643353118,1.5841862565894471,-1.0023719219766178,-4.474826669127623,-1.0333703023306668,3.345656001965409,-0.8399015148642945,4.177130809866441,5.67407113308721,-1.935619530544472,2.1935517018723942,-0.7726222113533083,1.5387720563983578,-3.5391913653006384,3317.0,2.0,4.0,4.0,4.0,4.0,4.0,4.0,4.0,4.0,4.0,4.0,4.0,4.0,4.0,4.0,100.0,,,,,,,,,,,,,,,,,,,,,,,,,,,,,,,,,,,,,,,
14047,1754692304.332671,109.56969499588013,1754692304.413129,94.0,0.0,0.242717439840618,1.0297096359802538,0.0407972823589091,-4.010713594743919,2.26096731063879,1.297799203585129,2.25389914898804,3.222688191939397,4.714360969456521,-3.533449282096825,-4.249232838864117,-1.3812411211322058,0.049767692476081,-4.261360863281624,3614.0,2.0,4.0,4.0,4.0,4.0,4.0,4.0,4.0,4.0,4.0,4.0,4.0,4.0,4.0,4.0,100.0,,,,,,,,,,,,,,,,,,,,,,,,,,,,,,,,,,,,,,,
14048,1754692304.340474,109.57749795913696,1754692304.420933,95.0,0.0,-1.2617467943010183,2.5237546725902007,0.9236340177685064,0.0467255093662402,-1.988684156363945,2.7980483052346585,2.5879184670729387,2.2571158793434165,0.8086488004836951,1.0684337190472777,-1.8541269753441725,-2.739167617280202,-7.263628583065213,-4.077124567366866,3557.0,2.0,4.0,4.0,4.0,4.0,4.0,4.0,4.0,4.0,4.0,4.0,4.0,4.0,4.0,4.0,100.0,,,,,,,,,,,,,,,,,,,,,,,,,,,,,,,,,,,,,,,
14049,1754692304.348277,109.58530116081238,1754692304.428636,96.0,0.0,-2.122845295427624,4.725028567557501,-0.8330586116082941,-0.1926119550382736,-4.156451808256179,4.175471792343842,2.394625123261676,3.0675980326739136,-0.2371703776691447,-1.7641163502860309,0.922224978125314,-0.2325738551164704,-9.640534131090815,-0.0573189516687762,3565.0,2.0,4.0,4.0,4.0,4.0,4.0,4.0,4.0,4.0,4.0,4.0,4.0,4.0,4.0,4.0,100.0,0.6266494989395142,0.40118408203125,-0.563720703125,0.35858154296875,1.0239413976669312,0.0712901502847671,-0.0053711757063865,-47.85229110717773,-99.44304656982422,3.738460302352905,,,,,,,,,,,,,,,,,,,,,,,,,,,,,
14050,1754692304.35608,109.5931041240692,1754692304.436439,97.0,0.0,-1.398404963769735,7.9511914231993615,-1.3014447536475018,0.8890013406867183,-0.5198921151218201,2.822806138918168,0.6344377589980468,0.5605199810006525,-1.687023387064528,-7.013496331704573,-2.2732741007885124,3.3059305229621714,-2.722154755879956,4.406630792474061,3317.0,2.0,4.0,4.0,4.0,4.0,4.0,4.0,4.0,4.0,4.0,4.0,4.0,4.0,4.0,4.0,100.0,,,,,,,,,,,,,,,,,,,,,,,,,,,,,,,,,,,,,,,
14051,1754692304.363883,109.60090708732604,1754692304.444142,98.0,0.0,0.8989770764451634,8.08037349914369,0.2149217650731145,0.9397430288459248,-5.558149949555144,1.5208250143273574,-0.7254287406326227,-2.0327366422784223,-3.0284724365273803,-3.1603633922972847,-4.828452454360075,2.2983992854738347,2.212170934746865,4.6367630063796526,3614.0,2.0,4.0,4.0,4.0,4.0,4.0,4.0,4.0,4.0,4.0,4.0,4.0,4.0,4.0,4.0,100.0,,,,,,,,,,,,,,,,,,,,,,,,,,,,,,,,,,,,,,,
14052,1754692304.371686,109.60871005058289,1754692304.451946,99.0,0.0,2.0298103361669746,10.289083366712475,0.8261937141264752,-2.969372389727596,-12.941781741007162,0.3911486449474068,0.854297255117217,-2.97694432924618,-1.3608987716706906,2.678269742582416,-5.858690890287107,0.3556990283427694,-0.1268778173025566,3.324018364965923,3557.0,2.0,4.0,4.0,4.0,4.0,4.0,4.0,4.0,4.0,4.0,4.0,4.0,4.0,4.0,4.0,100.0,,,,,,,,,,,,,,,,,,,,,,,,,,,,,,,,,,,,,,,
14053,1754692304.379489,109.61651301383972,1754692304.459649,100.0,0.0,1.0705966291974391,21.09655889733301,1.436404374200606,2.9326180807769333,-9.592041108023864,2.370599059026404,1.5411759080419642,-2.905845341569716,-1.461684267257283,-0.8330743014486188,-5.974184954138877,0.8439197655483213,-4.7225715343016645,0.3085072332872869,3565.0,2.0,4.0,4.0,4.0,4.0,4.0,4.0,4.0,4.0,4.0,4.0,4.0,4.0,4.0,4.0,100.0,0.6271652579307556,0.4017333984375,-0.56298828125,0.35821533203125,1.005386471748352,0.081055924296379,0.0083009079098701,-45.75875473022461,-98.9944305419922,4.33661413192749,,,,,,,,,,,,,,,,,,,,,,,,,,,,,
14054,1754692304.387292,109.62431597709656,1754692304.467452,101.0,0.0,-0.5240961525868499,30.501095573271044,2.564268839630671,9.308192207598124,-2.759992279860768,11.09955094767028,6.2403917583470445,0.703489479450667,-2.477175936982718,-7.775793422434987,-5.312035466250478,0.4471537991540515,-4.194039507152098,-5.643011784468769,3317.0,2.0,4.0,4.0,4.0,4.0,4.0,4.0,4.0,4.0,4.0,4.0,4.0,4.0,4.0,4.0,100.0,,,,,,,,,,,,,,,,,,,,,,,,,,,,,,,,,,,,,,,
14055,1754692304.395095,109.63211917877196,1754692304.475155,102.0,0.0,-0.7599530563536518,25.935748997666224,-0.6935928664104267,1.0824689069470423,-1.6684783148073166,9.18048982155574,12.827251919073433,4.708752302547282,2.0576771893290697,-7.850102023149475,-5.708701547551527,-1.0013169834917337,-3.7255571777602654,-4.969270353647289,3614.0,2.0,4.0,4.0,4.0,4.0,4.0,4.0,4.0,4.0,4.0,4.0,4.0,4.0,4.0,4.0,100.0,,,,,,,,,,,,,,,,,,,,,,,,,,,,,,,,,,,,,,,
14056,1754692304.402898,109.6399221420288,1754692304.482959,103.0,0.0,1.1248092100934173,17.20790261560137,-2.745664548615196,-5.308136669100122,-5.992568944900768,-1.167774504405088,9.983000524455065,7.325945615578576,6.64161003665663,-1.5865273466208691,-5.557287160896749,1.131967250565367,-3.359199586243676,-0.0392205114305852,3557.0,2.0,4.0,4.0,4.0,4.0,4.0,4.0,4.0,4.0,4.0,4.0,4.0,4.0,4.0,4.0,100.0,,,,,,,,,,,,,,,,,,,,,,,,,,,,,,,,,,,,,,,
14057,1754692304.410701,109.64772510528564,1754692304.490662,104.0,0.0,-0.4592689499739322,15.871343657315435,-0.2216092146530286,-1.9241730322654007,-9.77504610807938,-2.422852307334153,2.472332767945943,6.145937627538558,6.276594329361785,2.888916944541677,-5.053821355465345,-0.4537425042761356,0.1203962960150306,-3.110358260974237,3565.0,2.0,4.0,4.0,4.0,4.0,4.0,4.0,4.0,4.0,4.0,4.0,4.0,4.0,4.0,4.0,100.0,0.627315104007721,0.4022216796875,-0.56231689453125,0.35845947265625,1.0127108097076416,0.058106355369091,0.0161135271191597,-47.2541389465332,-98.9944305419922,3.5889220237731934,,,,,,,,,,,,,,,,,,,,,,,,,,,,,
14058,1754692304.418504,109.65552806854248,1754692304.498565,105.0,0.0,-5.387916344385445,19.291890693999303,1.0067861427631613,0.6979417328956004,-6.512651747118213,5.574319730818246,2.38011866040128,3.5047063828490934,7.091174049059958,-2.1205879669415992,-5.644605506677777,-4.352102721255648,4.271054113673557,-7.531910203711192,3317.0,2.0,4.0,4.0,4.0,4.0,4.0,4.0,4.0,4.0,4.0,4.0,4.0,4.0,4.0,4.0,100.0,,,,,,,,,,,,,,,,,,,,,,,,,,,,,,,,,,,,,,,
14059,1754692304.426307,109.66333103179932,1754692304.5063682,106.0,0.0,-8.335392204109297,17.8807805069072,-1.5187869272045589,-1.0722433428469174,-3.097492046622932,7.440905322437089,4.198186181343232,3.9095525230490296,8.678222869110783,-5.243280672498798,-4.088423196848538,-4.212900645036456,5.882107454167141,-6.591677462061483,3614.0,2.0,4.0,4.0,4.0,4.0,4.0,4.0,4.0,4.0,4.0,4.0,4.0,4.0,4.0,4.0,100.0,,,,,,,,,,,,,,,,,,,,,,,,,,,,,,,,,,,,,,,
14060,1754692304.43411,109.67113399505617,1754692304.514271,107.0,0.0,-3.358509606351788,13.061692788297307,-3.847192901919868,-3.7095660958386247,-1.3108168543896568,1.216272604359176,2.787677867954528,2.169108469714331,5.901802904068802,2.3769015003065874,-3.802243586999964,0.178845816651858,0.8172904376986594,-2.089092367989167,3557.0,2.0,4.0,4.0,4.0,4.0,4.0,4.0,4.0,4.0,4.0,4.0,4.0,4.0,4.0,4.0,100.0,,,,,,,,,,,,,,,,,,,,,,,,,,,,,,,,,,,,,,,
14061,1754692304.441913,109.678936958313,1754692304.522174,108.0,0.0,-1.415056586532387,9.5135964252205,-3.152505974913652,0.7650205728392621,3.310833444832156,-1.765011014112929,0.0024286899621301,-0.8702852218533508,1.686696801273797,8.88894191176189,-3.126386653179793,1.3216979028962896,-1.5293573246020742,0.0388551660163329,3565.0,2.0,4.0,4.0,4.0,4.0,4.0,4.0,4.0,4.0,4.0,4.0,4.0,4.0,4.0,4.0,100.0,0.627729594707489,0.4024658203125,-0.5615234375,0.35870361328125,1.006363034248352,0.0678721293807029,0.0117189288139343,-46.506446838378906,-98.54581451416016,3.887998819351196,,,,,,,,,,,,,,,,,,,,,,,,,,,,,
14062,1754692304.449716,109.6867401599884,1754692304.529978,109.0,0.0,-8.38404328871519,1.6977296458611022,-3.8701358022901218,3.665065489418623,5.931500789927043,-2.7627219438460884,-0.9917204858217588,-0.8092565853223164,0.7000422023900796,7.4116352547578686,1.5079907920861046,-0.7143576919795009,1.372294066632378,-5.073955643791749,3317.0,2.0,4.0,4.0,4.0,4.0,4.0,4.0,4.0,4.0,4.0,4.0,4.0,4.0,4.0,4.0,100.0,,,,,,,,,,,,,,,,,,,,,,,,,,,,,,,,,,,,,,,
14063,1754692304.457519,109.69454312324524,1754692304.537781,110.0,0.0,-7.922156126041983,-8.671086492164278,-3.984800378887513,-2.2688079408926853,5.672868539295422,-2.9366873210911137,0.0224644347917717,2.2001045420092566,1.2528557615837317,5.690833751139024,3.973591796777754,1.2910244864224012,2.9113073037922,-2.472261266615561,3614.0,2.0,4.0,4.0,4.0,4.0,4.0,4.0,4.0,4.0,4.0,4.0,4.0,4.0,4.0,4.0,100.0,,,,,,,,,,,,,,,,,,,,,,,,,,,,,,,,,,,,,,,
14064,1754692304.465322,109.70234608650208,1754692304.545684,111.0,0.0,2.011378564581321,-17.542227741327622,-2.8088070735793167,-1.4842590397178697,4.671416484593067,-1.945082867427516,-2.2303710685723104,-1.579223163077529,-2.3487081954521614,4.20322711984187,2.0641461290306893,1.3625091355493737,1.800902309633841,8.837767009790298,3557.0,2.0,4.0,4.0,4.0,4.0,4.0,4.0,4.0,4.0,4.0,4.0,4.0,4.0,4.0,4.0,100.0,,,,,,,,,,,,,,,,,,,,,,,,,,,,,,,,,,,,,,,
14065,1754692304.473125,109.71014904975893,1754692304.553487,112.0,0.0,4.602974938011784,-21.75664204134821,-1.5945353725919915,5.779023471696263,6.542385258765961,-2.354151496628248,-2.6143267269567616,-5.616596293749836,-6.007530770479235,0.6265880114428626,1.513388536015981,-0.4232038447840125,0.2432659554903864,6.353246198603273,3565.0,2.0,4.0,4.0,4.0,4.0,4.0,4.0,4.0,4.0,4.0,4.0,4.0,4.0,4.0,4.0,100.0,0.3928525149822235,0.63311767578125,-0.27691650390625,0.60675048828125,0.992690920829773,0.0893568322062492,0.0009765774011611,-47.10459899902344,-98.09719848632812,3.738460302352905,,,,,,,,,,,,,,,,,,,,,,,,,,,,,
14066,1754692304.480928,109.71795201301576,1754692304.5613902,113.0,0.0,-0.2544689691360986,-23.536564237031428,-0.6804382180901598,2.4671781881658603,8.46317074253301,-0.7897523026011299,0.013730810876666,-1.0498138424589456,-3.902620066242719,6.7128613706588,3.1469271281909528,2.4262760050730208,-2.132711671829213,-2.7414846557706483,3317.0,2.0,4.0,4.0,4.0,4.0,4.0,4.0,4.0,4.0,4.0,4.0,4.0,4.0,4.0,4.0,100.0,,,,,,,,,,,,,,,,,,,,,,,,,,,,,,,,,,,,,,,
14067,1754692304.488731,109.72575497627258,1754692304.5691931,114.0,0.0,-1.6733127070921228,-25.819292837206945,-1.6754886422683055,-2.8153889662072515,8.317962273114858,-0.6258649504799223,-1.9648480862261977,0.1470167716296373,-0.0970794824821723,11.28529801856655,3.4482218682745724,4.270191807645347,-3.847827416765199,2.441355228644511,3614.0,2.0,4.0,4.0,4.0,4.0,4.0,4.0,4.0,4.0,4.0,4.0,4.0,4.0,4.0,4.0,100.0,,,,,,,,,,,,,,,,,,,,,,,,,,,,,,,,,,,,,,,
14068,1754692304.496534,109.733558177948,1754692304.576997,115.0,0.0,0.265822373273437,-24.75807364689157,0.5073761128111585,4.146792356374277,10.05873272072327,-1.1356528378431392,-5.947788735439502,-1.4990044325853376,-2.478020433068963,2.1494309412661607,2.508011748093992,-1.1016475244431092,-1.6943363805731622,8.541724336293697,3557.0,2.0,4.0,4.0,4.0,4.0,4.0,4.0,4.0,4.0,4.0,4.0,4.0,4.0,4.0,4.0,100.0,,,,,,,,,,,41.66666793823242,4.0,34.97285461425781,4.0,31.66388511657715,3.0,26.170759201049805,3.0,28.835824966430664,3.0,24.265560150146484,1.0,24.723039627075195,1.0,27.594558715820312,3.0,27.935909271240234,3.0,27.91716957092285,3.0,29.966880798339844,3.0,35.75063705444336,4.0,26.24576759338379,4.0,33.01226043701172,4.0,39.007606506347656
14069,1754692304.504337,109.74136114120483,1754692304.5848,116.0,0.0,3.3889616870444,-20.949363786819788,1.75641831402271,10.05072549082496,12.29446881708344,-1.016742117831484,-4.815568245022689,-0.7556118304053712,-6.02345151065748,0.3276399136131545,1.019530346774161,-5.085992855282996,0.0953719318051184,4.085320592121377,3565.0,2.0,4.0,4.0,4.0,4.0,4.0,4.0,4.0,4.0,4.0,4.0,4.0,4.0,4.0,4.0,100.0,0.3934543132781982,0.6326904296875,-0.27703857421875,0.60675048828125,1.007339596748352,0.0683604180812835,0.0097657740116119,-49.19813919067383,-96.75135803222656,5.383382797241211,,,,,,,,,,,,,,,,,,,,,,,,,,,,,
14070,1754692304.51214,109.74916410446168,1754692304.592603,117.0,0.0,5.977987548851246,-19.91953572296407,-1.2769915915627337,9.77052891536377,13.662986694620573,-1.2779059266617026,-4.0173085297900855,-3.4022803052556867,-4.906733028847526,7.921624357736704,1.84805576056678,-0.0242398667932377,-1.739101486800024,-0.1055241323446409,3317.0,2.0,4.0,4.0,4.0,4.0,4.0,4.0,4.0,4.0,4.0,4.0,4.0,4.0,4.0,4.0,100.0,,,,,,,,,,,,,,,,,,,,,,,,,,,,,,,,,,,,,,,
14071,1754692304.519943,109.7569670677185,1754692304.6004062,118.0,0.0,4.542674994267031,-18.207710966158743,0.5293395938437016,10.715887905795055,13.14782267473572,-3.280333065588934,-4.439424922991861,-9.365400266104755,-4.524014680071673,5.789257174033878,4.873832102563824,1.2830565975854142,-1.4307133916664725,-2.0784319080127034,3614.0,2.0,4.0,4.0,4.0,4.0,4.0,4.0,4.0,4.0,4.0,4.0,4.0,4.0,4.0,4.0,100.0,,,,,,,,,,,,,,,,,,,,,,,,,,,,,,,,,,,,,,,
14072,1754692304.527746,109.76477003097534,1754692304.608309,119.0,0.0,3.41753990554173,-13.135546558189503,7.771035371353832,12.808660066964537,7.034498963428291,-2.973764598479079,-4.239119651149281,-7.16886680393543,-5.41403267509429,-1.425162011538646,6.683801065612556,-1.714489808168196,1.8325770968768893,-1.5813819986959743,3557.0,2.0,4.0,4.0,4.0,4.0,4.0,4.0,4.0,4.0,4.0,4.0,4.0,4.0,4.0,4.0,100.0,,,,,,,,,,,,,,,,,,,,,,,,,,,,,,,,,,,,,,,
14073,1754692304.535549,109.77257299423218,1754692304.616212,120.0,0.0,2.923071636524554,-11.934434367133264,6.277454160966926,9.718283542577382,-3.460111588407045,-1.572457725706073,-10.31604172646351,-4.905980992437463,-1.9255775009537783,-0.7932242368601976,5.400372729498457,0.5431491719418489,2.188006723076996,2.097143520383696,3565.0,2.0,4.0,4.0,4.0,4.0,4.0,4.0,4.0,4.0,4.0,4.0,4.0,4.0,4.0,4.0,100.0,0.3947262763977051,0.632568359375,-0.2769775390625,0.6060791015625,1.0146639347076416,0.0751964598894119,0.0083009079098701,-47.85229110717773,-97.6485824584961,2.9907681941986084,,,,,,,,,,,,,,,,,,,,,,,,,,,,,
14074,1754692304.543352,109.780375957489,1754692304.624016,121.0,0.0,1.0136900123596035,-12.395260659694683,-0.382342284389523,5.466916511582696,-3.897845332698324,-1.780327634637359,-10.822969110814682,-8.222454046689307,0.4221248798269528,1.3316300764384152,3.895745372145285,2.9352048722337543,0.3578654108664807,5.191478527796136,3317.0,2.0,4.0,4.0,4.0,4.0,4.0,4.0,4.0,4.0,4.0,4.0,4.0,4.0,4.0,4.0,100.0,,,,,,,,,,,,,,,,,,,,,,,,,,,,,,,,,,,,,,,
14075,1754692304.551155,109.78817915916444,1754692304.631819,122.0,0.0,-2.062651859383692,-12.1052150052507,1.1394827953430138,4.977296454826359,1.6197690915585952,-0.8925183445127516,-0.4970913855560468,-5.042033397374922,-2.5405465076998155,-1.2276675799945735,5.910151969288876,1.169692992813765,0.7509842897316901,2.791989549653721,3614.0,2.0,4.0,4.0,4.0,4.0,4.0,4.0,4.0,4.0,4.0,4.0,4.0,4.0,4.0,4.0,100.0,,,,,,,,,,,,,,,,,,,,,,,,,,,,,,,,,,,,,,,
14076,1754692304.558958,109.79598212242126,1754692304.639522,123.0,0.0,-5.3774797238009455,-15.744391113152062,3.3618402711041995,2.8542689392526768,-2.8968962615961686,-0.7778323174882757,2.417215778356137,1.0127927220252673,-2.2373719239824936,0.2903632681465637,7.663147694690622,1.411010612263624,0.6933034273385488,-2.809481566659372,3557.0,2.0,4.0,4.0,4.0,4.0,4.0,4.0,4.0,4.0,4.0,4.0,4.0,4.0,4.0,4.0,100.0,,,,,,,,,,,,,,,,,,,,,,,,,,,,,,,,,,,,,,,
14077,1754692304.566761,109.8037850856781,1754692304.6474252,124.0,0.0,-6.0547240222771,-16.36529407625025,-0.0589956148299677,-1.842102873173048,-6.60278079349186,0.5998398818157114,0.7334171341305193,3.194696769309445,3.3684075046504915,4.643872325949502,3.30579499243882,2.825130466229581,-2.372594203550392,-3.079391559931849,3565.0,2.0,4.0,4.0,4.0,4.0,4.0,4.0,4.0,4.0,4.0,4.0,4.0,4.0,4.0,4.0,100.0,0.3965830206871032,0.63299560546875,-0.27655029296875,0.6046142578125,1.0009918212890625,0.0878919661045074,-0.0019531548023223,-46.20737075805664,-97.3495101928711,4.187075614929199,,,,,,,,,,,,,,,,,,,,,,,,,,,,,
14078,1754692304.574564,109.81158804893494,1754692304.655228,125.0,0.0,-1.091652766107586,-8.660091120818493,-0.3338146275297049,-0.5169264811130461,-2.772560059389548,3.942906452824332,6.924170507529084,2.471633780900788,5.561873915221781,2.66542187190214,-3.4209002022895447,-0.063937024518168,-6.638282790135122,-0.3581646941448753,3317.0,2.0,4.0,4.0,4.0,4.0,4.0,4.0,4.0,4.0,4.0,4.0,4.0,4.0,4.0,4.0,100.0,,,,,,,,,,,,,,,,,,,,,,,,,,,,,,,,,,,,,,,
14079,1754692304.582367,109.81939101219176,1754692304.663032,126.0,0.0,3.380079352435644,-5.930715821912088,1.5568775186284824,0.7474427782777298,-4.960036805323796,1.6559625667219393,6.6798444572555695,-0.5343256055838879,2.484508988388882,0.9917441421699208,-4.367584017712886,-1.4658065734024035,-7.749702829503292,1.4156891909011051,3614.0,2.0,4.0,4.0,4.0,4.0,4.0,4.0,4.0,4.0,4.0,4.0,4.0,4.0,4.0,4.0,100.0,,,,,,,,,,,,,,,,,,,,,,,,,,,,,,,,,,,,,,,
14080,1754692304.59017,109.8271939754486,1754692304.6707351,127.0,0.0,4.348354297571319,-6.106686690958753,1.178841251199998,-2.9979274677831143,-11.477233334340411,-1.749133724186862,-3.356759091653288,-0.5388202595109703,2.223684840115681,1.9294026812466711,0.438003478701745,1.8426288528848147,-0.1029948125522821,4.970403571772209,52.0,2.0,4.0,4.0,4.0,4.0,4.0,4.0,4.0,4.0,4.0,4.0,4.0,4.0,4.0,4.0,100.0,,,,,,,,,,,,,,,,,,,,,,,,,,,,,,,,,,,,,,,
14081,1754692304.597973,109.83499717712402,1754692304.678638,0.0,0.0,4.264099303379226,-1.3353293127643155,-0.533669027423457,-2.5879624754607,-12.055968659363316,-3.0713955677888407,-3.3731679840730067,1.8271327326197024,1.5043407311482042,-4.198037875570662,1.981061532983404,2.2158213866860024,4.290181353472462,3.8934956589637295,3335.0,2.0,4.0,4.0,4.0,4.0,4.0,4.0,4.0,4.0,4.0,4.0,4.0,4.0,4.0,4.0,100.0,0.3984922468662262,0.633544921875,-0.27587890625,0.60308837890625,1.010757565498352,0.1005874723196029,-0.0112306401133537,-46.80552291870117,-97.94766235351562,3.5889220237731934,,,,,,,,,,,,,,,,,,,,,,,,,,,,,
14082,1754692304.605776,109.84280014038086,1754692304.6864412,1.0,0.0,3.252661295603957,0.1682154844652359,2.219995856434707,0.6488167525544668,-11.510068889084778,-0.3280658274711641,2.5210211883290867,3.9391865124644014,-1.387556178552586,-7.956475629679517,-1.0279513498398956,0.4071794411743212,-0.7006341787650854,-1.953841560944511,3524.0,2.0,4.0,4.0,4.0,4.0,4.0,4.0,4.0,4.0,4.0,4.0,4.0,4.0,4.0,4.0,100.0,,,,,,,,,,,,,,,,,,,,,,,,,,,,,,,,,,,,,,,
14083,1754692304.613579,109.8506031036377,1754692304.694344,2.0,0.0,1.841659805591746,-0.2178589008805715,1.1506556077759456,-2.645525503238048,-12.821969717089983,4.972818728667619,3.512135733662774,4.7644790285328895,-0.895635225526064,-1.0560321847835326,-1.5752683931052047,-1.2597339493551658,-1.2583806576387246,1.695325504816367,3502.0,2.0,4.0,4.0,4.0,4.0,4.0,4.0,4.0,4.0,4.0,4.0,4.0,4.0,4.0,4.0,100.0,,,,,,,,,,,,,,,,,,,,,,,,,,,,,,,,,,,,,,,
14084,1754692304.621382,109.85840606689452,1754692304.702148,3.0,0.0,2.3282051365431755,5.713914973932816,-5.391575380461717,-6.755499195396595,-8.79365366406725,1.6932240889364325,1.7931782095857045,1.422059968041168,0.4173135458027275,4.602079041340431,-1.6136418734945153,-2.639329739337853,-3.4010093360768394,4.281560445614133,3638.0,2.0,4.0,4.0,4.0,4.0,4.0,4.0,4.0,4.0,4.0,4.0,4.0,4.0,4.0,4.0,100.0,,,,,,,,,,,,,,,,,,,,,,,,,,,,,,,,,,,,,,,
14085,1754692304.629185,109.86620903015135,1754692304.710051,4.0,0.0,5.04082828368206,11.243200593603037,-2.5419787504787905,-3.3974269474569496,-4.2588384312616085,-2.494561959145756,4.772771385463386,1.629639748143802,3.043495756411687,8.808445997107867,-4.682075654532525,-0.6852805858019906,-8.887762263093407,-0.3266586471353889,3616.0,2.0,4.0,4.0,4.0,4.0,4.0,4.0,4.0,4.0,4.0,4.0,4.0,4.0,4.0,4.0,100.0,0.3998738825321197,0.63421630859375,-0.2752685546875,0.60174560546875,1.007827877998352,0.0976577401161193,-0.0156252384185791,-46.65598678588867,-97.05043029785156,4.785229206085205,,,,,,,,,,,,,,,,,,,,,,,,,,,,,
14086,1754692304.636988,109.8740119934082,1754692304.717854,5.0,0.0,2.0300194941115706,9.314458964288974,0.3733555928039322,-6.114615796651719,-4.132332738677519,1.3396865287642186,5.190328408300616,3.2707635763355256,0.7473684239099612,6.799257681948916,-6.981732024877942,-2.692775257406879,-5.631747207957801,-0.93608561984081,3523.0,2.0,4.0,4.0,4.0,4.0,4.0,4.0,4.0,4.0,4.0,4.0,4.0,4.0,4.0,4.0,100.0,,,,,,,,,,,,,,,,,,,,,,,,,,,,,,,,,,,,,,,
14087,1754692304.644791,109.88181495666504,1754692304.725657,6.0,0.0,-2.7382286012833674,11.391896575377473,-6.7983273958228665,-9.340161976223383,-3.3360005827106534,3.9786844138731112,4.07216443664322,0.430523857774574,-1.6380584481029246,1.2539734421681032,-1.5896363450959825,-3.284776035652498,4.989551872180641,3.5875177163189846,3494.0,2.0,4.0,4.0,4.0,4.0,4.0,4.0,4.0,4.0,4.0,4.0,4.0,4.0,4.0,4.0,100.0,,,,,,,,,,,,,,,,,,,,,,,,,,,,,,,,,,,,,,,
14088,1754692304.652594,109.88961815834044,1754692304.73336,7.0,0.0,0.2988094040700844,14.7540862770619,-9.018247102353712,-4.916778389542856,-5.611127990643695,0.5077257599162976,2.876171407704419,-3.2036535541734565,-0.0825155345888788,1.6615513758009683,-0.4517250815880516,0.4189080678569326,4.419544688180963,0.850899562706104,3519.0,2.0,4.0,4.0,4.0,4.0,4.0,4.0,4.0,4.0,4.0,4.0,4.0,4.0,4.0,4.0,100.0,,,,,,,,,,,,,,,,,,,,,,,,,,,,,,,,,,,,,,,
14089,1754692304.660397,109.89742112159728,1754692304.7412632,8.0,0.0,2.3165590188424687,11.9274257227095,-3.083518029859391,-2.6144745971172085,-7.364012485635015,2.6331792071383973,0.0906282074053308,0.1435270802104753,3.3083877946043287,5.493806250979247,-3.58909353493695,2.0520565578823664,-1.5379574445024389,-5.620274382528208,3591.0,2.0,4.0,4.0,4.0,4.0,4.0,4.0,4.0,4.0,4.0,4.0,4.0,4.0,4.0,4.0,100.0,0.400098443031311,0.6346435546875,-0.2750244140625,0.60125732421875,1.0166170597076416,0.1098649576306343,-0.0048828870058059,-47.2541389465332,-97.94766235351562,4.33661413192749,,,,,,,,,,,,,,,,,,,,,,,,,,,,,
14090,1754692304.6682,109.90522408485413,1754692304.749067,9.0,0.0,-2.4704366735329018,11.617266823020884,-2.620140792736663,-3.594044198110794,-4.828746329677131,4.737085344562104,-0.3191498294460757,5.808763750304763,5.9164026417554965,2.1975745019697683,-1.7991081495499088,0.1579488812324712,0.1162267175012061,-4.549829596606912,3625.0,2.0,4.0,4.0,4.0,4.0,4.0,4.0,4.0,4.0,4.0,4.0,4.0,4.0,4.0,4.0,100.0,,,,,,,,,,,,,,,,,,,,,,,,,,,,,,,,,,,,,,,
14091,1754692304.676003,109.91302704811096,1754692304.75687,10.0,0.0,-1.48624661206307,16.242975426533548,-2.99164142001203,-1.4961313342701317,-2.4937623528658435,0.0105265946167207,0.7912795843821812,4.288240096974704,2.084730131842633,-0.906575594594898,-2.5511240303099214,2.509202968432845,0.6161935770789739,0.3862236530075904,3614.0,2.0,4.0,4.0,4.0,4.0,4.0,4.0,4.0,4.0,4.0,4.0,4.0,4.0,4.0,4.0,100.0,,,,,,,,,,,,,,,,,,,,,,,,,,,,,,,,,,,,,,,
14092,1754692304.683806,109.9208300113678,1754692304.7647731,11.0,0.0,4.5644150816564775,17.39054938570365,0.0282296977288183,0.4235918219278005,-1.1834101404597843,-1.6802218627749994,0.9897858665985382,-0.5791188407216055,-3.4773551487970167,-0.6169162611277557,-6.568877834886337,5.429150915598655,0.1906151722259323,0.7472226838280562,3560.0,2.0,4.0,4.0,4.0,4.0,4.0,4.0,4.0,4.0,4.0,4.0,4.0,4.0,4.0,4.0,100.0,,,,,,,,,,,,,,,,,,,,,,,,,,,,,,,,,,,,,,,
14093,1754692304.691609,109.92863297462463,1754692304.772576,12.0,0.0,3.6921375922732977,13.927580750218452,-2.060976709491684,-1.5384338476720814,5.788549727653276,-2.6348660941526987,-0.5579005163268675,-0.0539290179041245,-2.5007980680690025,1.4665138909598454,-5.670600910327835,2.4693359664801164,2.7761883020237974,-3.7610421653108688,3556.0,2.0,4.0,4.0,4.0,4.0,4.0,4.0,4.0,4.0,4.0,4.0,4.0,4.0,4.0,4.0,100.0,0.3995693624019623,0.63507080078125,-0.27520751953125,0.60107421875,1.0258945226669312,0.1201190203428268,-0.0268558785319328,-47.2541389465332,-97.4990463256836,4.635690689086914,,,,,,,,,,,,,,,,,,,,,,,,,,,,,
14094,1754692304.699412,109.93643617630003,1754692304.7804792,13.0,0.0,0.6137026001659649,16.746948940172246,-4.721374269738277,-2.24055198493366,9.716710361560075,-3.6204827893672302,-1.8888499144315176,2.1605309330091984,2.951439823956065,5.531546717750047,-3.074966651083429,-1.1522852856334396,1.20601814882329,-1.650004320955901,3333.0,2.0,4.0,4.0,4.0,4.0,4.0,4.0,4.0,4.0,4.0,4.0,4.0,4.0,4.0,4.0,100.0,,,,,,,,,,,,,,,,,,,,,,,,,,,,,,,,,,,,,,,
14095,1754692304.707215,109.94423913955688,1754692304.7882822,14.0,0.0,2.327182488835092,19.697108514645493,-1.1544621111971765,-2.083798995456277,6.376849098636626,-2.5294301882778427,-1.4453472185551846,-4.002990394792164,0.5633829986426235,1.0904922318680974,0.0157908998093034,0.6867597060535218,-2.282093669318897,6.259549523645887,3614.0,2.0,4.0,4.0,4.0,4.0,4.0,4.0,4.0,4.0,4.0,4.0,4.0,4.0,4.0,4.0,100.0,,,,,,,,,,,,,,,,,,,,,,,,,,,,,,,,,,,,,,,
14096,1754692304.715018,109.95204210281372,1754692304.796186,15.0,0.0,3.926735825918684,15.148534591775558,0.3232730765882365,-2.750318942485876,2.1409217718557443,-5.418396323253376,-6.035210630045015,-10.338197528225749,-5.8022537911131735,-8.533737142138136,3.851440589173933,4.3004315050567925,3.728597793315828,6.943746265485686,3560.0,2.0,4.0,4.0,4.0,4.0,4.0,4.0,4.0,4.0,4.0,4.0,4.0,4.0,4.0,4.0,100.0,,,,,,,,,,,,,,,,,,,,,,,,,,,,,,,,,,,,,,,
14097,1754692304.722821,109.95984506607056,1754692304.8039892,16.0,0.0,3.7784132179070298,13.19084478108772,1.218900915730785,1.033500079142243,-0.377875486606797,-4.21626505759258,-11.166269942280168,-7.995304998742256,-8.892136622255464,-6.6860088731829705,2.2392902717882066,3.0100449328140826,7.914645834242094,4.49622120675923,0.0,2.0,4.0,4.0,4.0,4.0,4.0,4.0,4.0,4.0,4.0,4.0,4.0,4.0,4.0,4.0,100.0,0.3990198671817779,0.63580322265625,-0.2755126953125,0.60052490234375,0.9839017391204834,0.1040054932236671,-0.0263675898313522,-48.15137100219727,-97.3495101928711,4.785229206085205,,,,,,,,,,,,,,,,,,,,,,,,,,,,,
14098,1754692304.730624,109.9676480293274,1754692304.811892,17.0,0.0,2.6499730898416374,15.738729620747904,4.84801472184688,6.025430452932937,2.456472068839844,0.2514101725004138,-10.44760456120332,-8.353468589424324,-10.387564330458758,-6.567019511316289,-1.905923896684385,-0.685263851008699,0.390121312594033,3.410230615233445,0.0,2.0,4.0,4.0,4.0,4.0,4.0,4.0,4.0,4.0,4.0,4.0,4.0,4.0,4.0,4.0,100.0,,,,,,,,,,,,,,,,,,,,,,,,,,,,,,,,,,,,,,,
14099,1754692304.738427,109.97545099258424,1754692304.819695,18.0,0.0,-1.0566993702549894,12.673570660102143,4.157972321774707,6.740871392554311,7.177722536504973,2.153341099187003,-3.9597562423923023,-6.330364943864367,-0.4589782941770295,-9.268291339933,-0.0032380664642346,-2.9914289751222327,-2.4403226518060706,0.6393539368628467,0.0,2.0,4.0,4.0,4.0,4.0,4.0,4.0,4.0,4.0,4.0,4.0,4.0,4.0,4.0,4.0,100.0,,,,,,,,,,,,,,,,,,,,,,,,,,,,,,,,,,,,,,,
14100,1754692304.74623,109.98325395584106,1754692304.827598,19.0,0.0,-7.971418115353515,2.1269773741333324,-0.3398262777431569,2.091858984270914,4.561894042801725,4.291640282376704,-1.980545788349844,1.6490459550328185,8.987886513597516,-2.092043324175336,2.203243240064296,-6.420802168298394,-3.658710163233025,-4.531633171956344,0.0,2.0,4.0,4.0,4.0,4.0,4.0,4.0,4.0,4.0,4.0,4.0,4.0,4.0,4.0,4.0,100.0,,,,,,,,,,,,,,,,,,,,,,,,,,,,,,,,,,,,,,,
14101,1754692304.754033,109.99105715751648,1754692304.835401,20.0,0.0,-8.04249480928928,-3.428036264586069,0.3006417058371085,1.2004547907866367,1.125716166698396,0.6451148643512283,-2.4601182839093667,4.956427160998658,6.044752637089289,3.871771710117457,8.072233317424718,-1.40188690192889,-3.5390711190734123,-3.28169405195257,0.0,2.0,4.0,4.0,4.0,4.0,4.0,4.0,4.0,4.0,4.0,4.0,4.0,4.0,4.0,4.0,100.0,0.6328893303871155,0.40386962890625,-0.56201171875,0.34710693359375,0.9839017391204834,0.1025406271219253,-0.0214847028255462,-47.10459899902344,-97.3495101928711,4.785229206085205,,,,,,,,,,,,,,,,,,,,,,,,,,,,,
14102,1754692304.761836,109.99886012077332,1754692304.8433042,21.0,0.0,-5.613633098228291,-7.316438194316305,2.737460686952801,1.2256622401498871,1.733056446286156,-7.888205317568207,-1.6802047082639715,2.0074262232949707,2.564816704496735,-2.1247439851624392,9.712155963975675,4.0746893079356425,-0.2945525023087327,-3.4314604184926054,0.0,2.0,4.0,4.0,4.0,4.0,4.0,4.0,4.0,4.0,4.0,4.0,4.0,4.0,4.0,4.0,100.0,,,,,,,,,,,,,,,,,,,,,,,,,,,,,,,,,,,,,,,
14103,1754692304.769639,110.00666308403017,1754692304.851108,22.0,0.0,-2.8806213374338654,-13.036836296929948,3.0415223798020747,4.354315088756096,4.90200750133755,-3.16142397453649,1.5330036152243451,1.206826843628107,2.137110884835068,-1.2775152568667067,2.118476462395222,-1.4185416583933943,-1.4187395533887752,-5.57775921489764,0.0,2.0,4.0,4.0,4.0,4.0,4.0,4.0,4.0,4.0,4.0,4.0,4.0,4.0,4.0,4.0,100.0,,,,,,,,,,,,,,,,,,,,,,,,,,,,,,,,,,,,,,,
14104,1754692304.777442,110.014466047287,1754692304.8590112,23.0,0.0,0.5479899641003954,-12.841490739571384,1.4932339347760148,9.230441229048608,6.892768475252467,5.423962451039586,3.667835995877738,-0.3657341141252459,-4.112287597422039,0.2336630113917976,-2.491933584225137,-5.5276736792403085,-0.8217036125461732,-2.263351595249389,0.0,2.0,4.0,4.0,4.0,4.0,4.0,4.0,4.0,4.0,4.0,4.0,4.0,4.0,4.0,4.0,100.0,,,,,,,,,,,,,,,,,,,,,,,,,,,,,,,,,,,,,,,
14105,1754692304.785245,110.02226901054382,1754692304.866814,24.0,0.0,1.4391980320507969,-12.0235919240925,2.2825045768369705,5.781824714045968,6.50253984882346,1.6271700972317262,-0.0117887787344557,-5.42123552496497,-11.759588988241203,-5.609363457313805,-0.3795395615860002,-1.561605374996191,2.508136042493504,2.0252965341621234,0.0,2.0,4.0,4.0,4.0,4.0,4.0,4.0,4.0,4.0,4.0,4.0,4.0,4.0,4.0,4.0,100.0,0.6335405111312866,0.404052734375,-0.56201171875,0.345703125,0.9853665828704834,0.1025406271219253,-0.0185549706220626,-46.65598678588867,-97.3495101928711,2.9907681941986084,,,,,,,,,,,,,,,,,,,,,,,,,,,,,
14106,1754692304.793048,110.03007197380066,1754692304.874717,25.0,0.0,2.10712811072338,-12.439396578275565,6.45092810285135,2.234662071357008,3.064485225997516,-3.1182925529228385,-1.4061067449383415,-3.958705088802589,-8.304054009948203,-4.378042989720569,4.135929713241268,1.939116310969468,-0.8622873323836018,5.362682273023921,0.0,2.0,4.0,4.0,4.0,4.0,4.0,4.0,4.0,4.0,4.0,4.0,4.0,4.0,4.0,4.0,100.0,,,,,,,,,,,,,,,,,,,,,,,,,,,,,,,,,,,,,,,
14107,1754692304.800851,110.03787517547607,1754692304.88252,26.0,0.0,3.597532889970012,-14.584788350858505,4.590474955036029,2.4311833596935912,1.042918413027678,-5.60832254338527,1.8022582940462823,-0.6947515553482617,-5.7380026989329735,-6.765168900448202,3.4600609162049523,1.9458281353832945,-4.3791750196222665,6.877151411860837,0.0,2.0,4.0,4.0,4.0,4.0,4.0,4.0,4.0,4.0,4.0,4.0,4.0,4.0,4.0,4.0,100.0,,,,,,,,,,,,,,,,,,,,,,,,,,,,,,,,,,,,,,,
14108,1754692304.808654,110.04567813873292,1754692304.890423,27.0,0.0,5.172143599964613,-15.7404850514842,-1.8914275399694704,1.7490799537984572,4.970135100603613,-3.301716586089867,3.5053427413079703,-0.9337563188402668,-7.938197312156433,-12.288700954775948,-2.1144365029642245,4.003961251859721,-1.0170469991023197,10.221038264361423,0.0,2.0,4.0,4.0,4.0,4.0,4.0,4.0,4.0,4.0,4.0,4.0,4.0,4.0,4.0,4.0,100.0,,,,,,,,,,,,,,,,,,,,,,,,,,,,,,,,,,,,,,,
14109,1754692304.816457,110.05348110198976,1754692304.898227,28.0,0.0,0.6063124499647188,-15.080921016040918,-2.333947798497718,-1.973521902762002,4.514814968888061,3.016467193394476,2.608931258944324,-0.0893079352749168,-1.97953419714662,-3.356105874154707,-3.868385879920368,2.3509998639625,0.8100682608097145,6.946119594052163,0.0,2.0,4.0,4.0,4.0,4.0,4.0,4.0,4.0,4.0,4.0,4.0,4.0,4.0,4.0,4.0,100.0,0.6338605284690857,0.40472412109375,-0.561767578125,0.3447265625,0.9965972304344176,0.1030289158225059,-0.0151369497179985,-45.908294677734375,-97.3495101928711,4.187075614929199,,,,,,,,,,,,,,,,,,,,,,,,,,,,,
14110,1754692304.82426,110.06128406524658,1754692304.90613,29.0,0.0,-4.938257824857743,-15.730725292053108,2.211704665879182,-5.906469578613638,-2.107693605076662,0.567584941101444,1.258168187668247,1.3151175417720822,4.003921361310489,6.766402955788266,0.1633811524253303,-1.368375234034744,1.940060128924273,-1.7682431127799705,0.0,2.0,4.0,4.0,4.0,4.0,4.0,4.0,4.0,4.0,4.0,4.0,4.0,4.0,4.0,4.0,100.0,,,,,,,,,,,,,,,,,,,,,,,,,,,,,,,,,,,,,,,
14111,1754692304.832063,110.06908702850342,1754692304.913933,30.0,0.0,-1.5634490493315525,-14.70207071782886,4.1618021433542935,-3.951863200412277,-0.0196621359422124,-0.8098560234606111,1.6932278375539909,1.948182586708868,-0.453729297847417,-2.2232977137176704,1.8589481112313704,0.6076877787078274,3.751597364460963,-1.3131672209113958,0.0,2.0,4.0,4.0,4.0,4.0,4.0,4.0,4.0,4.0,4.0,4.0,4.0,4.0,4.0,4.0,100.0,,,,,,,,,,,,,,,,,,,,,,,,,,,,,,,,,,,,,,,
14112,1754692304.839866,110.07688999176024,1754692304.921836,31.0,0.0,1.3719463989688734,-15.762983661514966,-1.691646641598993,-3.75069833324352,5.731295712015424,3.248109101460784,2.622523133468974,2.5141699565890008,-2.9666531992250498,-12.335524504074158,1.3396342488701407,2.3236514381403026,-5.527907037927491,0.8595961314992451,0.0,2.0,4.0,4.0,4.0,4.0,4.0,4.0,4.0,4.0,4.0,4.0,4.0,4.0,4.0,4.0,100.0,,,,,,,,,,,,,,,,,,,,,,,,,,,,,,,,,,,,,,,
14113,1754692304.847669,110.08469295501708,1754692304.929639,32.0,0.0,-2.7154465259067138,-15.064958763423306,-2.902881856879389,-7.850363451126554,1.0340406649844454,1.055076344350823,1.9033313793294155,7.999842875444415,6.458684695243505,-1.4361564796848825,4.628068948262921,0.8151948553319244,-8.528038853139947,2.2468416184743774,0.0,2.0,4.0,4.0,4.0,4.0,4.0,4.0,4.0,4.0,4.0,4.0,4.0,4.0,4.0,4.0,100.0,0.6346072554588318,0.40533447265625,-0.5611572265625,0.3436279296875,0.990249514579773,0.1142595559358596,-0.0117189288139343,-47.10459899902344,-97.05043029785156,2.9907681941986084,,,,,,,,,,,,,,,,,,,,,,,,,,,,,
14114,1754692304.855472,110.0924961566925,1754692304.937542,33.0,0.0,-5.657350407878653,-9.450812064921024,0.5513635355897577,-7.325580955282817,-5.522478414484681,-2.3082336395103766,-0.5822162973644254,7.121462375140823,7.8394961997097425,5.534152106973693,1.5314659826605066,-0.2198340754329137,2.79942391711586,3.7505089914262726,0.0,2.0,4.0,4.0,4.0,4.0,4.0,4.0,4.0,4.0,4.0,4.0,4.0,4.0,4.0,4.0,100.0,,,,,,,,,,,,,,,,,,,,,,,,,,,,,,,,,,,,,,,
14115,1754692304.863275,110.10029911994934,1754692304.9453452,34.0,0.0,0.2973013194688292,0.0447173907992919,-0.715517741380495,0.7190371888428899,-2.959526789370898,5.359794329277179,2.6960973237947883,1.2545365097176957,0.9202608659999214,-4.046721279012104,-3.815464871879044,-2.1599123897784693,9.77618930967617,-0.3604231436696636,0.0,2.0,4.0,4.0,4.0,4.0,4.0,4.0,4.0,4.0,4.0,4.0,4.0,4.0,4.0,4.0,100.0,,,,,,,,,,,,,,,,,,,,,,,,,,,,,,,,,,,,,,,
14116,1754692304.871078,110.10810208320618,1754692304.953249,35.0,0.0,0.9225395679281404,5.443405744967947,-3.3179960042849075,0.2730815264807802,-0.3754233217555907,7.438567939802795,4.037010951031732,-0.2406028540149805,1.7712999552513224,-9.360343168860766,-3.0699098206364965,-5.061414532055608,4.104144768941012,-8.413225190763626,0.0,2.0,4.0,4.0,4.0,4.0,4.0,4.0,4.0,4.0,4.0,4.0,4.0,4.0,4.0,4.0,100.0,,,,,,,,,,,,,,,,,,,,,,,,,,,,,,,,,,,,,,,
14117,1754692304.878881,110.115905046463,1754692304.961152,36.0,0.0,-0.7477542246461439,9.408990060996928,3.740387489352031,-4.311993384481923,-0.1862363446790027,2.110077368882628,1.7215936356032555,2.677012098967168,4.078691728021511,-4.342434073161314,-1.5229147890336776,0.2602156393876953,-4.52425081110124,-4.440505891831037,0.0,2.0,4.0,4.0,4.0,4.0,4.0,4.0,4.0,4.0,4.0,4.0,4.0,4.0,4.0,4.0,100.0,0.6349424719810486,0.40618896484375,-0.56060791015625,0.3428955078125,1.010757565498352,0.1113298237323761,-0.0048828870058059,-46.20737075805664,-97.05043029785156,3.738460302352905,,,,,,,,,,,,,,,,,,,,,,,,,,,,,
14118,1754692304.886684,110.12370800971983,1754692304.9690552,37.0,0.0,2.1222461855735446,13.489407149710472,8.175672104727596,-2.68483941712168,-6.230936808060164,0.7415707687008535,2.1234579275218266,0.6418491298717299,-1.5979549040145002,-5.873609392599633,-6.307110850251888,5.754408100767591,-7.902802841375092,4.527279702067858,0.0,2.0,4.0,4.0,4.0,4.0,4.0,4.0,4.0,4.0,4.0,4.0,4.0,4.0,4.0,4.0,100.0,,,,,,,,,,,,,,,,,,,,,,,,,,,,,,,,,,,,,,,
14119,1754692304.894487,110.13151097297668,1754692304.976858,38.0,0.0,2.869890574716237,14.348387055712692,4.854847943129016,-0.0101062999526675,-13.172193666780686,1.2438478319033948,2.595437612282012,-1.7752536627510835,-1.055348687966443,-7.258896334995597,-9.424611153497835,1.2164687311408215,-5.084936099372271,2.9854783425214464,0.0,2.0,4.0,4.0,4.0,4.0,4.0,4.0,4.0,4.0,4.0,4.0,4.0,4.0,4.0,4.0,100.0,,,,,,,,,,,,,,,,,,,,,,,,,,,,,,,,,,,,,,,
14120,1754692304.90229,110.1393141746521,1754692304.984661,39.0,0.0,1.178928641567012,17.539828297654452,3.3639586016148257,-1.3552403467355418,-12.11179351761885,0.4334183921365309,-0.9652301516106548,1.0949225769773818,6.8102103792967625,-0.064031369482933,-3.480792877829032,0.0812108759347154,-0.4039786187865104,-1.4229255668045937,0.0,2.0,4.0,4.0,4.0,4.0,4.0,4.0,4.0,4.0,4.0,4.0,4.0,4.0,4.0,4.0,100.0,,,,,,,,,,,,,,,,,,,,,,,,,,,,,,,,,,,,,,,
14121,1754692304.910093,110.14711713790894,1754692304.992564,40.0,0.0,-1.475581107137117,18.47893900611885,1.42182034764906,-6.421705062090808,-11.872698328397604,1.8292085972945245,0.8980732301944556,2.4003328805135027,4.30293219853607,-2.7016823471961686,-4.559835584280194,2.8740957456203944,1.2820459466073828,-3.65421754792564,0.0,2.0,4.0,4.0,4.0,4.0,4.0,4.0,4.0,4.0,4.0,4.0,4.0,4.0,4.0,4.0,100.0,0.6349830627441406,0.40673828125,-0.5604248046875,0.34246826171875,1.0122225284576416,0.1269550621509552,-0.0126955062150955,-46.506446838378906,-97.4990463256836,3.1403067111968994,,,,,,,,,,,,,,,,,,,,,,,,,,,,,
14122,1754692304.917896,110.15492010116576,1754692305.0003672,41.0,0.0,-1.1261432093450878,17.73788392737751,1.2304163114468736,-4.792919712712234,-10.360909378024104,4.6818827185717,11.392547782917148,5.160042644644904,0.2531487666657028,-5.194626771217742,-11.283604483886762,3.128332433657391,-0.070313589072299,-3.304403719212047,0.0,2.0,4.0,4.0,4.0,4.0,4.0,4.0,4.0,4.0,4.0,4.0,4.0,4.0,4.0,4.0,100.0,,,,,,,,,,,,,,,,,,,,,,,,,,,,,,,,,,,,,,,
14123,1754692304.925699,110.1627230644226,1754692305.008271,42.0,0.0,1.2418721967846975,17.259644388649576,-1.7756411830177967,-0.2130892760292226,-5.607061740264271,2.2126116714243835,10.664522967095309,7.863974327225605,3.086227175648673,-3.4923930970389847,-10.595653122704787,2.7021164460607,-6.179488838178941,-3.7617039338324494,0.0,2.0,4.0,4.0,4.0,4.0,4.0,4.0,4.0,4.0,4.0,4.0,4.0,4.0,4.0,4.0,100.0,,,,,,,,,,,,,,,,,,,,,,,,,,,,,,,,,,,,,,,
14124,1754692304.933502,110.17052602767944,1754692305.0160742,43.0,0.0,4.512874270957468,12.201924676700742,-5.827023637931347,-2.911517339347597,-4.284715648061251,1.1613696473544906,2.520615684192194,9.443573276053373,5.235192064738726,-0.6233620327863036,-5.339758775157975,2.07936382453488,-6.884275534273115,-2.454628406843881,0.0,2.0,4.0,4.0,4.0,4.0,4.0,4.0,4.0,4.0,4.0,4.0,4.0,4.0,4.0,4.0,100.0,,,,,,,,,,,,,,,,,,,,,,,,,,,,,,,,,,,,,,,
14125,1754692304.941305,110.17832899093628,1754692305.023977,44.0,0.0,3.794538492075617,7.786350587680545,-4.708183289472117,-6.024170629448463,-8.287950638781922,-0.5308253957753095,-3.0882167516331265,5.626688470781801,3.673286713869629,6.022460295860356,-3.701080103871618,1.2286466596594892,-0.2118597062101344,-1.1644899081145468,0.0,2.0,4.0,4.0,4.0,4.0,4.0,4.0,4.0,4.0,4.0,4.0,4.0,4.0,4.0,4.0,100.0,0.6347281336784363,0.4068603515625,-0.56036376953125,0.3428955078125,1.007339596748352,0.1142595559358596,-0.0195315480232238,-46.65598678588867,-98.39627838134766,2.24307632446289,,,,,,,,,,,,,,,,,,,,,,,,,,,,,
14126,1754692304.949108,110.18613195419312,1754692305.03178,45.0,0.0,2.849842735758472,11.201936497586672,-2.118198971510622,-0.7710194659872229,-3.293335473795736,-3.792761100568072,-3.3987086505809145,-0.1997021318266831,5.443994157661024,11.68090266580785,-1.025833677904842,2.011449792721038,0.3827074457869059,-1.1292457270370448,0.0,2.0,4.0,4.0,4.0,4.0,4.0,4.0,4.0,4.0,4.0,4.0,4.0,4.0,4.0,4.0,100.0,,,,,,,,,,,,,,,,,,,,,,,,,,,,,,,,,,,,,,,
14127,1754692304.956911,110.19393515586852,1754692305.039683,46.0,0.0,2.9164481410101644,9.216279441508846,-2.807307435219286,1.2166915714846027,6.397787871009655,-2.636201974274286,1.20815067919591,-1.7837223343532287,1.8808708794939548,6.468807051286944,-4.879775747248118,-1.2228376305098436,-6.900773036275609,-1.5793993320472737,0.0,2.0,4.0,4.0,4.0,4.0,4.0,4.0,4.0,4.0,4.0,4.0,4.0,4.0,4.0,4.0,100.0,,,,,,,,,,,,,,,,,,,,,,,,,,,,,,,,,,,,,,,
14128,1754692304.964714,110.20173811912537,1754692305.047486,47.0,0.0,3.093235354325259,5.329293163295404,-2.8663839657761514,0.9737729883403858,6.847578603844738,1.399401026404064,3.83290314878144,-1.16612215362926,-2.445510866737606,0.7392478882129012,-10.884137285473171,-6.417168193941109,-8.870552475466013,0.2723597288604082,0.0,2.0,4.0,4.0,4.0,4.0,4.0,4.0,4.0,4.0,4.0,4.0,4.0,4.0,4.0,4.0,100.0,,,,,,,,,,,,,,,,,,,,,,,,,,,,,,,,,,,,,,,
14129,1754692304.972517,110.2095410823822,1754692305.0553892,48.0,0.0,2.824376953872104,4.323651654198727,-1.284159060810964,6.424599698628242,1.1091358148095765,-1.526411214784332,-3.1160936589713515,-3.003151264384144,-1.0824325020431047,4.868268996266522,-5.267035795125196,-4.918843033871838,-1.3610103808578629,8.590170411045108,0.0,2.0,4.0,4.0,4.0,4.0,4.0,4.0,4.0,4.0,4.0,4.0,4.0,4.0,4.0,4.0,100.0,0.6343623399734497,0.40679931640625,-0.56048583984375,0.34344482421875,0.9946441054344176,0.1191424429416656,-0.0161135271191597,-45.75875473022461,-96.45227813720705,4.33661413192749,,,,,,,,,,,,,,,,,,,,,,,,,,,,,
14130,1754692304.98032,110.21734404563904,1754692305.063193,49.0,0.0,5.45897447700662,-0.2059650481708672,-2.263210906670168,7.673489915350899,1.5686080271345304,-3.832029888489444,-5.78988688024657,-4.883373116353425,-3.795644944396656,5.580518711202956,1.1225221135065908,-2.9582337521622435,1.0729500337521929,17.17343255104805,0.0,2.0,4.0,4.0,4.0,4.0,4.0,4.0,4.0,4.0,4.0,4.0,4.0,4.0,4.0,4.0,100.0,,,,,,,,,,,,,,,,,,,,,,,,,,,,,,,,,,,,,,,
14131,1754692304.988123,110.22514700889587,1754692305.0710962,50.0,0.0,8.18178917960887,-3.9270567239665866,-1.857510932598132,7.441037582619003,7.99319832760176,-0.3382166211151229,1.2851254408786303,-2.4510234624441978,-8.069494688713064,1.5518778541925826,-1.7042331375661774,-4.1355206037944185,-11.428794138388357,9.858300531168254,0.0,2.0,4.0,4.0,4.0,4.0,4.0,4.0,4.0,4.0,4.0,4.0,4.0,4.0,4.0,4.0,100.0,,,,,,,,,,,,,,,,,,,,,,,,,,,,,,,,,,,,,,,
14132,1754692304.995926,110.23294997215272,1754692305.0788991,51.0,0.0,7.304467226670567,-2.7084228944122515,0.6304306803913278,10.462661799066154,8.72275139620615,-4.028676828048901,-1.8827488227689173,-5.503214285809008,-6.549063710391238,2.551062961614207,-0.4362829032897934,-1.4298294201562385,-15.148914800897728,11.296859379319358,0.0,2.0,4.0,4.0,4.0,4.0,4.0,4.0,4.0,4.0,4.0,4.0,4.0,4.0,4.0,4.0,100.0,,,,,,,,,,,58.33333206176758,4.0,33.24489212036133,4.0,33.56597137451172,3.0,27.82349967956543,3.0,30.6165828704834,3.0,26.7033634185791,1.0,26.40147399902344,3.0,29.15097618103028,3.0,29.832529067993164,3.0,29.625587463378903,3.0,32.8387336730957,3.0,38.76935958862305,4.0,27.98409080505371,4.0,34.74879455566406,4.0,41.1776237487793
14133,1754692305.003729,110.24075317382812,1754692305.086902,52.0,0.0,5.784744849577521,-4.875469929754388,-1.1109649701485864,7.931248585219521,3.524459754299471,-11.426853645527617,-13.45958980287304,-12.329733175962872,-6.069066586783436,1.586308712944458,6.969563439815204,-0.8590758682504998,2.0190640381154594,20.63611020481386,0.0,2.0,4.0,4.0,4.0,4.0,4.0,4.0,4.0,4.0,4.0,4.0,4.0,4.0,4.0,4.0,100.0,0.6340407729148865,0.406494140625,-0.560546875,0.34429931640625,0.9946441054344176,0.1079118028283119,-0.0039063096046447,-46.65598678588867,-96.60181427001952,3.4393835067749023,,,,,,,,,,,,,,,,,,,,,,,,,,,,,
14134,1754692305.011532,110.24855613708496,1754692305.094705,53.0,0.0,9.463399999586954,-4.287602600438959,0.4344979776258242,10.409829770463377,5.38427943184729,-7.704239627220204,-11.560094379774227,-11.308456501840965,-4.085209167589483,1.618277086408625,16.093832962695842,-0.8234031002200481,19.828854272299168,-10.89368543392061,0.0,2.0,4.0,4.0,4.0,4.0,4.0,4.0,4.0,4.0,4.0,4.0,4.0,4.0,4.0,4.0,100.0,,,,,,,,,,,,,,,,,,,,,,,,,,,,,,,,,,,,,,,
14135,1754692305.019335,110.2563591003418,1754692305.102508,54.0,0.0,8.215027426356016,-5.17108816193678,-0.0136028155987446,13.831723794974266,5.039412685099876,-5.9981050111958325,-7.823191371425139,-10.472375165420374,-4.337069812887705,1.9494970161537708,16.11868593523303,0.3159286740093989,13.543150508648466,-34.68866321662637,0.0,2.0,4.0,4.0,4.0,4.0,4.0,4.0,4.0,4.0,4.0,4.0,4.0,4.0,4.0,4.0,100.0,,,,,,,,,,,,,,,,,,,,,,,,,,,,,,,,,,,,,,,
14136,1754692305.027138,110.26416206359865,1754692305.110312,55.0,0.0,6.386644387141189,-12.060930512592163,-1.4406313547924017,9.690017915225384,3.745428436909663,-7.629593088505715,-7.827237133640608,-9.374503317151207,-6.1861808478437865,8.11872195587108,11.264249790051563,4.832847644860578,11.506247173591248,-55.9805457104207,0.0,2.0,4.0,4.0,4.0,4.0,4.0,4.0,4.0,4.0,4.0,4.0,4.0,4.0,4.0,4.0,100.0,,,,,,,,,,,,,,,,,,,,,,,,,,,,,,,,,,,,,,,
14137,1754692305.034941,110.27196502685548,1754692305.118015,56.0,0.0,6.875958002957589,-17.94349797592912,-2.232472265390413,3.122746817597829,4.139398016365078,-7.0503585220428135,-6.107175629246456,-7.21667073610314,-5.933934337862127,12.548461859038357,8.89939824360846,7.185837917621313,13.702387859738394,-27.71825917421592,0.0,2.0,4.0,4.0,4.0,4.0,4.0,4.0,4.0,4.0,4.0,4.0,4.0,4.0,4.0,4.0,100.0,0.4040147662162781,0.63580322265625,-0.2738037109375,0.59796142578125,0.9990386962890624,0.1084000915288925,-0.0131837949156761,-47.2541389465332,-97.19996643066406,3.5889220237731934,,,,,,,,,,,,,,,,,,,,,,,,,,,,,
14138,1754692305.042744,110.2797679901123,1754692305.125818,57.0,0.0,4.692095076643682,-16.63941381958989,-1.2615780612397884,0.9392855452681488,3.201986863140746,-5.622753846098249,-3.768995495049922,-4.692081012574136,-3.364996308910804,7.020967967632032,9.461491164341396,4.254283392722073,6.177932871830535,-6.367828723359935,0.0,2.0,4.0,4.0,4.0,4.0,4.0,4.0,4.0,4.0,4.0,4.0,4.0,4.0,4.0,4.0,100.0,,,,,,,,,,,,,,,,,,,,,,,,,,,,,,,,,,,,,,,
14139,1754692305.050547,110.28757095336914,1754692305.133521,58.0,0.0,1.647424555667385,-14.696792389373968,-0.903674990070158,-0.3240219159406479,2.0565410540748417,-2.9954380746808056,-1.378175508734785,-3.566091055855395,-0.901040226938676,2.7983851066228453,14.922655545984526,3.189496473496547,5.791352363487249,-10.346854208466992,0.0,2.0,4.0,4.0,4.0,4.0,4.0,4.0,4.0,4.0,4.0,4.0,4.0,4.0,4.0,4.0,100.0,,,,,,,,,,,,,,,,,,,,,,,,,,,,,,,,,,,,,,,
14140,1754692305.058349,110.29537296295166,1754692305.141325,59.0,0.0,-2.545841563886768,-15.615221143065751,-1.805846153544224,-2.8754525370604256,-0.0713784201770408,1.3406654245205232,-0.7964401787721158,-1.8932579034535024,2.6150180925629343,7.298388120217226,19.78033189938975,3.157080702750193,16.739976123549525,-4.505519485099228,0.0,2.0,4.0,4.0,4.0,4.0,4.0,4.0,4.0,4.0,4.0,4.0,4.0,4.0,4.0,4.0,100.0,,,,,,,,,,,,,,,,,,,,,,,,,,,,,,,,,,,,,,,
14141,1754692305.066153,110.3031771183014,1754692305.149028,60.0,0.0,-10.493792039685331,-18.70529521893809,-2.736409130230413,-5.219501373490175,-5.160316213840133,-1.5731288976814994,-5.903948626604915,0.8466630145355794,5.800588311732327,10.107998864674984,14.747491196214696,-1.342111422465905,17.310814022002432,9.38421571144022,0.0,2.0,4.0,4.0,4.0,4.0,4.0,4.0,4.0,4.0,4.0,4.0,4.0,4.0,4.0,4.0,100.0,0.4032439589500427,0.635498046875,-0.2740478515625,0.59869384765625,1.008316159248352,0.0917982757091522,-0.0166018158197402,-46.20737075805664,-97.05043029785156,4.486152648925781,,,,,,,,,,,,,,,,,,,,,,,,,,,,,
14142,1754692305.073956,110.31098008155824,1754692305.1569312,61.0,0.0,-9.860487348420833,-17.638805596713468,-1.635971658557395,-8.184589794516654,-2.859784853937384,-1.3152360482762049,-2.975268851975528,5.988661384907715,7.436930456504029,4.171569420107204,3.4514867693871167,-2.188097559507554,3.81253993656938,3.71033226629757,0.0,2.0,4.0,4.0,4.0,4.0,4.0,4.0,4.0,4.0,4.0,4.0,4.0,4.0,4.0,4.0,100.0,,,,,,,,,,,,,,,,,,,,,,,,,,,,,,,,,,,,,,,
14143,1754692305.081759,110.31878304481506,1754692305.164734,62.0,0.0,-6.96959521938291,-19.51991884374232,0.5491885729752255,-10.259740708296276,4.792984535456952,5.947870203197425,4.887961198699003,12.186204223754402,5.543751570871308,-1.7881136436822374,-2.0415665458804426,3.371150818254563,-2.8020097164401534,-12.44520924485326,0.0,2.0,4.0,4.0,4.0,4.0,4.0,4.0,4.0,4.0,4.0,4.0,4.0,4.0,4.0,4.0,100.0,,,,,,,,,,,,,,,,,,,,,,,,,,,,,,,,,,,,,,,
14144,1754692305.089562,110.3265860080719,1754692305.172637,63.0,0.0,-12.688716661060994,-22.88859089840855,-0.7276903449470637,-11.485488185179406,2.9272838812488544,6.304269211881888,3.296350284257983,13.222231233772504,4.160394209751644,-0.3005972807483204,1.3886599713454189,5.196246696390858,0.7410874642708905,-19.833425698653286,0.0,2.0,4.0,4.0,4.0,4.0,4.0,4.0,4.0,4.0,4.0,4.0,4.0,4.0,4.0,4.0,100.0,,,,,,,,,,,,,,,,,,,,,,,,,,,,,,,,,,,,,,,
14145,1754692305.097365,110.33438897132874,1754692305.1804402,64.0,0.0,-18.880558153105085,-16.505706689839826,-1.376242549826202,-11.117360650222508,-2.138869679617528,3.783080865420288,1.850554138762164,9.491245341379454,8.639204430787231,3.478058747404248,3.10128079668084,2.2690212088800763,-1.9964971396998408,-5.187305522583756,3336.0,2.0,4.0,4.0,4.0,4.0,4.0,4.0,4.0,4.0,4.0,4.0,4.0,4.0,4.0,4.0,100.0,0.4025639295578003,0.63507080078125,-0.274169921875,0.59954833984375,0.993179202079773,0.0747081711888313,-0.0034180209040641,-45.45967864990234,-97.3495101928711,2.691691398620605,,,,,,,,,,,,,,,,,,,,,,,,,,,,,
14146,1754692305.105168,110.34219217300416,1754692305.188344,65.0,0.0,-15.726229322316556,-7.731662343201094,1.135249738740697,-9.099564826295987,1.3062180902389289,6.035224244642961,6.908977907018254,6.540030883820748,8.549018539508836,3.0754675526669075,-3.4269854512699,0.7277381155391254,-10.083877164844068,-1.1212499473576258,3514.0,2.0,4.0,4.0,4.0,4.0,4.0,4.0,4.0,4.0,4.0,4.0,4.0,4.0,4.0,4.0,100.0,,,,,,,,,,,,,,,,,,,,,,,,,,,,,,,,,,,,,,,
14147,1754692305.112971,110.349995136261,1754692305.196147,66.0,0.0,-10.669884696338611,-2.751387679691561,2.3364508801100783,-5.798314264694909,7.918221473119502,6.868264446267403,8.27006119191583,6.06881193905474,-0.7800822560916458,0.2663761324201914,-7.248042644429461,-0.3581491619374901,-13.964294591381076,1.0162944108305965,3506.0,2.0,4.0,4.0,4.0,4.0,4.0,4.0,4.0,4.0,4.0,4.0,4.0,4.0,4.0,4.0,100.0,,,,,,,,,,,,,,,,,,,,,,,,,,,,,,,,,,,,,,,
14148,1754692305.120774,110.35779809951782,1754692305.20405,67.0,0.0,-11.846110433636738,-0.429353385534057,3.2498409926827776,-5.673363681111539,12.489011694691555,6.096392917343394,7.683557410124933,3.629576595743231,-3.1655942259678227,-3.811424873499334,-6.755677490478036,0.10392566034335,-17.04526497633941,9.243628164906395,3616.0,2.0,4.0,4.0,4.0,4.0,4.0,4.0,4.0,4.0,4.0,4.0,4.0,4.0,4.0,4.0,100.0,,,,,,,,,,,,,,,,,,,,,,,,,,,,,,,,,,,,,,,
14149,1754692305.128577,110.36560106277466,1754692305.211853,68.0,0.0,-11.640580284452028,0.4268786420811352,3.866226136935381,-6.23515586263062,13.345666582335014,6.578123437035117,9.30168207294986,1.7849615423742191,0.4133432044631604,-7.801795369091508,-9.367762033899057,0.9674182688331144,-18.884615488331804,10.317484436229222,3632.0,2.0,4.0,4.0,4.0,4.0,4.0,4.0,4.0,4.0,4.0,4.0,4.0,4.0,4.0,4.0,100.0,0.4019768238067627,0.63458251953125,-0.2742919921875,0.60040283203125,1.006851315498352,0.0844739452004432,-0.0087891966104507,-46.05783081054688,-98.24673461914062,3.887998819351196,,,,,,,,,,,,,,,,,,,,,,,,,,,,,
14150,1754692305.13638,110.3734040260315,1754692305.219756,69.0,0.0,-9.784436727175716,3.04815104538352,2.674707124794395,-3.5201361653728327,6.065655617052244,4.9834086212702005,6.596162801074343,4.106660060245531,-0.6034540758289495,-7.976143264889515,-11.24643123370629,-2.713193345602349,-13.961711290449784,12.289368756683189,3502.0,2.0,4.0,4.0,4.0,4.0,4.0,4.0,4.0,4.0,4.0,4.0,4.0,4.0,4.0,4.0,100.0,,,,,,,,,,,,,,,,,,,,,,,,,,,,,,,,,,,,,,,
14151,1754692305.144183,110.38120698928832,1754692305.227559,70.0,0.0,-8.07112124577634,7.143942525396142,1.0692739528485615,-0.5666273601664216,2.442050903038762,3.6964844740123226,3.2095745413980694,6.06858989372995,-0.5143565633056824,-6.240591914278866,-9.36236348841794,-3.0958080335467457,-15.396624612044889,18.34703853435485,3511.0,2.0,4.0,4.0,4.0,4.0,4.0,4.0,4.0,4.0,4.0,4.0,4.0,4.0,4.0,4.0,100.0,,,,,,,,,,,,,,,,,,,,,,,,,,,,,,,,,,,,,,,
14152,1754692305.151986,110.38900995254517,1754692305.2354622,71.0,0.0,-7.35831993955793,8.293864163191358,-0.1074765875632124,-1.2302808954354418,4.931795470124655,5.795916069000725,2.360606827151116,0.6496091878512402,3.162397973222653,-8.566716882680282,-8.05821739113793,-2.40833203579308,-20.88545136029433,10.846672105296475,3500.0,2.0,4.0,4.0,4.0,4.0,4.0,4.0,4.0,4.0,4.0,4.0,4.0,4.0,4.0,4.0,100.0,,,,,,,,,,,,,,,,,,,,,,,,,,,,,,,,,,,,,,,
14153,1754692305.159788,110.39681196212769,1754692305.243266,72.0,0.0,-6.742166332324814,10.62433124654126,-1.3813357580293086,1.268885174996285,4.038850021758663,9.40468845469104,2.7249930025009235,-2.384319374050392,6.295646999712972,-5.668172402838536,-4.870941166873763,-5.0668917914645135,-12.577726396520577,5.670759891162106,3598.0,2.0,4.0,4.0,4.0,4.0,4.0,4.0,4.0,4.0,4.0,4.0,4.0,4.0,4.0,4.0,100.0,0.4016684591770172,0.63409423828125,-0.2745361328125,0.60101318359375,1.004898190498352,0.0966811627149581,-0.0068360418081283,-47.2541389465332,-97.94766235351562,2.5421531200408936,,,,,,,,,,,,,,,,,,,,,,,,,,,,,
14154,1754692305.167592,110.40461611747742,1754692305.251169,73.0,0.0,-6.679504700737027,13.19012441407284,-4.079209487768196,5.114019966477997,-2.231756772917663,7.5952956931811855,0.9376309621276846,0.6248167179434745,5.432933872160618,-0.6692693645125587,-5.129165893511356,-5.893763477687401,-8.50135913451237,11.717689983511434,3607.0,2.0,4.0,4.0,4.0,4.0,4.0,4.0,4.0,4.0,4.0,4.0,4.0,4.0,4.0,4.0,100.0,,,,,,,,,,,,,,,,,,,,,,,,,,,,,,,,,,,,,,,
14155,1754692305.175395,110.41241908073424,1754692305.2589722,74.0,0.0,-0.2727735383127765,11.521133218989236,-3.848712484395037,4.667316665240378,-5.41013641679865,4.572719722089005,-2.2657384162907874,-0.6886899066589649,4.602137493351165,-3.610237553210936,-4.406319553165304,1.511294683428332,-11.042783142576354,14.20042778181778,3608.0,2.0,4.0,4.0,4.0,4.0,4.0,4.0,4.0,4.0,4.0,4.0,4.0,4.0,4.0,4.0,100.0,,,,,,,,,,,,,,,,,,,,,,,,,,,,,,,,,,,,,,,
14156,1754692305.183198,110.42022204399107,1754692305.266875,75.0,0.0,7.032345132469629,9.941268958842386,0.8596279776491542,3.295658335163637,-4.79613604486957,3.034648471644971,-2.2884132912856217,-5.609110970068002,-0.0883203134491736,-5.856644634961128,-4.229991799758125,4.212926664904728,-5.620122320660528,16.88345046606338,3556.0,2.0,4.0,4.0,4.0,4.0,4.0,4.0,4.0,4.0,4.0,4.0,4.0,4.0,4.0,4.0,100.0,,,,,,,,,,,,,,,,,,,,,,,,,,,,,,,,,,,,,,,
14157,1754692305.191001,110.42802500724792,1754692305.274778,76.0,0.0,3.61264920320707,8.402712466992739,3.652543151246277,6.079007603463538,-0.3389739058540044,0.308780651396205,0.1203344623990005,-4.546212610515909,-6.03000240168933,-0.5235147171393919,-11.302240958971764,-2.285606234739248,-6.493908733253079,16.465549184048427,3563.0,2.0,4.0,4.0,4.0,4.0,4.0,4.0,4.0,4.0,4.0,4.0,4.0,4.0,4.0,4.0,100.0,0.4016276597976684,0.6336669921875,-0.2747802734375,0.60137939453125,1.006851315498352,0.0947280079126358,0.0073243305087089,-47.10459899902344,-97.6485824584961,4.785229206085205,,,,,,,,,,,,,,,,,,,,,,,,,,,,,
14158,1754692305.198804,110.43582797050476,1754692305.282581,77.0,0.0,-0.1580700851912979,3.956403987188537,1.1707116185431232,6.105833101930898,4.665882609867936,-2.4772033629263888,0.2247782435266572,-1.2735511720965178,-5.2723065089079455,0.8675442088275531,-12.34145718949128,-2.310613437871666,-12.413656257467096,7.526164974822791,3314.0,2.0,4.0,4.0,4.0,4.0,4.0,4.0,4.0,4.0,4.0,4.0,4.0,4.0,4.0,4.0,100.0,,,,,,,,,,,,,,,,,,,,,,,,,,,,,,,,,,,,,,,
14159,1754692305.206607,110.44363117218018,1754692305.290385,78.0,0.0,3.470552418700436,1.52337641940062,0.5498187414057156,-1.2670333417752315,1.0123233590832117,0.3811224182497881,0.7320443357787099,-0.7981538097299108,-2.504903554253588,-2.1334981224129024,-2.364314598379906,4.571271087832656,-2.3424129513266507,7.478765493157653,3608.0,2.0,4.0,4.0,4.0,4.0,4.0,4.0,4.0,4.0,4.0,4.0,4.0,4.0,4.0,4.0,100.0,,,,,,,,,,,,,,,,,,,,,,,,,,,,,,,,,,,,,,,
14160,1754692305.214409,110.4514331817627,1754692305.298288,79.0,0.0,1.9762476998670309,-0.3606012646597492,1.3274805807717485,-4.426482093510117,-7.944100492622624,1.9630610308712448,0.5765698705293971,-1.7590729079585117,-2.144299771811461,-1.5793852376096993,-2.6844892591153666,4.790324363343984,5.135780598311953,12.945103947892562,3556.0,2.0,4.0,4.0,4.0,4.0,4.0,4.0,4.0,4.0,4.0,4.0,4.0,4.0,4.0,4.0,100.0,,,,,,,,,,,,,,,,,,,,,,,,,,,,,,,,,,,,,,,
14161,1754692305.222213,110.45923709869383,1754692305.306191,80.0,0.0,1.192115582038724,0.6664736513926357,0.0562025934796395,2.5106566383970232,-6.604531499237481,-2.278814981176282,0.1125614254483764,-0.8530379206267469,0.173342236883883,-0.053725231481593,-7.518881170659341,2.1258889304085926,-1.293932337134919,6.489063829729304,3563.0,2.0,4.0,4.0,4.0,4.0,4.0,4.0,4.0,4.0,4.0,4.0,4.0,4.0,4.0,4.0,100.0,0.4020366668701172,0.63311767578125,-0.2747802734375,0.6016845703125,1.0014801025390625,0.1035172045230865,-0.0019531548023223,-47.40367889404297,-96.60181427001952,4.187075614929199,,,,,,,,,,,,,,,,,,,,,,,,,,,,,
14162,1754692305.230016,110.46704006195068,1754692305.3139942,81.0,0.0,7.591891846288888,1.753420849407064,-0.001788920961701,2.84418929986208,1.3781027304243594,-6.564690207352271,1.0289488655411674,-2.083492738703683,-2.7148351913393185,-1.3191846041927988,-4.074013506501217,2.923329826750376,-3.819989155959604,1.9588290098249104,3314.0,2.0,4.0,4.0,4.0,4.0,4.0,4.0,4.0,4.0,4.0,4.0,4.0,4.0,4.0,4.0,100.0,,,,,,,,,,,,,,,,,,,,,,,,,,,,,,,,,,,,,,,
14163,1754692305.237819,110.47484302520752,1754692305.3217971,82.0,0.0,8.574277227908908,-0.8370545857280263,2.203772761320863,-4.203893728422543,0.9698583894704028,-5.564071148497703,2.664099462905881,-0.7765807949419354,-8.634676727354133,-1.09946866440049,0.4204322506610083,5.432182108661266,-3.5450588192877035,6.923655784225787,3608.0,2.0,4.0,4.0,4.0,4.0,4.0,4.0,4.0,4.0,4.0,4.0,4.0,4.0,4.0,4.0,100.0,,,,,,,,,,,,,,,,,,,,,,,,,,,,,,,,,,,,,,,
14164,1754692305.245622,110.48264598846436,1754692305.3295,83.0,0.0,1.87740833029261,-7.290561003854464,1.3583650875355031,-5.220350590700718,-3.738903603730933,-1.9913747849293488,2.3692896675622706,5.579338225517631,-0.5410196385939798,2.3047985728792355,-0.2402170290349659,3.291422804966942,-5.198274582244494,0.9709430655818778,3556.0,2.0,4.0,4.0,4.0,4.0,4.0,4.0,4.0,4.0,4.0,4.0,4.0,4.0,4.0,4.0,100.0,,,,,,,,,,,,,,,,,,,,,,,,,,,,,,,,,,,,,,,
14165,1754692305.253425,110.4904489517212,1754692305.337404,84.0,0.0,1.2110774086673928,-11.60164312321183,-1.4992404271323494,-2.0098707765577046,-2.6946116137081617,-0.5906577625827367,-0.064507843572187,10.061951401477586,9.077611280033238,6.524946684139309,1.1309099461574306,0.6514362506501357,1.1708532043700188,-5.665474677181805,3563.0,2.0,4.0,4.0,4.0,4.0,4.0,4.0,4.0,4.0,4.0,4.0,4.0,4.0,4.0,4.0,100.0,0.4023145735263824,0.63262939453125,-0.27496337890625,0.6019287109375,1.0019683837890625,0.0991226062178611,0.0,-45.908294677734375,-96.30274200439452,4.187075614929199,,,,,,,,,,,,,,,,,,,,,,,,,,,,,
14166,1754692305.261227,110.49825096130373,1754692305.345207,85.0,0.0,5.161223364157365,-7.874609234618049,-2.158196973090355,-1.570209779051595,-2.683317728606028,-3.7611799536983312,-3.102021016465926,5.887450610662825,1.83192518334198,7.09662502573309,2.5257646626902783,-1.3398788980346694,6.242597979360596,-1.7673098314069762,3314.0,2.0,4.0,4.0,4.0,4.0,4.0,4.0,4.0,4.0,4.0,4.0,4.0,4.0,4.0,4.0,100.0,,,,,,,,,,,,,,,,,,,,,,,,,,,,,,,,,,,,,,,
14167,1754692305.26903,110.50605416297913,1754692305.35311,86.0,0.0,3.921155400467967,0.8130008975946907,-0.9736740410760945,1.647928959652006,-2.785884631088095,-3.7655474103633537,-3.842112182538415,1.034025235928027,-1.289179119035737,2.081144200341157,1.1220429194569874,-2.7199236418317128,6.8989996746017255,0.3657787893118325,3608.0,2.0,4.0,4.0,4.0,4.0,4.0,4.0,4.0,4.0,4.0,4.0,4.0,4.0,4.0,4.0,100.0,,,,,,,,,,,,,,,,,,,,,,,,,,,,,,,,,,,,,,,
14168,1754692305.276834,110.51385807991028,1754692305.360913,87.0,0.0,1.6252693392293622,2.235340304532656,-3.185907886111636,2.792844300218804,-4.035969322706023,1.0817333719496671,-3.10536626406838,1.6350435009658213,2.5679492543326887,-2.85406162083018,2.9069436552972547,-3.474347867713277,9.452012649947848,-5.343121152791355,3556.0,2.0,4.0,4.0,4.0,4.0,4.0,4.0,4.0,4.0,4.0,4.0,4.0,4.0,4.0,4.0,100.0,,,,,,,,,,,,,,,,,,,,,,,,,,,,,,,,,,,,,,,
14169,1754692305.284637,110.52166104316711,1754692305.368816,88.0,0.0,5.215522543910936,2.355978267301396,-5.053683763479569,-1.238909322588427,-4.256932718109113,5.610727923521097,-0.4821649601317972,0.8970613365654003,-1.4041136937935903,-3.259161842680953,6.0957440659003055,-1.4470030699704353,4.578313285298407,-6.7175413357568345,3563.0,2.0,4.0,4.0,4.0,4.0,4.0,4.0,4.0,4.0,4.0,4.0,4.0,4.0,4.0,4.0,100.0,0.4027796983718872,0.6319580078125,-0.2750244140625,0.602294921875,1.0000152587890625,0.083497367799282,0.0078126192092895,-46.20737075805664,-97.05043029785156,4.486152648925781,,,,,,,,,,,,,,,,,,,,,,,,,,,,,
14170,1754692305.29244,110.52946400642396,1754692305.376619,89.0,0.0,7.353952793316921,6.472521633991846,-2.024074096164213,-2.266229288438126,1.7565447354206754,6.44192890274212,2.280645823189616,-0.803920211470313,-1.871625815474772,-2.182181348459153,3.846789070601744,-1.0021781576435842,-3.038624420725,-4.985894207059346,3314.0,2.0,4.0,4.0,4.0,4.0,4.0,4.0,4.0,4.0,4.0,4.0,4.0,4.0,4.0,4.0,100.0,,,,,,,,,,,,,,,,,,,,,,,,,,,,,,,,,,,,,,,
14171,1754692305.300243,110.5372669696808,1754692305.384522,90.0,0.0,3.146896177323157,0.7140862070579317,-0.7628631720293413,-1.8460169622242968,3.600104607436748,1.8065216628766905,0.6068287740314702,-1.9252973454534583,2.9093244435204326,-4.692649335118261,-1.3836729445850722,-4.891215178563783,2.7904137803260767,-7.590589679663338,3608.0,2.0,4.0,4.0,4.0,4.0,4.0,4.0,4.0,4.0,4.0,4.0,4.0,4.0,4.0,4.0,100.0,,,,,,,,,,,,,,,,,,,,,,,,,,,,,,,,,,,,,,,
14172,1754692305.308046,110.5450701713562,1754692305.392326,91.0,0.0,2.8265869789539693,-0.1927828127703605,-0.4883642301236932,0.4679532843903189,0.91450715948406,-0.2710731434425497,-2.0909376970156472,-0.0637233114129003,2.661466782110552,-5.023986094169118,1.724420750890772,-2.320130531865175,12.986596561606689,-4.500874804359569,3556.0,2.0,4.0,4.0,4.0,4.0,4.0,4.0,4.0,4.0,4.0,4.0,4.0,4.0,4.0,4.0,100.0,,,,,,,,,,,,,,,,,,,,,,,,,,,,,,,,,,,,,,,
14173,1754692305.315848,110.55287218093872,1754692305.400229,92.0,0.0,3.0736909375508503,4.925980575031986,-0.7843793972493813,-0.9550660896394448,-0.0011520399149276,-1.3731776970886358,-5.397980886654409,0.210344945137308,-1.7760424397444012,-1.9601501413195592,4.515481122998494,1.6057817809486323,6.777819060116258,-3.799470060539648,3563.0,2.0,4.0,4.0,4.0,4.0,4.0,4.0,4.0,4.0,4.0,4.0,4.0,4.0,4.0,4.0,100.0,0.633258044719696,0.4068603515625,-0.55633544921875,0.35205078125,1.0009918212890625,0.1000991836190223,0.0024414435029029,-46.80552291870117,-95.40550994873048,4.635690689086914,,,,,,,,,,,,,,,,,,,,,,,,,,,,,
14174,1754692305.323651,110.56067514419556,1754692305.4080322,93.0,0.0,3.1209999677682845,-1.3034039650835894,2.549471924149429,-5.3442998861212345,1.8713529041940544,-3.019055568347767,-1.81210046977435,-0.0444533417696675,2.002958062151947,3.863732355831189,-0.9287386282592252,2.2492177159617768,-2.0348322774209464,-6.364367383447871,3314.0,2.0,4.0,4.0,4.0,4.0,4.0,4.0,4.0,4.0,4.0,4.0,4.0,4.0,4.0,4.0,100.0,,,,,,,,,,,,,,,,,,,,,,,,,,,,,,,,,,,,,,,
14175,1754692305.331455,110.56847906112672,1754692305.415935,94.0,0.0,6.941504776535908,-8.70789657573107,5.889523585843449,-5.2049883827213534,1.2458249449044845,-4.733786077301488,2.392740617227787,2.077699515607378,4.180050755022307,3.9442143643271934,-4.907103119944736,2.665102164738414,-3.919028021965119,-3.672767507538651,3608.0,2.0,4.0,4.0,4.0,4.0,4.0,4.0,4.0,4.0,4.0,4.0,4.0,4.0,4.0,4.0,100.0,,,,,,,,,,,,,,,,,,,,,,,,,,,,,,,,,,,,,,,
14176,1754692305.339258,110.57628202438354,1754692305.423738,95.0,0.0,7.529927023450512,-3.341314981092125,2.293949989916712,-0.9523880013734356,3.5181859563059,-3.5821491349155963,0.5518766282071397,1.937438483206336,-0.7292205570778947,-1.3445926876219687,-4.374133420426858,2.7562291967092847,-3.3679297757868767,1.5842511258352374,3556.0,2.0,4.0,4.0,4.0,4.0,4.0,4.0,4.0,4.0,4.0,4.0,4.0,4.0,4.0,4.0,100.0,,,,,,,,,,,,,,,,,,,,,,,,,,,,,,,,,,,,,,,
14177,1754692305.347061,110.58408498764038,1754692305.431641,96.0,0.0,-2.673458017070402,3.113832742652562,-3.961659074556678,-0.8411170568341504,3.293288958463677,0.4498718534042609,0.8557261336219426,1.2204203407437717,-0.2260471660318899,-2.273406922375557,-1.240486073209354,1.7930529251235612,-0.581087722487041,0.3627196907924599,3563.0,2.0,4.0,4.0,4.0,4.0,4.0,4.0,4.0,4.0,4.0,4.0,4.0,4.0,4.0,4.0,100.0,0.6335704922676086,0.406982421875,-0.5555419921875,0.35260009765625,1.0122225284576416,0.093263141810894,-0.0029297322034835,-46.05783081054688,-97.94766235351562,3.5889220237731934,,,,,,,,,,,,,,,,,,,,,,,,,,,,,
14178,1754692305.354864,110.59188795089722,1754692305.439445,97.0,0.0,-8.596052614812777,3.068690464434951,-3.29363829938751,-2.3505459761326506,-3.692259069508452,2.9394194497750163,1.918664349422272,1.1194131314178437,3.099401308503332,-2.026455110630593,-0.0561393749657668,1.0611692492093994,3.5784732768755134,-2.605525718095521,3314.0,2.0,4.0,4.0,4.0,4.0,4.0,4.0,4.0,4.0,4.0,4.0,4.0,4.0,4.0,4.0,100.0,,,,,,,,,,,,,,,,,,,,,,,,,,,,,,,,,,,,,,,
14179,1754692305.362666,110.59968996047974,1754692305.447348,98.0,0.0,-1.4151005862749173,6.346277648896006,3.7704398092283498,0.32393425381278,-4.768673525221772,1.807808050577563,-4.89482385956299,-3.428121872401704,0.5861769060716995,-3.816172075651963,-0.516043668313074,3.22437825518054,2.8496249822854622,-0.2082780657578098,3608.0,2.0,4.0,4.0,4.0,4.0,4.0,4.0,4.0,4.0,4.0,4.0,4.0,4.0,4.0,4.0,100.0,,,,,,,,,,,,,,,,,,,,,,,,,,,,,,,,,,,,,,,
14180,1754692305.370469,110.60749316215517,1754692305.455151,99.0,0.0,4.690775641276048,10.122031611140244,4.967907917863556,3.605103115214149,-2.5633280894285804,-2.0239087117825534,-9.263767699772472,-8.045889745392344,-3.722890331348992,-0.7873151840886408,-2.173385236039905,5.261071644084439,-2.3571127575733613,1.6091712224228445,3556.0,2.0,4.0,4.0,4.0,4.0,4.0,4.0,4.0,4.0,4.0,4.0,4.0,4.0,4.0,4.0,100.0,,,,,,,,,,,,,,,,,,,,,,,,,,,,,,,,,,,,,,,
14181,1754692305.378272,110.615296125412,1754692305.462854,100.0,0.0,2.921482850601308,14.515050070028622,2.038384524487185,6.47307000736356,-4.111022274352479,-3.3968224424858704,-2.1753805001341675,-2.648384129339036,-4.504112677001274,1.275151556702724,-2.578981082513735,4.564549222681592,-3.4279217002830933,4.663679475829042,3563.0,2.0,4.0,4.0,4.0,4.0,4.0,4.0,4.0,4.0,4.0,4.0,4.0,4.0,4.0,4.0,100.0,0.6338032484054565,0.40716552734375,-0.55487060546875,0.35302734375,0.9873197674751282,0.0986343175172805,0.0048828870058059,-44.86152267456055,-97.19996643066406,3.1403067111968994,,,,,,,,,,,,,,,,,,,,,,,,,,,,,
14182,1754692305.386076,110.62310004234314,1754692305.470657,101.0,0.0,-2.82565263542918,19.03791707511411,-0.5079506837835481,7.741619563476632,-7.284290076337385,-3.869601937336285,1.6961933352538097,0.5670588666336869,-3.731580367949192,-1.5811658372529394,0.0912264268897331,3.7775760665597033,-0.5761240219190142,3.136414549607452,3314.0,2.0,4.0,4.0,4.0,4.0,4.0,4.0,4.0,4.0,4.0,4.0,4.0,4.0,4.0,4.0,100.0,,,,,,,,,,,,,,,,,,,,,,,,,,,,,,,,,,,,,,,
14183,1754692305.393879,110.63090300559998,1754692305.4783611,102.0,0.0,-5.316574626575118,19.03070558495876,-1.163982734058834,4.297313049443631,-8.754495499847678,-2.4024654336996605,-1.7991282396880592,-1.369042827988494,2.266669433798427,0.120931240486982,-0.3178338895378942,4.435651976318525,4.11948848878211,-1.8571014717942376,3608.0,2.0,4.0,4.0,4.0,4.0,4.0,4.0,4.0,4.0,4.0,4.0,4.0,4.0,4.0,4.0,100.0,,,,,,,,,,,,,,,,,,,,,,,,,,,,,,,,,,,,,,,
14184,1754692305.401682,110.6387059688568,1754692305.486264,103.0,0.0,1.1703098501758404,19.55408817923956,-0.0120353163509889,2.064714968396516,-11.331699980646476,-0.2891100521895851,-2.6505111437171536,-0.6442212288587825,8.786941965050232,1.4151473896446305,-4.873970885398535,-0.6294946351298449,1.6399151364258842,-3.944276815861372,3556.0,2.0,4.0,4.0,4.0,4.0,4.0,4.0,4.0,4.0,4.0,4.0,4.0,4.0,4.0,4.0,100.0,,,,,,,,,,,,,,,,,,,,,,,,,,,,,,,,,,,,,,,
14185,1754692305.409485,110.64650917053224,1754692305.4940672,104.0,0.0,9.51974657109878,21.78590348284644,1.092220499543885,2.9112296969904605,-12.624503883127716,1.305904356195981,2.362700718152894,3.432486143093968,5.77180900280365,-4.843491267679099,-4.183031258462222,-5.031283982201956,-5.995513122407999,-2.078018887835867,3563.0,2.0,4.0,4.0,4.0,4.0,4.0,4.0,4.0,4.0,4.0,4.0,4.0,4.0,4.0,4.0,100.0,0.6340013742446899,0.40728759765625,-0.5543212890625,0.3533935546875,1.0024566650390625,0.1030289158225059,0.0029297322034835,-47.10459899902344,-96.30274200439452,4.187075614929199,,,,,,,,,,,,,,,,,,,,,,,,,,,,,
14186,1754692305.417287,110.65431118011476,1754692305.50197,105.0,0.0,8.445491500453045,15.591174848442732,-1.135791401601182,0.6321195126479324,-7.8175809242006835,2.2627905870563154,6.51318463346297,5.227972689051057,1.8649385822009208,-8.297943481873517,-4.208894649190825,-2.404790879018492,-8.913690033240755,-2.238344441145728,3314.0,2.0,4.0,4.0,4.0,4.0,4.0,4.0,4.0,4.0,4.0,4.0,4.0,4.0,4.0,4.0,100.0,,,,,,,,,,,,,,,,,,,,,,,,,,,,,,,,,,,,,,,
14187,1754692305.42509,110.66211414337158,1754692305.509773,106.0,0.0,1.469327361359717,4.478209757512047,-1.429297598640062,-2.84464314703888,-0.4563897836010824,4.069717907844222,6.479055392230691,4.120120870767494,4.122805325128809,-5.555738327651,-8.168109060955942,0.3067089454456777,-5.420037106290977,-5.235544556137086,3608.0,2.0,4.0,4.0,4.0,4.0,4.0,4.0,4.0,4.0,4.0,4.0,4.0,4.0,4.0,4.0,100.0,,,,,,,,,,,,,,,,,,,,,,,,,,,,,,,,,,,,,,,
14188,1754692305.432893,110.66991710662842,1754692305.5175772,107.0,0.0,0.8919870777853589,1.2204317560035065,1.9295679982278104,-2.975928635535695,0.2946644396305942,0.9306216968670356,5.363134599063358,2.8136444299975096,1.870316548982771,-6.382791938544926,-8.746557556117807,-0.211310410034514,-4.929656748767513,-2.0207824736990574,3556.0,2.0,4.0,4.0,4.0,4.0,4.0,4.0,4.0,4.0,4.0,4.0,4.0,4.0,4.0,4.0,100.0,,,,,,,,,,,,,,,,,,,,,,,,,,,,,,,,,,,,,,,
14189,1754692305.440697,110.67772102355956,1754692305.52528,108.0,0.0,0.9575776096332902,4.843873086246049,2.3074979299065035,-1.2757721660011612,-6.270088540062943,-3.695446426045919,1.9528420927506431,1.699873875305684,-0.919999941314245,0.1040287318335231,-4.352135005057107,1.1768962238381846,-5.372952080744426,5.383034799042207,3563.0,2.0,4.0,4.0,4.0,4.0,4.0,4.0,4.0,4.0,4.0,4.0,4.0,4.0,4.0,4.0,100.0,0.6343310475349426,0.4072265625,-0.5538330078125,0.3536376953125,1.009781002998352,0.1127946898341178,0.0258793011307716,-46.506446838378906,-96.75135803222656,4.635690689086914,,,,,,,,,,,,,,,,,,,,,,,,,,,,,
14190,1754692305.4485,110.6855239868164,1754692305.533083,109.0,0.0,-3.445772060385792,3.858316842158871,-1.2638415520717388,-0.6392644060041164,-5.163024562736467,0.7817524491698862,-1.9349662347757144,-0.1893388602837546,1.6770708987393448,7.201138648776265,-5.027577562813207,0.3332503335215335,1.23533737170456,4.808448474790708,3314.0,2.0,4.0,4.0,4.0,4.0,4.0,4.0,4.0,4.0,4.0,4.0,4.0,4.0,4.0,4.0,100.0,,,,,,,,,,,,,,,,,,,,,,,,,,,,,,,,,,,,,,,
14191,1754692305.456303,110.69332695007324,1754692305.540786,110.0,0.0,-1.8503017827314352,0.4905899128249302,0.1179165316494845,1.6169403458217175,6.905244397906358,4.799045326181499,-2.6474983322194703,-2.2055486280536343,0.8168932878430724,1.1928562464214565,-1.452660544342848,-2.17881940331688,4.388912899123966,-0.932233997486378,3608.0,2.0,4.0,4.0,4.0,4.0,4.0,4.0,4.0,4.0,4.0,4.0,4.0,4.0,4.0,4.0,100.0,,,,,,,,,,,,,,,,,,,,,,,,,,,,,,,,,,,,,,,
14192,1754692305.464105,110.70112895965576,1754692305.5486891,111.0,0.0,-0.797654394968589,-6.3377950327986525,4.336072079152842,1.3573821468720837,9.896295089721576,-0.3178800717560932,-2.7463304438420835,-4.218863427669106,-1.7852767663617612,-2.151661983076877,6.065016634206046,-0.4695861509804615,3.61043332335899,0.554243896912709,3556.0,2.0,4.0,4.0,4.0,4.0,4.0,4.0,4.0,4.0,4.0,4.0,4.0,4.0,4.0,4.0,100.0,,,,,,,,,,,,,,,,,,,,,,,,,,,,,,,,,,,,,,,
14193,1754692305.471908,110.70893216133118,1754692305.556493,112.0,0.0,-5.422753715160326,-15.522869813307151,4.318252082069847,-0.7924577127535315,3.1192731750740847,-3.945497183022127,-2.888204771259808,-6.098086027854862,-2.0575241972462948,2.858031562001287,3.0290863029428863,0.8037384755559458,2.992827523781642,8.007847699084067,3563.0,2.0,4.0,4.0,4.0,4.0,4.0,4.0,4.0,4.0,4.0,4.0,4.0,4.0,4.0,4.0,100.0,0.634417712688446,0.40728759765625,-0.55364990234375,0.35369873046875,1.0014801025390625,0.1108415350317955,0.0058594644069671,-46.80552291870117,-97.19996643066406,3.887998819351196,,,,,,,,,,,,,,,,,,,,,,,,,,,,,
14194,1754692305.479711,110.716735124588,1754692305.564396,113.0,0.0,-5.843141278909457,-15.664482180877144,1.2860609481568872,1.202342014107785,6.231344407643633,1.6710537026948489,-3.726732181505099,-4.446517773048413,-2.3070514889371907,6.071037941199506,-0.4850537426544861,0.4971129921160582,1.8622677560211969,6.358772164125298,3314.0,2.0,4.0,4.0,4.0,4.0,4.0,4.0,4.0,4.0,4.0,4.0,4.0,4.0,4.0,4.0,100.0,,,,,,,,,,,,,,,,,,,,,,,,,,,,,,,,,,,,,,,
14195,1754692305.487514,110.72453808784483,1754692305.572199,114.0,0.0,-5.348426390821146,-14.324843604978357,-2.559336360483826,2.644533007432188,13.99701429316258,5.034299626889265,-4.572425999911388,-1.0545466435609114,-2.817778626671384,6.487832236767758,4.827193724757876,0.9867474182002524,1.7102444980620248,-3.73705701773622,3608.0,2.0,4.0,4.0,4.0,4.0,4.0,4.0,4.0,4.0,4.0,4.0,4.0,4.0,4.0,4.0,100.0,,,,,,,,,,,,,,,,,,,,,,,,,,,,,,,,,,,,,,,
14196,1754692305.495318,110.732342004776,1754692305.580102,115.0,0.0,-7.086980434761017,-17.773485680408385,-1.8691971266282508,0.6156658953580063,11.948690306224536,0.575066639725037,-1.4509881050432796,0.4847126201664196,-0.9221461427448504,3.065772762599636,8.687445862809682,4.927459047568163,-0.4988865434327181,-3.302283698160636,3556.0,2.0,4.0,4.0,4.0,4.0,4.0,4.0,4.0,4.0,4.0,4.0,4.0,4.0,4.0,4.0,100.0,,,,,,,,,,,58.33333206176758,4.0,33.733097076416016,4.0,33.6021728515625,3.0,26.18799018859864,4.0,30.89419746398925,3.0,24.884746551513672,1.0,24.33140754699707,3.0,27.106409072875977,3.0,27.16059875488281,4.0,27.065019607543945,3.0,30.09317779541016,4.0,36.13516616821289,4.0,26.52367782592773,4.0,34.97673416137695,3.0,49.16275405883789
14197,1754692305.503121,110.74014496803284,1754692305.5879052,116.0,0.0,-3.812098158933338,-19.90835630988721,2.3066437036707725,-2.0551105534993326,9.717744782754664,-1.4212398380447553,3.4752868860162494,0.1228782240285113,-0.2224458507532176,-2.082579382996016,1.5092979700942235,3.71892018502632,-4.245300942705569,1.842555727499814,3563.0,2.0,4.0,4.0,4.0,4.0,4.0,4.0,4.0,4.0,4.0,4.0,4.0,4.0,4.0,4.0,100.0,0.6347673535346985,0.4072265625,-0.55352783203125,0.35333251953125,1.0141756534576416,0.1196307316422462,0.0107423514127731,-45.908294677734375,-98.39627838134766,4.187075614929199,,,,,,,,,,,,,,,,,,,,,,,,,,,,,
14198,1754692305.510924,110.74794816970824,1754692305.595808,117.0,0.0,-1.1353159724595798,-18.905895128908583,1.708102789509553,-1.5289860960684791,14.144645514167564,1.486598443332127,5.112033554409095,-0.5258944548687623,0.4277590975669909,6.921646672109887,-5.825380565130331,-1.248736427002882,-2.7101671050082814,0.8164726199910319,3314.0,2.0,4.0,4.0,4.0,4.0,4.0,4.0,4.0,4.0,4.0,4.0,4.0,4.0,4.0,4.0,100.0,,,,,,,,,,,,,,,,,,,,,,,,,,,,,,,,,,,,,,,
14199,1754692305.518726,110.75575017929076,1754692305.6036122,118.0,0.0,-6.278179587460386,-18.46836255393021,-2.1965781668692443,-0.9862151644070992,10.57485367789593,1.6098774524060673,2.114408184899162,-1.406867339443238,4.096450827200329,16.118039727943028,-0.8912068694954769,-2.87086541422616,1.2474794625640016,0.5091024403458277,3608.0,2.0,4.0,4.0,4.0,4.0,4.0,4.0,4.0,4.0,4.0,4.0,4.0,4.0,4.0,4.0,100.0,,,,,,,,,,,,,,,,,,,,,,,,,,,,,,,,,,,,,,,
14200,1754692305.526529,110.7635531425476,1754692305.611515,119.0,0.0,-6.467396089345044,-13.994310095727911,-1.809036107196704,0.8662906219743434,2.266005931586818,-1.002987259875141,-0.0863004813526515,-2.272674411785289,6.077931720364717,7.809251095860958,7.140135817017011,-3.57457058673927,2.5017141569954617,-0.463012450346838,3556.0,2.0,4.0,4.0,4.0,4.0,4.0,4.0,4.0,4.0,4.0,4.0,4.0,4.0,4.0,4.0,100.0,,,,,,,,,,,,,,,,,,,,,,,,,,,,,,,,,,,,,,,
14201,1754692305.534332,110.77135610580444,1754692305.619418,120.0,0.0,-1.4355454499644225,-8.092671746198732,0.4502165113578371,4.87783904335646,0.3399612920222239,1.0342822313306783,-0.5252525317226286,-2.784265738800343,2.483072718016672,0.437530967759983,8.17795176316912,-3.599998331841391,8.61949620698141,-4.322324711226713,3563.0,2.0,4.0,4.0,4.0,4.0,4.0,4.0,4.0,4.0,4.0,4.0,4.0,4.0,4.0,4.0,100.0,0.6349511742591858,0.40728759765625,-0.553466796875,0.35302734375,1.0117342472076416,0.1147478446364402,0.0268558785319328,-45.75875473022461,-96.1531982421875,4.33661413192749,,,,,,,,,,,,,,,,,,,,,,,,,,,,,
14202,1754692305.542135,110.77915906906128,1754692305.627221,121.0,0.0,1.7465230723003629,-9.87440472551424,-0.8798150889076055,6.4094834661758,1.6623393852617596,-0.5996646768032292,-1.6675945665007816,-2.884534780315505,-4.965215484290809,3.466220738104596,3.3259170966114766,-1.6194491815692231,7.499488050607454,-1.96825604039276,3314.0,2.0,4.0,4.0,4.0,4.0,4.0,4.0,4.0,4.0,4.0,4.0,4.0,4.0,4.0,4.0,100.0,,,,,,,,,,,,,,,,,,,,,,,,,,,,,,,,,,,,,,,
14203,1754692305.549939,110.78696298599245,1754692305.635024,122.0,0.0,2.311723231180821,-8.694756250822394,-0.3329974102646531,5.375664614253964,3.591008656873072,-5.4726516080930026,-2.177318541994083,-1.2612945715334547,-8.082121242467366,7.046016367896499,3.2150487660621536,-0.1804329449176123,-4.457043495977842,2.882314967444671,3608.0,2.0,4.0,4.0,4.0,4.0,4.0,4.0,4.0,4.0,4.0,4.0,4.0,4.0,4.0,4.0,100.0,,,,,,,,,,,,,,,,,,,,,,,,,,,,,,,,,,,,,,,
14204,1754692305.557742,110.79476618766785,1754692305.6427271,123.0,0.0,0.4817333814264941,-2.965573458206308,2.858642100638264,4.103541245632442,3.7717129162086,-4.9247370408427,-2.581508271974343,-2.7283885179706147,-3.424485146288788,4.031630339188524,7.81731058615631,-2.554143921528265,-1.5330602151879873,2.2850125283878526,3556.0,2.0,4.0,4.0,4.0,4.0,4.0,4.0,4.0,4.0,4.0,4.0,4.0,4.0,4.0,4.0,100.0,,,,,,,,,,,,,,,,,,,,,,,,,,,,,,,,,,,,,,,
14205,1754692305.565544,110.8025679588318,1754692305.6506312,124.0,0.0,0.7687792910701887,-2.6526564020786623,1.6256117883972934,0.2020244943151397,-2.3404819099632164,-4.78191013783993,-6.185033935748777,-2.559345887138022,1.3955532926389085,2.5041014016947543,8.92808081738491,-1.5847694252060478,7.4550063734330365,2.4926283558857563,3563.0,2.0,4.0,4.0,4.0,4.0,4.0,4.0,4.0,4.0,4.0,4.0,4.0,4.0,4.0,4.0,100.0,0.6348844766616821,0.40716552734375,-0.5537109375,0.3529052734375,1.004409909248352,0.1113298237323761,0.0283207446336746,-46.20737075805664,-97.05043029785156,3.738460302352905,,,,,,,,,,,,,,,,,,,,,,,,,,,,,
14206,1754692305.573347,110.8103711605072,1754692305.6584342,125.0,0.0,1.5029687925776043,-5.924452630842069,-2.947093538510643,-2.378958188162386,-6.463429437783333,-2.6493819983456603,-4.1985398094379605,2.827617602836227,6.251807126637715,1.5825252509958148,7.497480711098461,1.3339358056187225,0.9690945194272728,2.586909356399275,3314.0,2.0,4.0,4.0,4.0,4.0,4.0,4.0,4.0,4.0,4.0,4.0,4.0,4.0,4.0,4.0,100.0,,,,,,,,,,,,,,,,,,,,,,,,,,,,,,,,,,,,,,,
14207,1754692305.58115,110.81817412376404,1754692305.666237,126.0,0.0,-2.9043022714009794,-4.210794101450233,-5.594769122730327,2.800830464682236,-2.535377318521228,2.069125649886587,3.7546139152249225,3.7525275889864815,8.90386659915464,-1.2005812453809313,5.141277448921187,-0.9603228791280572,-1.1277298097589892,-2.7984724507660985,3608.0,2.0,4.0,4.0,4.0,4.0,4.0,4.0,4.0,4.0,4.0,4.0,4.0,4.0,4.0,4.0,100.0,,,,,,,,,,,,,,,,,,,,,,,,,,,,,,,,,,,,,,,
14208,1754692305.588953,110.82597708702087,1754692305.6739402,127.0,0.0,-7.424525774984602,0.6758550075535936,-6.622535665357816,4.448839895476169,-3.3061860587742444,0.2530344821887524,2.483292632039422,0.8253224612120107,3.4157311921006226,-0.2105830652455438,2.669399064368747,-3.390134523342738,5.360848163630237,-5.446584768357013,52.0,2.0,4.0,4.0,4.0,4.0,4.0,4.0,4.0,4.0,4.0,4.0,4.0,4.0,4.0,4.0,100.0,,,,,,,,,,,,,,,,,,,,,,,,,,,,,,,,,,,,,,,
14209,1754692305.596756,110.83378005027772,1754692305.6817431,0.0,0.0,-2.1090593657961563,6.860950439243197,-5.687407037618186,1.670821685270539,-2.3659738550829843,-0.6078267748505368,-1.6117164780569055,2.0257314822358694,0.3630190673804918,0.2173927781543625,5.5273589980408815,-1.9542758693876288,4.748787751321288,-0.103145890746191,3347.0,2.0,4.0,4.0,4.0,4.0,4.0,4.0,4.0,4.0,4.0,4.0,4.0,4.0,4.0,4.0,100.0,0.4040500819683075,0.6300048828125,-0.275634765625,0.60321044921875,1.006851315498352,0.118654154241085,0.0151369497179985,-47.10459899902344,-97.05043029785156,4.785229206085205,,,,,,,,,,,,,,,,,,,,,,,,,,,,,
14210,1754692305.60456,110.84158396720886,1754692305.6894472,1.0,0.0,-0.962544616224278,7.7086002476264355,-5.865869541392186,1.106446995614732,0.5570550519889537,2.014040236676664,-2.133165794022517,1.924170238177993,1.0489823189334118,-6.4527027496135645,5.232293660657177,-0.907145205379294,-1.7015717852969203,-1.0653929978145982,3509.0,2.0,4.0,4.0,4.0,4.0,4.0,4.0,4.0,4.0,4.0,4.0,4.0,4.0,4.0,4.0,100.0,,,,,,,,,,,,,,,,,,,,,,,,,,,,,,,,,,,,,,,
14211,1754692305.612363,110.84938716888428,1754692305.69725,2.0,0.0,-5.834355008464655,6.644101242919959,-2.486849429619298,3.958572280837842,-1.3525435016991023,2.389296891301882,3.2217715030992338,0.9897802970658348,1.1015888604565305,-2.410531180915342,-1.438602184050097,0.5383064182360329,0.1827043996042618,-8.292166349012433,3526.0,2.0,4.0,4.0,4.0,4.0,4.0,4.0,4.0,4.0,4.0,4.0,4.0,4.0,4.0,4.0,100.0,,,,,,,,,,,,,,,,,,,,,,,,,,,,,,,,,,,,,,,
14212,1754692305.620165,110.8571891784668,1754692305.7049532,3.0,0.0,-5.574979619575316,11.18122494413248,0.5295894305920399,4.490744976000059,-1.7925837489104026,3.399110312009924,7.994429711022093,2.514906340919623,-3.996631021100512,6.205258969974437,-9.512680506239375,-2.982100193720072,-2.163036095790659,-11.85852578939992,3612.0,2.0,4.0,4.0,4.0,4.0,4.0,4.0,4.0,4.0,4.0,4.0,4.0,4.0,4.0,4.0,100.0,,,,,,,,,,,,,,,,,,,,,,,,,,,,,,,,,,,,,,,
14213,1754692305.627968,110.86499214172365,1754692305.712856,4.0,0.0,1.689241341817592,20.70412778259913,3.465855645487295,6.507767282484906,5.602032339876473,7.277555901671235,7.185763038049458,-0.5872886345815687,-6.971944610192736,-2.537900528548221,-9.188599924488813,-7.167762836343741,-8.220325202475465,-9.50662534789774,3638.0,2.0,4.0,4.0,4.0,4.0,4.0,4.0,4.0,4.0,4.0,4.0,4.0,4.0,4.0,4.0,100.0,0.4037734568119049,0.63055419921875,-0.27545166015625,0.6029052734375,0.9965972304344176,0.1074235141277313,0.0122072175145149,-47.10459899902344,-97.6485824584961,5.23384428024292,,,,,,,,,,,,,,,,,,,,,,,,,,,,,
14214,1754692305.635771,110.87279510498048,1754692305.72066,5.0,0.0,10.747749284697475,26.36395594657876,5.909931053812272,10.176400639846236,6.591409060844001,2.3250842200382635,5.0911201685958645,-6.801743150942855,-5.857601417991589,-10.85694736741192,-6.840192028815125,-2.7066003904091644,-7.457425406198979,-4.551599543946793,3512.0,2.0,4.0,4.0,4.0,4.0,4.0,4.0,4.0,4.0,4.0,4.0,4.0,4.0,4.0,4.0,100.0,,,,,,,,,,,,,,,,,,,,,,,,,,,,,,,,,,,,,,,
14215,1754692305.643574,110.8805980682373,1754692305.7284632,6.0,0.0,15.841290945616834,24.54512570581653,6.538787973694866,10.140443959637537,-0.3962492398956101,-5.289148475965362,4.697686859357759,-4.118363591098955,-6.876408919359278,-4.926692211855084,-7.123907878282466,0.9938017286070816,-5.640700157597507,2.500176957155304,3510.0,2.0,4.0,4.0,4.0,4.0,4.0,4.0,4.0,4.0,4.0,4.0,4.0,4.0,4.0,4.0,100.0,,,,,,,,,,,,,,,,,,,,,,,,,,,,,,,,,,,,,,,
14216,1754692305.651378,110.88840198516846,1754692305.736166,7.0,0.0,14.5360440406468,25.01128139009205,6.188701223741816,7.592851431030965,-1.3194066371032136,-3.786146733893759,2.328548166542703,-2.954523677692862,-5.4701497753870285,-1.6872450947997208,-2.525909640218572,-1.398553643151729,-4.441108418418082,1.368389302681578,3513.0,2.0,4.0,4.0,4.0,4.0,4.0,4.0,4.0,4.0,4.0,4.0,4.0,4.0,4.0,4.0,100.0,,,,,,,,,,,,,,,,,,,,,,,,,,,,,,,,,,,,,,,
14217,1754692305.659181,110.89620518684389,1754692305.744069,8.0,0.0,7.278718481243345,22.898021213228844,4.522940241361198,5.222097157527173,-0.5316942047792281,-1.5447670444058303,-0.4601341059322976,-7.109926989720293,-2.3242983631633933,-5.003579326554132,4.698342077067196,-1.6101244214322603,-3.689516921244945,-2.7502641787153834,3590.0,2.0,4.0,4.0,4.0,4.0,4.0,4.0,4.0,4.0,4.0,4.0,4.0,4.0,4.0,4.0,100.0,0.4033211171627044,0.631103515625,-0.275390625,0.6026611328125,1.006851315498352,0.1079118028283119,0.0112306401133537,-46.506446838378906,-97.19996643066406,5.383382797241211,,,,,,,,,,,,,,,,,,,,,,,,,,,,,
14218,1754692305.666983,110.9040069580078,1754692305.751872,9.0,0.0,1.4093334094926036,12.396274347369683,2.616562497588632,3.344983595023507,-3.662496583674226,-2.520398975602064,-0.1363956013989877,-3.1586805633398285,-1.497773666400633,-5.386462205784198,5.249226915905922,-0.0576306953632297,-3.882956819640356,4.497201311907986,3608.0,2.0,4.0,4.0,4.0,4.0,4.0,4.0,4.0,4.0,4.0,4.0,4.0,4.0,4.0,4.0,100.0,,,,,,,,,,,,,,,,,,,,,,,,,,,,,,,,,,,,,,,
14219,1754692305.674786,110.91181015968324,1754692305.7597752,10.0,0.0,0.5087395868825979,-0.2072195352380959,0.9099464954600762,0.6199463612941827,-4.109119475507782,-1.851463475413425,1.9408633657989185,3.442729279953141,-1.3385443881344372,2.878649020399621,-1.5392066764162564,-0.8945252096469858,-5.130344952981545,2.725878316054036,3595.0,2.0,4.0,4.0,4.0,4.0,4.0,4.0,4.0,4.0,4.0,4.0,4.0,4.0,4.0,4.0,100.0,,,,,,,,,,,,,,,,,,,,,,,,,,,,,,,,,,,,,,,
14220,1754692305.682589,110.91961312294006,1754692305.767579,11.0,0.0,0.0249894733141502,-2.975012981436606,0.88327189619568,-1.0495943970509811,-1.0796098429310348,1.816334668608676,4.067478504977686,0.4673718791817975,1.6882177298988663,5.727004039560057,-1.3343201718954276,-0.0423882104952042,-0.892258528113274,-9.801188551474835,3577.0,2.0,4.0,4.0,4.0,4.0,4.0,4.0,4.0,4.0,4.0,4.0,4.0,4.0,4.0,4.0,100.0,,,,,,,,,,,,,,,,,,,,,,,,,,,,,,,,,,,,,,,
14221,1754692305.690392,110.9274160861969,1754692305.7754822,12.0,0.0,-4.105109864274596,1.8407360203856344,-0.6287138036490205,-1.2588086305457864,-3.5217933161555948,1.353763010818625,2.3707614480564416,-7.37987282349593,2.9742954598337974,-0.1821751841820287,9.802382174903071,0.0262304552717296,3.4105203189870963,-6.395534630465022,3552.0,2.0,4.0,4.0,4.0,4.0,4.0,4.0,4.0,4.0,4.0,4.0,4.0,4.0,4.0,4.0,100.0,0.4028594493865967,0.63165283203125,-0.27520751953125,0.60247802734375,1.0117342472076416,0.1059586480259895,0.0024414435029029,-46.20737075805664,-98.09719848632812,2.691691398620605,,,,,,,,,,,,,,,,,,,,,,,,,,,,,
14222,1754692305.698195,110.93521904945374,1754692305.7832851,13.0,0.0,-2.3660241292323576,-0.6103538614275408,-0.7717792716326244,-1.020196584757798,-4.025921777327824,-1.7043865130941072,1.1567403319153868,-5.087801404007735,1.4079445944111626,0.5823474840862559,11.166609993125746,0.959683820499265,3.2572610787698864,5.845597899405618,3326.0,2.0,4.0,4.0,4.0,4.0,4.0,4.0,4.0,4.0,4.0,4.0,4.0,4.0,4.0,4.0,100.0,,,,,,,,,,,,,,,,,,,,,,,,,,,,,,,,,,,,,,,
14223,1754692305.705999,110.94302296638487,1754692305.791188,14.0,0.0,2.2526327982669727,-11.167090095093386,1.522443048687478,-3.0365939738475163,-0.6835323868261867,-2.9138850506845984,-0.1728797052354593,-0.8586801876248273,-0.7364636097971697,1.101720337141728,-1.1634462993473562,0.9908388030017932,2.1936029071738403,2.736427111665876,3595.0,2.0,4.0,4.0,4.0,4.0,4.0,4.0,4.0,4.0,4.0,4.0,4.0,4.0,4.0,4.0,100.0,,,,,,,,,,,,,,,,,,,,,,,,,,,,,,,,,,,,,,,
14224,1754692305.713802,110.9508261680603,1754692305.798991,15.0,0.0,0.9288504194823872,-10.930444898378935,3.2623701257407447,-3.2413603993431934,-0.5900443011055359,2.2788443779950285,-0.6361266914095722,-2.6125000284359885,1.6569468043153393,0.978625185232886,-1.255011198556076,0.8879720136133074,4.844105693957772,-1.971212231572736,3577.0,2.0,4.0,4.0,4.0,4.0,4.0,4.0,4.0,4.0,4.0,4.0,4.0,4.0,4.0,4.0,100.0,,,,,,,,,,,,,,,,,,,,,,,,,,,,,,,,,,,,,,,
14225,1754692305.721604,110.95862817764282,1754692305.806894,16.0,0.0,-0.6939908169483147,-4.188889510678052,0.2641608220788498,-4.214174766017493,-4.817585903996985,0.3985342843134845,-2.017347292884949,-5.304281233331437,1.004380017704591,4.983431765558237,6.25443135951042,2.7487725861506647,7.78801124851708,2.4843799102637263,0.0,2.0,4.0,4.0,4.0,4.0,4.0,4.0,4.0,4.0,4.0,4.0,4.0,4.0,4.0,4.0,100.0,0.4021300971508026,0.6322021484375,-0.275146484375,0.6024169921875,1.0005035400390625,0.085938811302185,0.0029297322034835,-44.263370513916016,-97.6485824584961,4.486152648925781,,,,,,,,,,,,,,,,,,,,,,,,,,,,,
14226,1754692305.729407,110.96643114089966,1754692305.814698,17.0,0.0,3.192572177910876,-6.838712816216088,0.5080044579569005,-6.793991399689588,-1.704543799481911,-5.564039297989751,-2.7419853516892942,-1.5338768141990329,-4.792196238625678,6.192573667820994,2.153365520719632,5.366621155799436,4.918660047408508,5.176943136122787,0.0,2.0,4.0,4.0,4.0,4.0,4.0,4.0,4.0,4.0,4.0,4.0,4.0,4.0,4.0,4.0,100.0,,,,,,,,,,,,,,,,,,,,,,,,,,,,,,,,,,,,,,,
14227,1754692305.73721,110.9742341041565,1754692305.822601,18.0,0.0,3.2312304999856,-9.697916882540426,5.168564846385493,-4.935367829272195,1.4662757721886237,1.202738178549339,-1.3533124785348036,6.093718796758935,-3.3832407613666646,-0.6138964133095897,-2.182570067234224,3.053737494666734,-0.783693403358825,-0.7892790829672549,0.0,2.0,4.0,4.0,4.0,4.0,4.0,4.0,4.0,4.0,4.0,4.0,4.0,4.0,4.0,4.0,100.0,,,,,,,,,,,,,,,,,,,,,,,,,,,,,,,,,,,,,,,
14228,1754692305.745013,110.98203706741332,1754692305.830404,19.0,0.0,-3.825308340615379,-4.075307270591679,2.264246717651872,0.4084332215896893,-3.4726758917205416,11.307360967556065,4.5117193978147725,10.040212942767424,7.51826207692136,-2.3456182448159097,1.5772393563159994,0.8819637837794971,-3.891878148120327,-4.197426284756261,0.0,2.0,4.0,4.0,4.0,4.0,4.0,4.0,4.0,4.0,4.0,4.0,4.0,4.0,4.0,4.0,100.0,,,,,,,,,,,,,,,,,,,,,,,,,,,,,,,,,,,,,,,
14229,1754692305.752816,110.98984003067017,1754692305.838107,20.0,0.0,-6.734987139613054,-5.118732142006024,-4.754774462772616,-1.4038386744090303,-4.031428335374017,8.09953901945994,8.1499323873619,8.618566427637802,9.629196928282113,0.0040936517422096,0.7861377521086297,0.8098522341784928,-3.16123287956259,-1.1031227681436349,0.0,2.0,4.0,4.0,4.0,4.0,4.0,4.0,4.0,4.0,4.0,4.0,4.0,4.0,4.0,4.0,100.0,0.4016791880130768,0.632568359375,-0.27496337890625,0.6024169921875,0.9951323866844176,0.1044937819242477,-0.0053711757063865,-47.10459899902344,-97.05043029785156,3.738460302352905,,,,,,,,,,,,,,,,,,,,,,,,,,,,,
14230,1754692305.76062,110.9976441860199,1754692305.84591,21.0,0.0,-2.434091507613715,-9.66351433373265,-3.900111785342318,-5.031312308618993,2.2210264083140885,0.4288531762248624,4.048333301953704,4.672515591649159,2.881335606712497,1.0844116971833555,-1.4641528554435297,-1.1558536667872374,1.416809873220387,-0.0970031250982117,0.0,2.0,4.0,4.0,4.0,4.0,4.0,4.0,4.0,4.0,4.0,4.0,4.0,4.0,4.0,4.0,100.0,,,,,,,,,,,,,,,,,,,,,,,,,,,,,,,,,,,,,,,
14231,1754692305.768422,111.00544595718384,1754692305.853614,22.0,0.0,2.4832358280730205,-8.187959976301727,-1.5678105459576273,-0.66096324023124,-1.00418013281228,0.7713027961142416,1.7424480752099498,1.646656398850837,1.2216660604283334,3.2351306027373994,-1.1448447567584026,-5.770561423877325,0.7381734203661381,-1.9952631197950268,0.0,2.0,4.0,4.0,4.0,4.0,4.0,4.0,4.0,4.0,4.0,4.0,4.0,4.0,4.0,4.0,100.0,,,,,,,,,,,,,,,,,,,,,,,,,,,,,,,,,,,,,,,
14232,1754692305.776225,111.01324915885924,1754692305.861417,23.0,0.0,3.688428654430824,-3.0814791164904136,-4.325174964526127,1.959143476913482,-7.317330994986264,2.8071918481367675,2.602577797020672,0.7798738528380227,3.352056367404998,2.858253152013617,-2.062127163989885,-7.500442694718117,-2.0106002121816573,-0.994580482246988,0.0,2.0,4.0,4.0,4.0,4.0,4.0,4.0,4.0,4.0,4.0,4.0,4.0,4.0,4.0,4.0,100.0,,,,,,,,,,,,,,,,,,,,,,,,,,,,,,,,,,,,,,,
14233,1754692305.784028,111.02105212211607,1754692305.86912,24.0,0.0,3.011374753424008,-1.784948855264446,-4.6031429408810425,0.4466593562563332,-1.855084234493205,2.530142626551225,1.0565356079858077,0.3465208106688635,2.827115814890732,2.75996542391502,-1.0017408650903403,-2.080907679511455,-1.344016390673886,-0.2491522904335568,0.0,2.0,4.0,4.0,4.0,4.0,4.0,4.0,4.0,4.0,4.0,4.0,4.0,4.0,4.0,4.0,100.0,0.4007940888404846,0.6328125,-0.2750244140625,0.60272216796875,1.0014801025390625,0.0786144807934761,-0.0019531548023223,-47.702754974365234,-98.24673461914062,2.5421531200408936,,,,,,,,,,,,,,,,,,,,,,,,,,,,,
14234,1754692305.791831,111.02885508537292,1754692305.876923,25.0,0.0,3.3065077004962404,-3.8489168604933184,-4.669030827446477,2.933006188168747,4.471681094883479,1.0000587761055613,-1.67511528231762,-0.2106015810277313,-0.7734038244902877,0.0251079142176422,-2.0427774876447984,2.670270876489212,-3.545292473196924,1.0064606086680217,0.0,2.0,4.0,4.0,4.0,4.0,4.0,4.0,4.0,4.0,4.0,4.0,4.0,4.0,4.0,4.0,100.0,,,,,,,,,,,,,,,,,,,,,,,,,,,,,,,,,,,,,,,
14235,1754692305.799634,111.03665804862976,1754692305.884627,26.0,0.0,1.9818577649862728,-2.3517253178301303,-8.930583395541305,7.2527643136969,0.6405570270094927,-0.7223378485691114,-0.0672932179253962,0.4540534197777219,-1.4585344794563184,-1.21537101099824,2.7200930345630354,0.3870683451755781,-3.116795514966441,5.702574685294223,0.0,2.0,4.0,4.0,4.0,4.0,4.0,4.0,4.0,4.0,4.0,4.0,4.0,4.0,4.0,4.0,100.0,,,,,,,,,,,,,,,,,,,,,,,,,,,,,,,,,,,,,,,
14236,1754692305.807437,111.0444610118866,1754692305.89253,27.0,0.0,-2.3466302356977167,-0.5111364854054727,-11.51147685066951,2.764864614739622,-1.268688275467298,-2.4036422354037086,-1.401834812118409,-2.29484038227099,2.900085890538435,2.15817968568183,7.399983790475858,-3.543973298123433,4.4582085217952,7.444895036458206,0.0,2.0,4.0,4.0,4.0,4.0,4.0,4.0,4.0,4.0,4.0,4.0,4.0,4.0,4.0,4.0,100.0,,,,,,,,,,,,,,,,,,,,,,,,,,,,,,,,,,,,,,,
14237,1754692305.815241,111.05226516723631,1754692305.9003332,28.0,0.0,-0.0636947600075927,0.7962760349798828,-5.023892420569837,-4.939015546720611,1.3189693181432176,-3.4134023713029364,-3.704661016495038,-1.399239900762268,3.8024092026787457,4.644149422601231,0.2662891222805683,-1.3076066460096172,4.837293063540756,6.459217835154732,0.0,2.0,4.0,4.0,4.0,4.0,4.0,4.0,4.0,4.0,4.0,4.0,4.0,4.0,4.0,4.0,100.0,0.3998692035675049,0.63299560546875,-0.275146484375,0.60308837890625,1.006363034248352,0.093263141810894,-0.0048828870058059,-46.506446838378906,-97.4990463256836,3.887998819351196,,,,,,,,,,,,,,,,,,,,,,,,,,,,,
14238,1754692305.823043,111.06006717681883,1754692305.908236,29.0,0.0,4.914623193411046,1.6347312475045896,-0.2502946055882944,-4.4003394229893615,-0.4124994019038581,-0.007533042069042,0.9192193636454816,3.5100490590467075,-3.215477129106546,1.273164680017146,-6.956554417756649,0.0586888875005229,-3.5959133900227584,2.342872950838739,0.0,2.0,4.0,4.0,4.0,4.0,4.0,4.0,4.0,4.0,4.0,4.0,4.0,4.0,4.0,4.0,100.0,,,,,,,,,,,,,,,,,,,,,,,,,,,,,,,,,,,,,,,
14239,1754692305.830846,111.06787014007568,1754692305.916039,30.0,0.0,1.9738950047579635,1.1662620105656458,-2.5780872536085155,2.112769658005476,-1.2718643752447465,3.654976327326352,2.975861810268128,0.9679741292387404,-6.478081070746299,-0.2706114342337571,-1.5996700485735855,-3.1185723130735425,1.049606160590514,-2.0155914471007748,0.0,2.0,4.0,4.0,4.0,4.0,4.0,4.0,4.0,4.0,4.0,4.0,4.0,4.0,4.0,4.0,100.0,,,,,,,,,,,,,,,,,,,,,,,,,,,,,,,,,,,,,,,
14240,1754692305.838649,111.07567310333252,1754692305.923942,31.0,0.0,-3.3338992726290826,0.3897121992580423,-5.381167770755042,2.3183403711503843,1.4302127818076542,1.970999247272516,-2.27784198178108,-2.639567992929301,-0.0138534886979186,2.96792538098714,3.644463480459649,-2.26432523628921,11.384714037773506,-1.5532438927203884,0.0,2.0,4.0,4.0,4.0,4.0,4.0,4.0,4.0,4.0,4.0,4.0,4.0,4.0,4.0,4.0,100.0,,,,,,,,,,,,,,,,,,,,,,,,,,,,,,,,,,,,,,,
14241,1754692305.846452,111.08347606658936,1754692305.9318452,32.0,0.0,-1.7288181267673508,-1.83447993573202,-5.782394860501995,-3.2722058683363,-0.3326152914074782,0.0896806908129974,-1.0749915112997996,4.366477085691599,3.9448983701257694,0.3543218441963063,-0.1260214743898586,2.00264029263451,6.889599660447516,0.8158035762206737,0.0,2.0,4.0,4.0,4.0,4.0,4.0,4.0,4.0,4.0,4.0,4.0,4.0,4.0,4.0,4.0,100.0,0.3990431129932403,0.633056640625,-0.2752685546875,0.603515625,0.9990386962890624,0.0751964598894119,-0.0034180209040641,-48.0018310546875,-97.19996643066406,3.5889220237731934,,,,,,,,,,,,,,,,,,,,,,,,,,,,,
14242,1754692305.854255,111.0912790298462,1754692305.939649,33.0,0.0,1.3670526803156804,-2.201909251087784,-6.584538236129959,-1.0825832767946508,1.59985896099937,2.012850166379337,4.147341161254587,10.67810995487929,0.2284821373481804,-3.498023242698821,-4.6040257172358565,1.699935525385115,-2.557005629379148,0.9461688532132372,0.0,2.0,4.0,4.0,4.0,4.0,4.0,4.0,4.0,4.0,4.0,4.0,4.0,4.0,4.0,4.0,100.0,,,,,,,,,,,,,,,,,,,,,,,,,,,,,,,,,,,,,,,
14243,1754692305.862058,111.09908199310304,1754692305.947452,34.0,0.0,0.1039488590357677,1.5346572986126148,-6.262415762371461,7.319481931011865,7.73372045941403,2.859198078547593,-0.2034922988488006,3.504819547587317,-1.029957093048438,-0.2112706028671027,-6.027457034964414,-0.6154870802157575,-8.774852150140873,-2.4375971612158764,0.0,2.0,4.0,4.0,4.0,4.0,4.0,4.0,4.0,4.0,4.0,4.0,4.0,4.0,4.0,4.0,100.0,,,,,,,,,,,,,,,,,,,,,,,,,,,,,,,,,,,,,,,
14244,1754692305.869861,111.10688495635986,1754692305.955255,35.0,0.0,-0.0301167062659715,8.765950200790257,-3.75714069116043,8.311806693094923,4.875209793346812,-0.1707509528212085,-8.442743732571898,-1.60281881233891,1.4556488080745569,2.5780406446481265,-1.249970643502138,1.298398450385548,-9.836743196222187,-2.278430788180003,0.0,2.0,4.0,4.0,4.0,4.0,4.0,4.0,4.0,4.0,4.0,4.0,4.0,4.0,4.0,4.0,100.0,,,,,,,,,,,,,,,,,,,,,,,,,,,,,,,,,,,,,,,
14245,1754692305.877664,111.11468815803528,1754692305.963158,36.0,0.0,-2.8869713230199068,14.367208948030791,-2.8810137789575947,6.22947695094058,-2.237364706213384,2.0252548863707034,-9.855504927524862,0.8899535104217193,2.977840728261299,-3.2255682558786702,4.513198123856682,0.1877819851413278,-2.845998411389928,1.8835457863658576,0.0,2.0,4.0,4.0,4.0,4.0,4.0,4.0,4.0,4.0,4.0,4.0,4.0,4.0,4.0,4.0,100.0,0.6306005716323853,0.405029296875,-0.559326171875,0.35418701171875,1.0234531164169312,0.081055924296379,0.0053711757063865,-45.908294677734375,-98.84489440917967,4.187075614929199,,,,,,,,,,,,,,,,,,,,,,,,,,,,,
14246,1754692305.885467,111.12249112129211,1754692305.971061,37.0,0.0,-8.616160346341871,19.48189757078319,-2.3413159058681003,12.419622595194255,-1.785376339685513,4.527902776212727,-6.432943350933215,-3.347108119717973,1.593857239882368,-13.33448606978834,3.573391149651912,-4.924598864418272,5.283310654357933,2.703248063942852,0.0,2.0,4.0,4.0,4.0,4.0,4.0,4.0,4.0,4.0,4.0,4.0,4.0,4.0,4.0,4.0,100.0,,,,,,,,,,,,,,,,,,,,,,,,,,,,,,,,,,,,,,,
14247,1754692305.89327,111.13029408454896,1754692305.9788642,38.0,0.0,-6.686554395190569,20.246435200996302,1.0346295543042745,18.33674125292077,-1.7996779514940044,0.320672327987495,-5.094150957515694,-7.7913687096959166,-0.7622666630084041,-15.68858212240798,5.234642713753374,-1.1591728815399165,8.240061058301535,2.225323857512876,0.0,2.0,4.0,4.0,4.0,4.0,4.0,4.0,4.0,4.0,4.0,4.0,4.0,4.0,4.0,4.0,100.0,,,,,,,,,,,,,,,,,,,,,,,,,,,,,,,,,,,,,,,
14248,1754692305.901073,111.1380970478058,1754692305.986668,39.0,0.0,-2.873959619161837,12.844160093634288,4.6538314050347935,14.52769959008117,-8.000381643601145,-3.1022347914023385,-8.631900296463868,-5.164553616365197,-3.658579075429429,-11.815415289117595,5.657086391849475,5.227890722960979,4.03791961798504,0.8796853563779905,0.0,2.0,4.0,4.0,4.0,4.0,4.0,4.0,4.0,4.0,4.0,4.0,4.0,4.0,4.0,4.0,100.0,,,,,,,,,,,,,,,,,,,,,,,,,,,,,,,,,,,,,,,
14249,1754692305.908876,111.14590001106262,1754692305.994571,40.0,0.0,-1.2856002241857425,11.202060658643262,8.112555979234315,11.77928947324412,-6.8488195419528495,-0.7511910563413551,-4.236305378024241,-0.4546103326776176,-2.817369588062917,-4.219093162595669,0.6721414024903822,4.857338410326832,-1.1085566870036985,0.8878480754541158,0.0,2.0,4.0,4.0,4.0,4.0,4.0,4.0,4.0,4.0,4.0,4.0,4.0,4.0,4.0,4.0,100.0,0.6299219727516174,0.40472412109375,-0.5596923828125,0.35516357421875,1.005386471748352,0.0800793468952179,-0.0048828870058059,-46.80552291870117,-98.54581451416016,4.33661413192749,,,,,,,,,,,,,,,,,,,,,,,,,,,,,
14250,1754692305.916679,111.15370297431946,1754692306.002474,41.0,0.0,-1.476852020248714,8.672049625342481,6.061967816902381,9.575792693233836,-0.92589371018488,-3.534338438007524,0.8663576981126084,-0.9963640912246206,0.1409927685645584,-0.2039519201020425,-4.579944082745385,0.691781741556099,-6.045140291824907,1.9039295335269912,0.0,2.0,4.0,4.0,4.0,4.0,4.0,4.0,4.0,4.0,4.0,4.0,4.0,4.0,4.0,4.0,100.0,,,,,,,,,,,,,,,,,,,,,,,,,,,,,,,,,,,,,,,
14251,1754692305.924482,111.16150617599487,1754692306.010277,42.0,0.0,-0.5787738355618899,1.6386418116359778,3.638848816527286,3.211032680569758,0.4437488311588708,-7.389351471666771,0.0579655630291995,0.1118726591132031,-1.0670405912476897,-0.6386337414704144,-0.8338777514052822,-0.2009435364996648,-2.323735404472984,3.8906488676636286,0.0,2.0,4.0,4.0,4.0,4.0,4.0,4.0,4.0,4.0,4.0,4.0,4.0,4.0,4.0,4.0,100.0,,,,,,,,,,,,,,,,,,,,,,,,,,,,,,,,,,,,,,,
14252,1754692305.932285,111.16930913925172,1754692306.01808,43.0,0.0,-1.1447334216465492,1.283353949486184,4.746600241788485,0.7922278902750008,-2.6571948452958054,-4.424929291388878,-0.8994491252371404,3.4115172583245226,-2.937367115380937,-3.4387015864769523,1.0527104411087862,-1.8384321470149985,3.594963860774726,3.972036657269939,0.0,2.0,4.0,4.0,4.0,4.0,4.0,4.0,4.0,4.0,4.0,4.0,4.0,4.0,4.0,4.0,100.0,,,,,,,,,,,,,,,,,,,,,,,,,,,,,,,,,,,,,,,
14253,1754692305.940088,111.17711210250854,1754692306.025983,44.0,0.0,-1.861116421144004,4.99236692768028,5.526593845937271,4.27972591932604,-2.211226214896385,-2.4436218441871347,1.7705702850419698,1.7025374878588195,-0.0260450106276834,-6.23494401198576,-1.641319605144588,-2.898609925256721,2.258285151795292,0.0083143271165795,0.0,2.0,4.0,4.0,4.0,4.0,4.0,4.0,4.0,4.0,4.0,4.0,4.0,4.0,4.0,4.0,100.0,0.6290528178215027,0.40435791015625,-0.56011962890625,0.3564453125,0.9990386962890624,0.0576180666685104,-0.0024414435029029,-47.702754974365234,-98.24673461914062,5.383382797241211,,,,,,,,,,,,,,,,,,,,,,,,,,,,,
14254,1754692305.947891,111.18491506576538,1754692306.0338862,45.0,0.0,-1.1629051560399262,1.3658699301258252,4.534884301025556,1.8521695186177,2.2422016527911524,-6.425081078161895,3.5914836849992184,-3.073173196372011,0.8114560139096625,-6.080480587361819,-1.6510305275838275,-0.3845882354485752,3.3242357011753825,-4.402930244197307,0.0,2.0,4.0,4.0,4.0,4.0,4.0,4.0,4.0,4.0,4.0,4.0,4.0,4.0,4.0,4.0,100.0,,,,,,,,,,,,,,,,,,,,,,,,,,,,,,,,,,,,,,,
14255,1754692305.955694,111.19271802902222,1754692306.04169,46.0,0.0,-0.6989912286125559,-1.7122753121342953,8.48315696466085,-0.9613025123261992,2.178009513426389,-3.555464573309962,5.757151406038304,-2.6153009445501425,-0.5310501805888066,0.1786625655523153,0.4111094424316093,1.1358377122515435,5.3696202275376095,-4.946466858566907,0.0,2.0,4.0,4.0,4.0,4.0,4.0,4.0,4.0,4.0,4.0,4.0,4.0,4.0,4.0,4.0,100.0,,,,,,,,,,,,,,,,,,,,,,,,,,,,,,,,,,,,,,,
14256,1754692305.963497,111.20052099227904,1754692306.049493,47.0,0.0,-1.7642179556907536,-2.98218308084887,13.08751090641573,-6.3565345733160825,3.4770787854384366,2.8158926567251115,7.125463771450825,2.3606350368207245,-0.4051201181566171,2.71381211240697,-1.441624246330946,-2.112001033208969,-4.315242153408633,-2.16737645256552,0.0,2.0,4.0,4.0,4.0,4.0,4.0,4.0,4.0,4.0,4.0,4.0,4.0,4.0,4.0,4.0,100.0,,,,,,,,,,,,,,,,,,,,,,,,,,,,,,,,,,,,,,,
14257,1754692305.9713,111.20832395553587,1754692306.0573962,48.0,0.0,0.3635557698544858,-8.112948969688603,10.114669230580205,-18.47521438324196,9.964891717264493,2.8632750642141787,8.702108665280377,3.6483260117298073,1.214134363710457,-1.220389626675967,-3.588051943458993,-2.490936345448916,-9.01612634198176,-0.7899132939250535,0.0,2.0,4.0,4.0,4.0,4.0,4.0,4.0,4.0,4.0,4.0,4.0,4.0,4.0,4.0,4.0,100.0,0.6283227801322937,0.4039306640625,-0.560546875,0.3575439453125,1.0019683837890625,0.060547798871994,-0.0209964141249656,-48.0018310546875,-98.9944305419922,4.33661413192749,,,,,,,,,,,,,,,,,,,,,,,,,,,,,
14258,1754692305.979103,111.2161271572113,1754692306.065299,49.0,0.0,5.584020381019542,-10.2533626224143,4.734731890108975,-25.50314164631331,8.557518719274555,-0.6254265777396029,12.791243169995283,-1.6326918422231245,-3.9220247961632992,-4.244822833753318,0.3029370012128822,2.409800342093291,1.2868981321961712,-2.554224149485293,0.0,2.0,4.0,4.0,4.0,4.0,4.0,4.0,4.0,4.0,4.0,4.0,4.0,4.0,4.0,4.0,100.0,,,,,,,,,,,,,,,,,,,,,,,,,,,,,,,,,,,,,,,
14259,1754692305.986906,111.22393012046814,1754692306.073202,50.0,0.0,6.665142427740562,-10.39610531421485,5.789870423345207,-19.87539025262876,0.3740522303450291,-4.141071689752238,9.09880786012937,-3.2875981160242134,-9.409166505634031,-1.7946895154264837,2.1070092936501226,4.980464351125107,4.598016638914629,-2.836183192831953,0.0,2.0,4.0,4.0,4.0,4.0,4.0,4.0,4.0,4.0,4.0,4.0,4.0,4.0,4.0,4.0,100.0,,,,,,,,,,,,,,,,,,,,,,,,,,,,,,,,,,,,,,,
14260,1754692305.994709,111.23173308372498,1754692306.081005,51.0,0.0,3.3325882012157706,-13.579788213533137,9.687744697332477,-12.625446164092097,2.006518588125658,-3.2739636351494994,4.342738998158751,0.3215879290226837,-4.111851285632071,2.458257450511013,0.6473648557660852,2.2056297910793035,-3.3610888300098907,-1.0043061493453536,0.0,2.0,4.0,4.0,4.0,4.0,4.0,4.0,4.0,4.0,4.0,4.0,4.0,4.0,4.0,4.0,100.0,,,,,,,,,,,75.0,4.0,19.003738403320312,4.0,30.814393997192383,4.0,15.172718048095703,4.0,25.017898559570312,4.0,20.452926635742188,3.0,17.330659866333008,4.0,17.600872039794922,4.0,20.647300720214844,4.0,22.83196258544922,3.0,28.21894645690918,4.0,32.595951080322266,4.0,18.957008361816406,4.0,29.80350875854492,3.0,41.78461456298828
14261,1754692306.002512,111.2395360469818,1754692306.088809,52.0,0.0,-0.6036678991898157,-16.862415665691344,6.024577301598754,-10.950023349537616,11.69490883595762,1.614891279850042,8.700196360107554,-3.074043949693362,0.940603971394637,5.406260688777536,4.425421462729162,-3.09441109998653,-9.056981737438091,-5.615054453881669,0.0,2.0,4.0,4.0,4.0,4.0,4.0,4.0,4.0,4.0,4.0,4.0,4.0,4.0,4.0,4.0,100.0,0.628042459487915,0.403564453125,-0.56085205078125,0.35797119140625,1.0034332275390625,0.0620126649737358,-0.0014648661017417,-48.45044708251953,-98.54581451416016,2.5421531200408936,,,,,,,,,,,,,,,,,,,,,,,,,,,,,
14262,1754692306.010315,111.24733901023863,1754692306.096712,53.0,0.0,1.499563382380785,-13.19399166828518,3.2875929520799048,-5.232678896507622,13.05638796691781,5.126664030637386,9.176477924107331,-9.121184642887528,0.3762863054660386,2.552165185879204,6.622562736464062,-3.272243855112009,-4.337349104823687,-6.905127755477423,0.0,2.0,4.0,4.0,4.0,4.0,4.0,4.0,4.0,4.0,4.0,4.0,4.0,4.0,4.0,4.0,100.0,,,,,,,,,,,,,,,,,,,,,,,,,,,,,,,,,,,,,,,
14263,1754692306.018118,111.25514197349548,1754692306.104615,54.0,0.0,3.857513591361027,-11.358525931999878,3.874935290494165,-4.218783770692056,3.8038417608972,3.674914422644093,1.5906333396891623,-8.694598824042345,-1.489642705484215,-6.122914794378715,-0.2950178401871142,-0.6775862290611201,0.6454817649670588,0.7700010181241908,0.0,2.0,4.0,4.0,4.0,4.0,4.0,4.0,4.0,4.0,4.0,4.0,4.0,4.0,4.0,4.0,100.0,,,,,,,,,,,,,,,,,,,,,,,,,,,,,,,,,,,,,,,
14264,1754692306.025921,111.2629451751709,1754692306.1124182,55.0,0.0,0.6282481038612673,-19.804664354596127,-0.6078278228517888,-11.074357669189624,0.8298971929440881,2.476246984642956,4.2905120053644055,0.304105098790103,0.2335981870903083,0.0513692112055537,0.2250332364139353,-0.47051604066138,-1.584466823423611,-0.3640099738479989,0.0,2.0,4.0,4.0,4.0,4.0,4.0,4.0,4.0,4.0,4.0,4.0,4.0,4.0,4.0,4.0,100.0,,,,,,,,,,,,,,,,,,,,,,,,,,,,,,,,,,,,,,,
14265,1754692306.033724,111.27074813842772,1754692306.120321,56.0,0.0,-2.2479940752324694,-21.89153535582196,-3.3431601825733708,-12.93949523330744,7.964727921757316,4.514244682968496,10.30608181862894,4.400621833676127,0.4119476014073768,9.67493428075781,3.7469406012017714,-2.6518873535893874,-4.830713107858543,-10.0566870293857,0.0,2.0,4.0,4.0,4.0,4.0,4.0,4.0,4.0,4.0,4.0,4.0,4.0,4.0,4.0,4.0,100.0,0.6275503039360046,0.4036865234375,-0.56072998046875,0.35888671875,0.9961089491844176,0.0419928282499313,-0.0195315480232238,-45.908294677734375,-98.09719848632812,2.691691398620605,,,,,,,,,,,,,,,,,,,,,,,,,,,,,
14266,1754692306.041527,111.27855110168456,1754692306.128124,57.0,0.0,2.322913314537942,-9.445559013815313,0.2401873717527962,-4.399525745445175,10.43441891886701,5.581813804271548,7.754692900274819,0.7656049818803297,0.4941084681078393,2.778809225264609,-1.5792968095309732,-1.7288730736089235,-3.29345347840362,-5.275130401177506,0.0,2.0,4.0,4.0,4.0,4.0,4.0,4.0,4.0,4.0,4.0,4.0,4.0,4.0,4.0,4.0,100.0,,,,,,,,,,,,,,,,,,,,,,,,,,,,,,,,,,,,,,,
14267,1754692306.04933,111.2863540649414,1754692306.136027,58.0,0.0,4.343567980438706,-3.054917975486319,0.4799481484877788,0.8012637475065958,5.61711823417761,0.3829091257206301,1.987715688194725,-3.918256101203156,-1.1202795492901032,-2.7965494192118285,-1.1804754580554118,1.445467716647613,-4.749215975219499,2.937542817301505,0.0,2.0,4.0,4.0,4.0,4.0,4.0,4.0,4.0,4.0,4.0,4.0,4.0,4.0,4.0,4.0,100.0,,,,,,,,,,,,,,,,,,,,,,,,,,,,,,,,,,,,,,,
14268,1754692306.057133,111.29415702819824,1754692306.143831,59.0,0.0,2.4314048204570327,-3.723105878898764,0.2164088195378326,-0.2297211696503609,3.5091957968789984,-2.906890345230636,-0.785863466724436,-2.518430597195561,-0.3792971834453738,4.645413709883201,7.720575916892471,1.917379582385479,-5.024431783239493,-0.6518808053646126,0.0,2.0,4.0,4.0,4.0,4.0,4.0,4.0,4.0,4.0,4.0,4.0,4.0,4.0,4.0,4.0,100.0,,,,,,,,,,,,,,,,,,,,,,,,,,,,,,,,,,,,,,,
14269,1754692306.064936,111.30195999145508,1754692306.151734,60.0,0.0,3.646793279188671,1.802321112956008,1.2045901249896929,-1.2916916692080918,-3.935512661234213,-2.4501646549421707,-4.719495650902616,-0.0738250830215179,1.3528755525060774,3.262832169051592,7.855620406784794,-1.599082760283352,1.054977377003354,-2.68373402485048,0.0,2.0,4.0,4.0,4.0,4.0,4.0,4.0,4.0,4.0,4.0,4.0,4.0,4.0,4.0,4.0,100.0,0.6272038817405701,0.4039306640625,-0.56011962890625,0.36016845703125,0.990737795829773,0.0424811169505119,-0.025391012430191,-48.0018310546875,-98.9944305419922,3.887998819351196,,,,,,,,,,,,,,,,,,,,,,,,,,,,,
14270,1754692306.072739,111.30976295471191,1754692306.159537,61.0,0.0,6.951349088255483,7.054003021455173,-0.2479119232398261,-4.33971920386557,-10.715439356738898,-2.984478040045815,-5.900957199586628,-0.3902859530371643,1.2323881321717636,-3.924327199861637,4.353952101895629,-2.9495276450998063,4.910190527216855,6.50846942376802,0.0,2.0,4.0,4.0,4.0,4.0,4.0,4.0,4.0,4.0,4.0,4.0,4.0,4.0,4.0,4.0,100.0,,,,,,,,,,,,,,,,,,,,,,,,,,,,,,,,,,,,,,,
14271,1754692306.080542,111.31756615638731,1754692306.1674402,62.0,0.0,4.776446995796249,1.619654730491419,-3.42681499097651,-5.694974397068364,-7.412951997825331,-3.255143347693576,-4.235997053059037,0.3641121718175952,1.788514950080497,1.507233227431442,3.7808875940315545,0.5472725852821156,0.8551706735670166,10.220559296341634,0.0,2.0,4.0,4.0,4.0,4.0,4.0,4.0,4.0,4.0,4.0,4.0,4.0,4.0,4.0,4.0,100.0,,,,,,,,,,,,,,,,,,,,,,,,,,,,,,,,,,,,,,,
14272,1754692306.088345,111.32536911964417,1754692306.1752431,63.0,0.0,-0.2086845300112259,-1.3075770756302632,-4.024190493525396,-3.984662385455806,-2.444517567594005,3.077689032494334,-2.367682617226194,2.1607835839083123,3.584274974747302,1.3325828831618196,2.414476188648848,1.3970069032308745,-7.227367713641399,1.4380884201606818,0.0,2.0,4.0,4.0,4.0,4.0,4.0,4.0,4.0,4.0,4.0,4.0,4.0,4.0,4.0,4.0,100.0,,,,,,,,,,,,,,,,,,,,,,,,,,,,,,,,,,,,,,,
14273,1754692306.096148,111.333172082901,1754692306.183146,64.0,0.0,0.73992841114665,3.1177605387670724,-2.133951516471313,-5.243011528884779,-0.6678793263840248,7.451680313098734,2.327007895070494,6.030696691338619,4.932707564435134,-1.9702637014401605,-0.1462461262626107,-1.2663561744261074,-4.80873681582824,-5.0267118995543,3336.0,2.0,4.0,4.0,4.0,4.0,4.0,4.0,4.0,4.0,4.0,4.0,4.0,4.0,4.0,4.0,100.0,0.626835286617279,0.40435791015625,-0.55908203125,0.3619384765625,0.9946441054344176,0.0600595101714134,-0.0034180209040641,-47.85229110717773,-98.39627838134766,4.785229206085205,,,,,,,,,,,,,,,,,,,,,,,,,,,,,
14274,1754692306.103951,111.34097504615784,1754692306.190949,65.0,0.0,1.240948768244408,1.9591942109828155,-5.620548871037471,-8.318543732068036,-0.5756669644351575,-0.9023995411925796,1.0087927482827863,5.256142299304003,1.396394756151068,2.9609002752140725,-1.9906804879092024,-2.950186036655367,1.9066026318649,-2.0839919110062226,3525.0,2.0,4.0,4.0,4.0,4.0,4.0,4.0,4.0,4.0,4.0,4.0,4.0,4.0,4.0,4.0,100.0,,,,,,,,,,,,,,,,,,,,,,,,,,,,,,,,,,,,,,,
14275,1754692306.111754,111.34877800941469,1754692306.198853,66.0,0.0,0.7892217661294012,0.9385203370517844,-7.899597185778305,-3.038165498190949,1.0685399846217365,-4.444739201420191,-5.165140061111572,1.869645927348472,-0.9375309559266612,7.333884277910045,0.476458640907083,-0.1113450432283684,2.084339926716382,0.8143007686359738,3499.0,2.0,4.0,4.0,4.0,4.0,4.0,4.0,4.0,4.0,4.0,4.0,4.0,4.0,4.0,4.0,100.0,,,,,,,,,,,,,,,,,,,,,,,,,,,,,,,,,,,,,,,
14276,1754692306.119557,111.35658097267152,1754692306.206656,67.0,0.0,0.1982196004149443,3.480851028003002,-6.313562746115764,2.354382786941045,-2.2462345638356567,2.39321884239584,-10.17160633307654,0.8915997418456243,0.5899477144479022,1.1059695072061402,-0.080326365603156,-1.1662362273042677,0.7070605928284692,-2.3930265199016105,3619.0,2.0,4.0,4.0,4.0,4.0,4.0,4.0,4.0,4.0,4.0,4.0,4.0,4.0,4.0,4.0,100.0,,,,,,,,,,,,,,,,,,,,,,,,,,,,,,,,,,,,,,,
14277,1754692306.12736,111.36438417434692,1754692306.214559,68.0,0.0,-2.5703659591843007,5.245178921562228,-2.64698518492537,2.0765638440136627,-7.074287218049676,5.046284153048646,-12.527223295906651,3.3560042905330647,2.1322715890803465,-4.578469362154692,1.8311134110156213,-2.827129101986202,3.5493639412802622,-1.351472888546823,3615.0,2.0,4.0,4.0,4.0,4.0,4.0,4.0,4.0,4.0,4.0,4.0,4.0,4.0,4.0,4.0,100.0,0.6272953152656555,0.40460205078125,-0.55755615234375,0.36322021484375,1.004409909248352,0.0751964598894119,0.0097657740116119,-46.05783081054688,-98.24673461914062,2.8412299156188965,,,,,,,,,,,,,,,,,,,,,,,,,,,,,
14278,1754692306.135163,111.37218713760376,1754692306.2224622,69.0,0.0,-3.8271592939435095,1.7857018962223492,0.2553265236971356,1.6988947175933615,-5.1335534792832505,-3.348395910640079,-11.88860106557138,2.2911341250393207,1.2793429994309236,-4.768937416415042,10.166336439847896,4.06207388112955,3.4902150661442874,-0.1348450573995023,3509.0,2.0,4.0,4.0,4.0,4.0,4.0,4.0,4.0,4.0,4.0,4.0,4.0,4.0,4.0,4.0,100.0,,,,,,,,,,,,,,,,,,,,,,,,,,,,,,,,,,,,,,,
14279,1754692306.142966,111.3799901008606,1754692306.2302651,70.0,0.0,0.0782828773309631,2.5581878503145674,2.082769806029006,6.57509406699333,-1.858790629597792,-6.985141241087007,-10.399966364665346,-4.371555677555847,0.1922786013953157,-5.8442720025526285,5.000071792926207,5.9547800653255365,3.066573285049259,-1.7477461129654728,3495.0,2.0,4.0,4.0,4.0,4.0,4.0,4.0,4.0,4.0,4.0,4.0,4.0,4.0,4.0,4.0,100.0,,,,,,,,,,,,,,,,,,,,,,,,,,,,,,,,,,,,,,,
14280,1754692306.150769,111.38779306411745,1754692306.238068,71.0,0.0,3.795614081661938,8.155275500049015,4.0240867162707445,9.345790652151322,-1.7986212129584374,-1.301669801962248,-7.924324585661793,-4.255382255517702,1.4492074296118744,-5.1122143161495615,-5.822793236240045,-1.0483058814346575,6.303474981618933,-0.8649290756715118,3504.0,2.0,4.0,4.0,4.0,4.0,4.0,4.0,4.0,4.0,4.0,4.0,4.0,4.0,4.0,4.0,100.0,,,,,,,,,,,,,,,,,,,,,,,,,,,,,,,,,,,,,,,
14281,1754692306.158572,111.39559602737428,1754692306.245971,72.0,0.0,5.316719839825112,4.780855278294041,7.790366467835213,2.3850841088597576,2.155499858610767,-3.267324988243616,-6.226877782999452,0.0278664944349316,-2.077107066975657,-3.084816615384113,-4.400610957117294,-1.1742337153090716,2.680081659985319,-0.9123747242219338,3589.0,2.0,4.0,4.0,4.0,4.0,4.0,4.0,4.0,4.0,4.0,4.0,4.0,4.0,4.0,4.0,100.0,0.3952067494392395,0.6295166015625,-0.27655029296875,0.609130859375,1.010757565498352,0.0878919661045074,0.0200198367238044,-47.10459899902344,-99.14396667480467,3.738460302352905,,,,,,,,,,,,,,,,,,,,,,,,,,,,,
14282,1754692306.166375,111.4033989906311,1754692306.2537751,73.0,0.0,8.307663899511851,0.4510431019077145,10.38003979914464,0.0491177735740961,7.662704209052379,-3.596382022147111,-0.7621585001405151,1.4315814360181207,-4.553081734102591,-4.988500969336485,-2.5266842035410377,5.829698340929269,-5.108366531941385,-0.8762159266005369,3606.0,2.0,4.0,4.0,4.0,4.0,4.0,4.0,4.0,4.0,4.0,4.0,4.0,4.0,4.0,4.0,100.0,,,,,,,,,,,,,,,,,,,,,,,,,,,,,,,,,,,,,,,
14283,1754692306.174178,111.41120195388794,1754692306.261678,74.0,0.0,7.276849091771169,-1.0953604967793351,4.511417783224829,4.5076046994914805,2.5286346696781266,0.6563219467844874,1.976295354095441,-2.960448468289883,-6.16445106219669,-10.971444222483456,-8.883934297199971,3.430836584424128,-14.296932776461176,1.628171472283725,3610.0,2.0,4.0,4.0,4.0,4.0,4.0,4.0,4.0,4.0,4.0,4.0,4.0,4.0,4.0,4.0,100.0,,,,,,,,,,,,,,,,,,,,,,,,,,,,,,,,,,,,,,,
14284,1754692306.181981,111.41900515556335,1754692306.2694812,75.0,0.0,5.003462198986654,-0.3326463679500193,2.3688902216899805,5.507283248074145,2.1920821552234884,2.6301025758984906,4.10887333040273,-3.6492906990706615,-5.700801090180448,-9.619535659106075,-5.737528864284286,-0.980337739398692,-11.574500649194988,3.4720009437878616,3547.0,2.0,4.0,4.0,4.0,4.0,4.0,4.0,4.0,4.0,4.0,4.0,4.0,4.0,4.0,4.0,100.0,,,,,,,,,,,,,,,,,,,,,,,,,,,,,,,,,,,,,,,
14285,1754692306.189784,111.4268081188202,1754692306.277384,76.0,0.0,1.6121055975998502,-1.578264886444856,2.0570885304776425,-3.7659049921523433,4.819463652793104,0.3290267115406209,2.306489959314433,-1.9540233692784448,-1.648998881027353,-4.716083871590115,-1.5433779043066238,0.6662435984270019,2.4492956516103845,0.1061772337337174,3566.0,2.0,4.0,4.0,4.0,4.0,4.0,4.0,4.0,4.0,4.0,4.0,4.0,4.0,4.0,4.0,100.0,0.3956515192985534,0.628662109375,-0.27691650390625,0.60955810546875,1.008316159248352,0.0742198824882507,-0.0053711757063865,-48.0018310546875,-97.4990463256836,3.1403067111968994,,,,,,,,,,,,,,,,,,,,,,,,,,,,,
14286,1754692306.197587,111.43461108207704,1754692306.2852871,77.0,0.0,-1.3429502910062183,-2.982788367493413,-1.6840685575048155,-8.592539890858006,1.5534556066090772,2.439644660154954,-2.6668803375309835,-0.1995891037718138,3.997797184058527,-0.4427839156187474,-0.9468495223891296,2.7125228308336773,7.165788360532815,0.6231411235266933,3310.0,2.0,4.0,4.0,4.0,4.0,4.0,4.0,4.0,4.0,4.0,4.0,4.0,4.0,4.0,4.0,100.0,,,,,,,,,,,,,,,,,,,,,,,,,,,,,,,,,,,,,,,
14287,1754692306.20539,111.44241404533386,1754692306.29309,78.0,0.0,-1.7732809526497704,-3.6397281554374095,-2.443419153635773,-5.057870985545492,-0.4634952226480209,4.093988455751855,-0.5862471688989217,0.4191188196822395,3.971459898401804,1.221862010131531,0.6011942933281489,1.107205840108577,2.94662220308453,-0.5263576190537833,3610.0,2.0,4.0,4.0,4.0,4.0,4.0,4.0,4.0,4.0,4.0,4.0,4.0,4.0,4.0,4.0,100.0,,,,,,,,,,,,,,,,,,,,,,,,,,,,,,,,,,,,,,,
14288,1754692306.213193,111.4502170085907,1754692306.300894,79.0,0.0,-1.2887782839814008,-2.668967256880705,0.3703577817561836,-3.673884801324448,0.1197479516424664,2.5961418768140447,6.779221774628468,-0.0597428168186979,2.024382999313957,0.4399277265827095,-1.5975024322458466,1.1532294057590209,0.8627606673055652,-2.1218379216049925,3547.0,2.0,4.0,4.0,4.0,4.0,4.0,4.0,4.0,4.0,4.0,4.0,4.0,4.0,4.0,4.0,100.0,,,,,,,,,,,,,,,,,,,,,,,,,,,,,,,,,,,,,,,
14289,1754692306.220996,111.45801997184752,1754692306.3087971,80.0,0.0,-3.050968630606718,-1.619473334411765,-0.253114457244834,-4.094375826059064,-1.3997519317644276,2.2776341598078886,5.5703543659084005,1.267244727717383,0.5298660396461798,-1.2878372052786349,-0.1920212317167227,3.2887576410240342,-0.9374029000520352,2.273016958693092,3566.0,2.0,4.0,4.0,4.0,4.0,4.0,4.0,4.0,4.0,4.0,4.0,4.0,4.0,4.0,4.0,100.0,0.3963691890239715,0.62774658203125,-0.27716064453125,0.60992431640625,1.008316159248352,0.0922865644097328,-0.0063477531075477,-47.40367889404297,-98.09719848632812,6.729228496551514,,,,,,,,,,,,,,,,,,,,,,,,,,,,,
14290,1754692306.228799,111.46582317352296,1754692306.3167,81.0,0.0,-2.7420026869703804,-3.487656306742764,-2.2986149299372016,0.148632894081885,0.5019088725630638,1.33204547480139,1.208521526328724,4.08165649041851,-1.1198914255996613,-4.3144552688863484,2.113562095829394,2.474098688428996,-1.8861645080675944,3.5517410571192443,3310.0,2.0,4.0,4.0,4.0,4.0,4.0,4.0,4.0,4.0,4.0,4.0,4.0,4.0,4.0,4.0,100.0,,,,,,,,,,,,,,,,,,,,,,,,,,,,,,,,,,,,,,,
14291,1754692306.236602,111.4736261367798,1754692306.3245032,82.0,0.0,-0.0830257289323697,-4.770199618217447,-3.142602578050372,3.7944835473329306,3.852630111166292,2.208282006511837,8.053918737340865,7.240822194720096,2.146189574584952,-2.496409722406696,-4.581362399628887,-2.5642655968474344,-1.9648068645637693,-1.0404472156794498,3610.0,2.0,4.0,4.0,4.0,4.0,4.0,4.0,4.0,4.0,4.0,4.0,4.0,4.0,4.0,4.0,100.0,,,,,,,,,,,,,,,,,,,,,,,,,,,,,,,,,,,,,,,
14292,1754692306.244405,111.48142910003662,1754692306.332306,83.0,0.0,-0.226141457733064,-7.291497958659619,-4.111319174314048,0.6333544837746388,0.9533803898441704,1.452803159749493,11.200321601664,4.590523475100582,5.424744489457936,5.618588500185325,-7.841482499350803,-6.380630303972538,-0.4018319313495055,-2.890768945072267,3547.0,2.0,4.0,4.0,4.0,4.0,4.0,4.0,4.0,4.0,4.0,4.0,4.0,4.0,4.0,4.0,100.0,,,,,,,,,,,,,,,,,,,,,,,,,,,,,,,,,,,,,,,
14293,1754692306.252208,111.48923206329346,1754692306.340209,84.0,0.0,-0.9240529666226394,-7.972785422853121,-1.8576787542060629,2.183598025956144,-1.636798709384948,-2.2814184570638645,3.55534377482536,0.3324909527295858,3.026525076945745,10.08046236576729,1.213461278754039,-3.4012423547051185,2.970398629837746,-2.950868426145462,3566.0,2.0,4.0,4.0,4.0,4.0,4.0,4.0,4.0,4.0,4.0,4.0,4.0,4.0,4.0,4.0,100.0,0.3970403373241424,0.6268310546875,-0.2774658203125,0.61029052734375,0.9970855116844176,0.0878919661045074,0.0131837949156761,-45.75875473022461,-96.45227813720705,4.33661413192749,,,,,,,,,,,,,,,,,,,,,,,,,,,,,
14294,1754692306.260011,111.4970350265503,1754692306.348112,85.0,0.0,-0.3007781073442004,-4.537264954511926,0.6017715630442524,7.9739919695835795,-2.650661538000719,-3.909018610853224,0.074850285891074,0.5651035102524418,1.711725957721768,3.7552994656462886,3.081109784509948,0.3264018127334509,-0.3284134842980677,-4.322824300916096,3310.0,2.0,4.0,4.0,4.0,4.0,4.0,4.0,4.0,4.0,4.0,4.0,4.0,4.0,4.0,4.0,100.0,,,,,,,,,,,,,,,,,,,,,,,,,,,,,,,,,,,,,,,
14295,1754692306.267814,111.50483798980711,1754692306.355916,86.0,0.0,-0.3025119968410195,-2.0970300307030243,-0.0882256068634319,11.247419945340482,-5.576649751588263,0.8540046127919254,3.3944726233654023,1.7605629352966048,3.043927877898625,-3.645891505137968,0.172621486736773,-1.0637422765434508,-4.509732050118089,0.7643208761256233,3610.0,2.0,4.0,4.0,4.0,4.0,4.0,4.0,4.0,4.0,4.0,4.0,4.0,4.0,4.0,4.0,100.0,,,,,,,,,,,,,,,,,,,,,,,,,,,,,,,,,,,,,,,
14296,1754692306.275617,111.51264095306396,1754692306.363719,87.0,0.0,-3.761066425241779,-3.701165715328671,-0.6121637109602034,14.35945834494737,-4.769243630430765,4.581336569647874,2.75821218692613,-0.1610053802471611,0.6797781934903924,-5.141569233669316,4.731785510680084,-2.542885880617405,1.6072177208832272,1.9720125858536903,3547.0,2.0,4.0,4.0,4.0,4.0,4.0,4.0,4.0,4.0,4.0,4.0,4.0,4.0,4.0,4.0,100.0,,,,,,,,,,,,,,,,,,,,,,,,,,,,,,,,,,,,,,,
14297,1754692306.28342,111.52044415473938,1754692306.371622,88.0,0.0,-4.087851123123642,-3.1303454313020893,-1.0012192700265814,14.329977912745903,-2.0702579705817925,3.705940719681962,0.0042557209156939,0.3504660814336375,0.9045172872023386,-0.0980018300325582,4.638469171242718,-1.7957007385927,8.24223698348817,-2.443955581423893,3566.0,2.0,4.0,4.0,4.0,4.0,4.0,4.0,4.0,4.0,4.0,4.0,4.0,4.0,4.0,4.0,100.0,0.3975557386875152,0.6260986328125,-0.2777099609375,0.610595703125,1.0200351476669312,0.0839856564998626,0.0249027237296104,-45.908294677734375,-98.39627838134766,4.785229206085205,,,,,,,,,,,,,,,,,,,,,,,,,,,,,
14298,1754692306.291223,111.52824711799622,1754692306.3795252,89.0,0.0,-0.7618633068412919,1.5170821448338074,-6.808657443320385,8.4467214942498,-2.2027118447439307,-1.4112730079767744,-0.6553611572170439,2.777653189021862,3.389920485227435,5.5543626946411,-2.653446502304064,-6.020622472592436,3.873092187425641,-3.467677941544821,3310.0,2.0,4.0,4.0,4.0,4.0,4.0,4.0,4.0,4.0,4.0,4.0,4.0,4.0,4.0,4.0,100.0,,,,,,,,,,,,,,,,,,,,,,,,,,,,,,,,,,,,,,,
14299,1754692306.299026,111.53605008125304,1754692306.387328,90.0,0.0,-1.5971953003235626,-1.406724566841092,-7.742560241630997,9.351525619670667,0.7695197908206524,-4.219797515587686,-2.398635516929005,1.2945130522830937,1.524332795972953,1.9890315007797312,0.6332420715908142,-7.636281312666085,1.1809476734261466,2.833548094017317,3610.0,2.0,4.0,4.0,4.0,4.0,4.0,4.0,4.0,4.0,4.0,4.0,4.0,4.0,4.0,4.0,100.0,,,,,,,,,,,,,,,,,,,,,,,,,,,,,,,,,,,,,,,
14300,1754692306.306829,111.54385304450987,1754692306.395131,91.0,0.0,-3.746190461080261,-8.38356098299144,-0.9023798666010237,14.283318875784715,2.503715619270878,-1.923116631787508,-1.4494333530413144,-1.8944159223986217,-1.4695887702253287,-0.150822408112873,4.176696885108157,1.016599711766247,2.346324989342037,5.895477294767005,3547.0,2.0,4.0,4.0,4.0,4.0,4.0,4.0,4.0,4.0,4.0,4.0,4.0,4.0,4.0,4.0,100.0,,,,,,,,,,,,,,,,,,,,,,,,,,,,,,,,,,,,,,,
14301,1754692306.314632,111.55165600776672,1754692306.403034,92.0,0.0,0.8119052798604116,-6.934194226060072,0.3268179493404659,12.335545985462204,0.1486581449291861,-4.193162558908398,0.5265305087834804,-0.3175515847458428,-7.280113252424826,4.915622966100955,-3.766596746304231,2.027298410519734,0.7430805936203342,1.5271558545161952,3566.0,2.0,4.0,4.0,4.0,4.0,4.0,4.0,4.0,4.0,4.0,4.0,4.0,4.0,4.0,4.0,100.0,0.3980535864830017,0.62554931640625,-0.27783203125,0.61077880859375,1.0254062414169312,0.0815442129969596,0.0244144350290298,-46.20737075805664,-97.6485824584961,6.280613422393799,,,,,,,,,,,,,,,,,,,,,,,,,,,,,
14302,1754692306.322435,111.55945897102356,1754692306.410938,93.0,0.0,5.340910018130074,-0.4907410583402054,0.0647330887958048,10.9482622257768,1.3850249793043474,-8.015686719486126,-1.0859453825384264,-0.0663248483234895,-12.47127219181462,4.15317475656488,-7.006402695824505,-3.5244815335651367,-0.2320587419029891,3.949793496570095,3310.0,2.0,4.0,4.0,4.0,4.0,4.0,4.0,4.0,4.0,4.0,4.0,4.0,4.0,4.0,4.0,100.0,,,,,,,,,,,,,,,,,,,,,,,,,,,,,,,,,,,,,,,
14303,1754692306.330238,111.56726217269896,1754692306.4188411,94.0,0.0,1.5492661780161825,1.7043747434553325,2.1999553064969177,14.094747546023314,1.616551217515621,-4.629750511459065,-1.881152044675332,-5.34994251012688,-10.584944699406265,-1.9976252284342308,-0.3868696157056774,-1.185672939523215,0.5811276893513195,6.620244513428474,3610.0,2.0,4.0,4.0,4.0,4.0,4.0,4.0,4.0,4.0,4.0,4.0,4.0,4.0,4.0,4.0,100.0,,,,,,,,,,,,,,,,,,,,,,,,,,,,,,,,,,,,,,,
14304,1754692306.338041,111.5750651359558,1754692306.426644,95.0,0.0,-0.4760322983779304,0.7741603417321414,-0.2367040473404529,12.744023558314922,-2.364855993831469,-0.4506544404470958,-1.1248995301134244,-5.391302334257915,-7.449321327765546,0.338155655717884,1.5683348442071576,0.3717342704508439,0.8042400483780341,0.9731951946219226,3547.0,2.0,4.0,4.0,4.0,4.0,4.0,4.0,4.0,4.0,4.0,4.0,4.0,4.0,4.0,4.0,100.0,,,,,,,,,,,,,,,,,,,,,,,,,,,,,,,,,,,,,,,
14305,1754692306.345844,111.58286809921265,1754692306.4345472,96.0,0.0,5.401251377850656,6.267884692582754,-1.4174535382390443,11.332677219861525,-0.824015935430964,-0.1040781284119134,-2.2287318237013665,-1.2377084643486,-5.569788235237922,3.579421214677893,0.8459398088506873,-0.7396898018806155,-2.476053326773183,-0.102415155217443,3566.0,2.0,4.0,4.0,4.0,4.0,4.0,4.0,4.0,4.0,4.0,4.0,4.0,4.0,4.0,4.0,100.0,0.3987391591072082,0.62493896484375,-0.2779541015625,0.61090087890625,0.9853665828704834,0.0805676355957984,0.0219729915261268,-46.20737075805664,-98.09719848632812,4.486152648925781,,,,,,,,,,,,,,,,,,,,,,,,,,,,,
14306,1754692306.353647,111.59067106246948,1754692306.44245,97.0,0.0,6.769034696738288,13.48012531263015,2.9246690890740297,11.892677863635017,-3.342458727864198,-0.5330297919832105,-4.504729892237322,-5.931437107411114,-3.220628591064326,-3.671815538528392,3.94474978962802,0.9568075768201538,-5.1132983130654,2.9417061939179234,3310.0,2.0,4.0,4.0,4.0,4.0,4.0,4.0,4.0,4.0,4.0,4.0,4.0,4.0,4.0,4.0,100.0,,,,,,,,,,,,,,,,,,,,,,,,,,,,,,,,,,,,,,,
14307,1754692306.36145,111.59847402572632,1754692306.450253,98.0,0.0,2.089070671819883,15.14407895184766,1.328398690591058,7.943168258334282,-11.621070261935728,0.9718982141692152,-3.255972571985893,-8.590530217205668,-2.0270436684415643,-10.574415511678325,8.106472748127345,2.616433386238697,-0.7595686846993601,-0.9632160376920352,3610.0,2.0,4.0,4.0,4.0,4.0,4.0,4.0,4.0,4.0,4.0,4.0,4.0,4.0,4.0,4.0,100.0,,,,,,,,,,,,,,,,,,,,,,,,,,,,,,,,,,,,,,,
14308,1754692306.369253,111.60627698898315,1754692306.458056,99.0,0.0,2.211716892210262,14.800263432394132,-2.5971762927844964,4.774594318261535,-8.861860488647125,1.1588539086690446,-0.9751749438302966,-3.576754500113765,-3.135307162177213,-4.036461820682888,4.98639612037212,1.5387874688083514,3.559533350253816,-1.7612332211494677,3547.0,2.0,4.0,4.0,4.0,4.0,4.0,4.0,4.0,4.0,4.0,4.0,4.0,4.0,4.0,4.0,100.0,,,,,,,,,,,,,,,,,,,,,,,,,,,,,,,,,,,,,,,
14309,1754692306.377056,111.61407995224,1754692306.46596,100.0,0.0,1.3393535602723148,11.279353908422394,-0.2497241604327484,3.495947202317069,-7.728395645350616,-3.448528164076293,-0.7963713914126913,-1.894866097421442,-2.5802146487370976,1.2861616478595297,0.0134405741901844,1.867867965665568,-1.5658620987207144,4.163941194703597,3566.0,2.0,4.0,4.0,4.0,4.0,4.0,4.0,4.0,4.0,4.0,4.0,4.0,4.0,4.0,4.0,100.0,0.3994181752204895,0.62420654296875,-0.2779541015625,0.6112060546875,1.0029449462890625,0.085938811302185,0.0249027237296104,-47.2541389465332,-97.94766235351562,5.084306240081787,,,,,,,,,,,,,,,,,,,,,,,,,,,,,
14310,1754692306.384859,111.6218831539154,1754692306.4738631,101.0,0.0,-3.3163578914900427,9.593313492664947,2.2311863454169725,-5.475168690526516,-14.161842224425529,-6.588155845334768,2.500523077404978,1.019678686780935,2.011275115045919,-2.404136588419078,2.965055050407045,6.959221346543018,-5.007223795146729,3.252771502619453,3310.0,2.0,4.0,4.0,4.0,4.0,4.0,4.0,4.0,4.0,4.0,4.0,4.0,4.0,4.0,4.0,100.0,,,,,,,,,,,,,,,,,,,,,,,,,,,,,,,,,,,,,,,
14311,1754692306.392662,111.62968611717224,1754692306.481666,102.0,0.0,-2.4547414673951664,14.959003125298835,0.4237501249604918,-16.758163917440385,-12.56029081042098,-4.686252251944467,2.081618810495541,4.150946355907394,1.64027229488201,-2.950081829404468,1.315797913862383,6.635817082840816,0.7027715175434821,-0.7593873649442742,3610.0,2.0,4.0,4.0,4.0,4.0,4.0,4.0,4.0,4.0,4.0,4.0,4.0,4.0,4.0,4.0,100.0,,,,,,,,,,,,,,,,,,,,,,,,,,,,,,,,,,,,,,,
14312,1754692306.400465,111.63748908042908,1754692306.489469,103.0,0.0,4.093994184804359,22.280235850742628,0.6570111501980307,-14.05927971096324,-3.8416242541909753,1.85855700551312,2.5812847133290404,2.5477279048761545,-1.2146402991377556,-2.606115885928631,-6.918065396835374,1.4949061032673114,1.1041782754027452,-3.852889838105313,3547.0,2.0,4.0,4.0,4.0,4.0,4.0,4.0,4.0,4.0,4.0,4.0,4.0,4.0,4.0,4.0,100.0,,,,,,,,,,,,,,,,,,,,,,,,,,,,,,,,,,,,,,,
14313,1754692306.408268,111.64529204368591,1754692306.4973722,104.0,0.0,2.2671296321146883,19.677627629481435,1.998121761923926,-6.2862378509511245,-1.6698494196529057,8.769113320689598,6.767246192072548,6.13836292256758,3.324949474186837,-7.162858134263729,-6.521669353305583,-1.3005465013069395,-4.471930018882063,-7.790709693324857,3566.0,2.0,4.0,4.0,4.0,4.0,4.0,4.0,4.0,4.0,4.0,4.0,4.0,4.0,4.0,4.0,100.0,0.6318333148956299,0.40679931640625,-0.54852294921875,0.36663818359375,1.0024566650390625,0.0888685435056686,0.0244144350290298,-47.10459899902344,-97.6485824584961,6.280613422393799,,,,,,,,,,,,,,,,,,,,,,,,,,,,,
14314,1754692306.416071,111.65309500694276,1754692306.505275,105.0,0.0,-5.557259387566347,15.920419089451997,-0.7354132051118825,-5.723154386600555,-5.459135455878396,8.751232780261006,3.540987939109499,6.25954031618673,11.957617772349266,-2.8981729012048447,-2.432755143319838,-1.0328225405651494,0.2945346562352995,-2.9958991213298134,3310.0,2.0,4.0,4.0,4.0,4.0,4.0,4.0,4.0,4.0,4.0,4.0,4.0,4.0,4.0,4.0,100.0,,,,,,,,,,,,,,,,,,,,,,,,,,,,,,,,,,,,,,,
14315,1754692306.423874,111.66089797019958,1754692306.513078,106.0,0.0,-6.616395691059182,12.873012643693444,-2.4072079182229515,-8.847088793227698,-5.2656327808414005,5.297237055959982,-1.1464998067218346,0.0043443559788158,11.184365545192946,4.971624242186323,-5.456747624382473,-0.223020966721009,1.8492819187114549,2.217110955630602,3610.0,2.0,4.0,4.0,4.0,4.0,4.0,4.0,4.0,4.0,4.0,4.0,4.0,4.0,4.0,4.0,100.0,,,,,,,,,,,,,,,,,,,,,,,,,,,,,,,,,,,,,,,
14316,1754692306.431677,111.668701171875,1754692306.520882,107.0,0.0,-3.020862834555828,3.677148332267734,1.7867421834166637,-10.380117247164437,1.3823057488230006,6.335268706433453,1.8705411206915408,-0.6814787570997396,2.163904969751912,0.2624443826016431,-7.956798659534797,2.539610727839772,-9.111073417093394,-3.763596813629192,3547.0,2.0,4.0,4.0,4.0,4.0,4.0,4.0,4.0,4.0,4.0,4.0,4.0,4.0,4.0,4.0,100.0,,,,,,,,,,,,,,,,,,,,,,,,,,,,,,,,,,,,,,,
14317,1754692306.43948,111.67650413513184,1754692306.5288851,108.0,0.0,-3.799256927789713,-3.5096504760129505,2.99707148558781,-5.533914932067376,5.556391812032132,6.560095217976766,3.5577783448013065,3.096245410710424,1.5755498544783109,-2.812590185505371,-1.105147506269816,5.131291562047124,-7.656884377107247,-6.104641628743877,3566.0,2.0,4.0,4.0,4.0,4.0,4.0,4.0,4.0,4.0,4.0,4.0,4.0,4.0,4.0,4.0,100.0,0.6320763826370239,0.4071044921875,-0.547607421875,0.36724853515625,0.9985504150390624,0.0898451209068298,0.0239261463284492,-47.40367889404297,-97.05043029785156,6.280613422393799,,,,,,,,,,,,,,,,,,,,,,,,,,,,,
14318,1754692306.447283,111.68430709838869,1754692306.536688,109.0,0.0,-7.823647353195327,-10.24173627199633,-1.7770985773569803,-3.213305013747401,2.006661563729552,0.6557045437837701,-0.7361267226926316,1.256989109653034,3.8333650656712166,3.2120555561130573,-0.69443397457934,1.1190840713823604,1.4036829803843034,-1.227801430574516,3310.0,2.0,4.0,4.0,4.0,4.0,4.0,4.0,4.0,4.0,4.0,4.0,4.0,4.0,4.0,4.0,100.0,,,,,,,,,,,,,,,,,,,,,,,,,,,,,,,,,,,,,,,
14319,1754692306.455086,111.69211006164552,1754692306.544492,110.0,0.0,-3.5364822748390736,-15.33838545118013,0.1492800761104433,-4.888708540443332,2.7583368145212432,-2.140718880060632,1.5550037680493176,1.7862603198024942,0.3231724817298698,3.74693352120832,-7.1304381365410165,2.653523331170362,-0.7900388219627814,2.8394211027191147,3610.0,2.0,4.0,4.0,4.0,4.0,4.0,4.0,4.0,4.0,4.0,4.0,4.0,4.0,4.0,4.0,100.0,,,,,,,,,,,,,,,,,,,,,,,,,,,,,,,,,,,,,,,
14320,1754692306.462889,111.69991302490234,1754692306.552295,111.0,0.0,0.0775543179016153,-14.431317416284344,2.8369730647678466,-6.127727184895718,2.540618601215158,-3.7817276117802407,0.1653201188428852,4.511113758108934,-0.5367096417712105,4.966349790432162,-5.311465902731868,3.496833378384565,-3.755639168857158,2.453610319681104,3547.0,2.0,4.0,4.0,4.0,4.0,4.0,4.0,4.0,4.0,4.0,4.0,4.0,4.0,4.0,4.0,100.0,,,,,,,,,,,,,,,,,,,,,,,,,,,,,,,,,,,,,,,
14321,1754692306.470692,111.70771598815918,1754692306.560198,112.0,0.0,-3.806955825458488,-14.92585375889638,-1.0739536062230286,-0.8942256144748058,-1.786986996215262,-3.713752782653216,-6.290697249047469,5.636357743896326,6.162508582973089,12.68169948164251,3.948172168880149,1.4567767710985322,2.3229996557609525,-0.2590295961733204,3566.0,2.0,4.0,4.0,4.0,4.0,4.0,4.0,4.0,4.0,4.0,4.0,4.0,4.0,4.0,4.0,100.0,0.6323930621147156,0.4073486328125,-0.54681396484375,0.36761474609375,0.9965972304344176,0.0922865644097328,0.0400396734476089,-45.45967864990234,-99.14396667480467,4.785229206085205,,,,,,,,,,,,,,,,,,,,,,,,,,,,,
14322,1754692306.478495,111.71551895141602,1754692306.5681012,113.0,0.0,-3.5881744432088567,-17.455466727841042,-3.1346509086486662,8.29207460233846,-0.4494028824418024,-5.099621026873876,-5.734335816467876,4.409887057575531,6.306844087268644,10.457303202529316,4.306525833320109,1.7867079643812644,0.9201557347534504,-4.2510483557310295,3310.0,2.0,4.0,4.0,4.0,4.0,4.0,4.0,4.0,4.0,4.0,4.0,4.0,4.0,4.0,4.0,100.0,,,,,,,,,,,,,,,,,,,,,,,,,,,,,,,,,,,,,,,
14323,1754692306.486298,111.72332215309144,1754692306.575905,114.0,0.0,5.805497782683574,-13.501475520272493,2.921181287365812,19.225078430482768,6.771942055783597,-8.645372646356577,-2.601733103725224,-1.2690157954917822,0.1488060233094756,2.833143681419074,0.0374749542974086,1.396839283184249,-5.743585824625484,-3.4666963303590137,3610.0,2.0,4.0,4.0,4.0,4.0,4.0,4.0,4.0,4.0,4.0,4.0,4.0,4.0,4.0,4.0,100.0,,,,,,,,,,,,,,,,,,,,,,,,,,,,,,,,,,,,,,,
14324,1754692306.494101,111.73112511634828,1754692306.583708,115.0,0.0,6.961706638294686,-12.290968410393477,5.343169182584347,20.715123948655105,7.864789068859295,-4.877539068718875,-1.3743204948438006,-5.375533452570494,0.5596434241932684,-1.044898644682803,3.346808491517436,-2.259412844892381,-1.5586069658562565,-3.0123821480198103,3547.0,2.0,4.0,4.0,4.0,4.0,4.0,4.0,4.0,4.0,4.0,4.0,4.0,4.0,4.0,4.0,100.0,,,,,,,,,,,91.66666412353516,4.0,18.24708366394043,4.0,29.35245132446289,4.0,14.30293083190918,4.0,29.47476959228516,4.0,17.514732360839844,4.0,16.899221420288086,4.0,17.712434768676758,4.0,20.30608367919922,4.0,20.811134338378903,4.0,28.96649932861328,4.0,24.725589752197266,4.0,21.61116600036621,4.0,24.473512649536133,3.0,41.157711029052734
14325,1754692306.501904,111.7389280796051,1754692306.591711,116.0,0.0,-0.4653006506510451,-20.3063810811164,-0.0643285505817061,10.348096761793784,2.318543847919898,0.8518629370982467,0.0907923766575891,-1.9808706259432824,-0.4645719358387055,-0.2861273986609944,5.44217655022743,-3.545725181622004,3.044580920124133,-2.548025599674986,3566.0,2.0,4.0,4.0,4.0,4.0,4.0,4.0,4.0,4.0,4.0,4.0,4.0,4.0,4.0,4.0,100.0,0.6328070163726807,0.40771484375,-0.5460205078125,0.36767578125,1.0117342472076416,0.0942397192120552,0.0322270542383194,-47.40367889404297,-97.3495101928711,5.532921314239502,,,,,,,,,,,,,,,,,,,,,,,,,,,,,
14326,1754692306.509707,111.74673104286194,1754692306.599514,117.0,0.0,0.6425430097775688,-25.56123924300925,-1.748553346388121,7.36088911882382,5.608537826821362,-2.639776304633301,1.5814936836010247,1.6776066914227383,-7.612161502241975,4.96603441974969,-1.598911431094507,-1.7264312495157128,-1.8787074758059816,3.0509601180029904,3310.0,2.0,4.0,4.0,4.0,4.0,4.0,4.0,4.0,4.0,4.0,4.0,4.0,4.0,4.0,4.0,100.0,,,,,,,,,,,,,,,,,,,,,,,,,,,,,,,,,,,,,,,
14327,1754692306.51751,111.75453400611876,1754692306.607317,118.0,0.0,3.4066680689269333,-22.973655952663307,1.5784807602661886,7.790151976037464,10.93905526368269,-7.067487832832399,1.63656157843468,1.7558103193795205,-10.863213454130005,6.249372965239559,-5.265336736155973,-1.2947059452504843,-5.053280451834439,3.2358024062335744,3610.0,2.0,4.0,4.0,4.0,4.0,4.0,4.0,4.0,4.0,4.0,4.0,4.0,4.0,4.0,4.0,100.0,,,,,,,,,,,,,,,,,,,,,,,,,,,,,,,,,,,,,,,
14328,1754692306.525313,111.7623369693756,1754692306.61522,119.0,0.0,2.260874274353938,-19.509711616161184,1.3642898926889586,3.6641172660399945,5.161736060582172,-3.9932485129799886,2.757409122247537,-0.5173125757907826,-8.143518402743865,1.4153649626084928,-2.2421329219357347,0.4344232875371574,-0.2075543678019755,-2.507952551660054,3547.0,2.0,4.0,4.0,4.0,4.0,4.0,4.0,4.0,4.0,4.0,4.0,4.0,4.0,4.0,4.0,100.0,,,,,,,,,,,,,,,,,,,,,,,,,,,,,,,,,,,,,,,
14329,1754692306.533116,111.77014017105104,1754692306.623024,120.0,0.0,2.0106872165696075,-17.448683361025047,-3.357922311243016,4.231069468239952,2.970398273347968,1.5942568945036726,3.117757816081252,-2.331265365968335,-3.5411328174983794,-0.5050738781093571,-2.74038792705656,4.776668386274508,2.35930709795602,-4.844878476369246,3566.0,2.0,4.0,4.0,4.0,4.0,4.0,4.0,4.0,4.0,4.0,4.0,4.0,4.0,4.0,4.0,100.0,0.6329763531684875,0.40802001953125,-0.54534912109375,0.3680419921875,1.0029449462890625,0.1059586480259895,0.0419928282499313,-47.40367889404297,-99.14396667480467,5.981536388397217,,,,,,,,,,,,,,,,,,,,,,,,,,,,,
14330,1754692306.540919,111.77794313430786,1754692306.630927,121.0,0.0,2.356415142984161,-13.969729618693208,-3.014290205951937,4.258486865708193,7.985092913363161,4.173630177082515,2.898345353763517,-3.5496710773258826,0.2505455281193747,-0.5292968526973425,-3.1738802700947133,4.889856970084594,-2.9614688732055754,-3.2151691548919814,3310.0,2.0,4.0,4.0,4.0,4.0,4.0,4.0,4.0,4.0,4.0,4.0,4.0,4.0,4.0,4.0,100.0,,,,,,,,,,,,,,,,,,,,,,,,,,,,,,,,,,,,,,,
14331,1754692306.548722,111.7857460975647,1754692306.63873,122.0,0.0,2.788394875362769,-9.827398055596518,-1.6927807299163078,-0.3700684807996595,5.060277386478788,1.2223686461123862,1.2999398594769218,-2.5674765281893315,0.5905629997627102,-1.037301963861978,2.365190698283527,-0.8337567255144904,-6.839993925507883,0.8210363947404176,3610.0,2.0,4.0,4.0,4.0,4.0,4.0,4.0,4.0,4.0,4.0,4.0,4.0,4.0,4.0,4.0,100.0,,,,,,,,,,,,,,,,,,,,,,,,,,,,,,,,,,,,,,,
14332,1754692306.556525,111.79354906082152,1754692306.6466331,123.0,0.0,2.698575713684079,-4.19866105991963,-4.110758099366137,1.5765870485998337,0.8977756585632619,-0.8802623272476353,-1.3421088223016682,0.0283771565592019,1.423676051572386,2.449254434760917,5.559272141954864,-2.569890939991126,-2.6580577372323546,0.8658461742457462,3547.0,2.0,4.0,4.0,4.0,4.0,4.0,4.0,4.0,4.0,4.0,4.0,4.0,4.0,4.0,4.0,100.0,,,,,,,,,,,,,,,,,,,,,,,,,,,,,,,,,,,,,,,
14333,1754692306.564328,111.80135202407835,1754692306.654536,124.0,0.0,-2.980362395645102,-1.3461883014662137,-8.08499144797372,4.122585202443474,2.867786355180101,0.1547022401554159,-2.179213051109514,-1.2935649174074797,3.0469842584692515,4.774419486212423,2.7981552790901105,-0.8679209585935723,-0.1337566458488481,-6.713134730963816,3566.0,2.0,4.0,4.0,4.0,4.0,4.0,4.0,4.0,4.0,4.0,4.0,4.0,4.0,4.0,4.0,100.0,0.6331422328948975,0.408111572265625,-0.54486083984375,0.368377685546875,0.9968413710594176,0.0979018881916999,0.0385748073458671,-46.95506286621094,-97.79812622070312,5.90676736831665,,,,,,,,,,,,,,,,,,,,,,,,,,,,,
14334,1754692306.572131,111.8091549873352,1754692306.662339,125.0,1.0,-2.40783895141945,2.648032969164745,-7.941467868258911,3.813869629664936,1.0824560064860125,0.7821155434238278,-3.3108604407595124,-2.3538329982385733,1.295411902332802,2.670611616478112,2.5026391145023297,-1.515381956269863,0.6144313391829144,-4.757492958677318,3571.0,2.0,4.0,4.0,4.0,4.0,4.0,4.0,4.0,4.0,4.0,4.0,4.0,4.0,4.0,4.0,100.0,,,,,,,,,,,,,,,,,,,,,,,,,,,,,,,,,,,,,,,
14335,1754692306.579934,111.81695795059204,1754692306.6701422,126.0,1.0,-1.340139026682749,6.363955990595883,-7.052997095670975,3.9684707669056536,0.0995723163986497,1.7917216161216911,-3.616917949045359,-2.633621498524093,0.3319295863433638,1.3704220239777951,2.6976521923296843,-1.4798196754273647,1.7071174238282367,-2.480804264559623,3576.0,2.0,4.0,4.0,4.0,4.0,4.0,4.0,4.0,4.0,4.0,4.0,4.0,4.0,4.0,4.0,100.0,,,,,,,,,,,,,,,,,,,,,,,,,,,,,,,,,,,,,,,
14336,1754692306.587737,111.82476115226746,1754692306.677946,127.0,1.0,-0.6448035397687022,8.987270705576236,-6.325683672766274,3.753925952549423,-0.9376538417416782,2.337841877171911,-3.979008542427266,-3.007399434842512,-0.697542297755092,0.0265478732137012,2.543829859846653,-1.6292466629527669,2.302662725219932,-0.7578061333873052,3581.0,2.0,4.0,4.0,4.0,4.0,4.0,4.0,4.0,4.0,4.0,4.0,4.0,4.0,4.0,4.0,100.0,,,,,,,,,,,,,,,,,,,,,,,,,,,,,,,,,,,,,,,
14337,1754692306.59554,111.83256411552428,1754692306.685749,0.0,1.0,-0.0004028699038371,10.904927083989833,-5.477330727320577,3.519246170416636,-1.7098439216704264,2.762792005185247,-4.0985269520895145,-3.1706477834197813,-1.471811768291218,-1.0329861091515795,2.385430885148025,-1.6485789885007307,2.746597435228296,0.7315953371414707,3336.0,2.0,4.0,4.0,4.0,4.0,4.0,4.0,4.0,4.0,4.0,4.0,4.0,4.0,4.0,4.0,100.0,0.6333081126213074,0.408203125,-0.54437255859375,0.36871337890625,0.990737795829773,0.0898451209068298,0.0351567864418029,-46.506446838378906,-96.45227813720705,5.831998348236084,,,,,,,,,,,,,,,,,,,,,,,,,,,,,
14338,1754692306.603343,111.84036707878111,1754692306.693552,1.0,1.0,0.5555803236119914,12.155350681053676,-4.581990978034867,3.2498435710940043,-2.265428260471765,3.048508017750862,-4.041068346608029,-3.1807179193193065,-2.037111192253235,-1.851289268185667,2.2018898259584034,-1.5862765541806425,3.026829425935773,1.9558056995851416,3525.0,2.0,4.0,4.0,4.0,4.0,4.0,4.0,4.0,4.0,4.0,4.0,4.0,4.0,4.0,4.0,100.0,,,,,,,,,,,,,,,,,,,,,,,,,,,,,,,,,,,,,,,
14339,1754692306.611146,111.84817004203796,1754692306.701355,2.0,1.0,1.024688691620213,12.820946715851733,-3.672910839942688,2.9643919567934063,-2.6203909634959928,3.2145195978710035,-3.8354804519130994,-3.060490376724829,-2.408159695147333,-2.440357261420104,2.00823004110498,-1.4552358777036716,3.16661429395208,2.926833108248502,3499.0,2.0,4.0,4.0,4.0,4.0,4.0,4.0,4.0,4.0,4.0,4.0,4.0,4.0,4.0,4.0,100.0,,,,,,,,,,,,,,,,,,,,,,,,,,,,,,,,,,,,,,,
14340,1754692306.618949,111.8559730052948,1754692306.7091582,3.0,0.0,1.455390406423504,13.031765108861492,-2.7334464694779115,2.722023981797321,-2.752185295775888,3.3235662086620152,-3.4673456772822817,-2.789284321238682,-2.5611671292979,-2.775664508452536,1.85881928085044,-1.2238174126048025,3.2343826380852363,3.705865278933544,3601.0,2.0,4.0,4.0,4.0,4.0,4.0,4.0,4.0,4.0,4.0,4.0,4.0,4.0,4.0,4.0,100.0,,,,,,,,,,,,,,,,,,,,,,,,,,,,,,,,,,,,,,,
14341,1754692306.626752,111.86377596855164,1754692306.716962,4.0,0.0,3.523211413919057,13.54111333760386,-2.254505333588781,-2.091387340578762,0.1225109474381724,-0.7149181213843576,-1.6183379006132554,1.447875109767779,-2.719378386055155,1.9185677702054136,1.5614915320826412,-1.9185357240502297,-0.798653613446163,3.5665661141803184,3635.0,2.0,4.0,4.0,4.0,4.0,4.0,4.0,4.0,4.0,4.0,4.0,4.0,4.0,4.0,4.0,100.0,0.6333044767379761,0.408447265625,-0.5439453125,0.36907958984375,1.006363034248352,0.1025406271219253,0.0366216525435447,-45.908294677734375,-97.3495101928711,6.280613422393799,,,,,,,,,,,,,,,,,,,,,,,,,,,,,
14342,1754692306.634555,111.87157917022704,1754692306.7246652,5.0,0.0,0.5770058480754869,11.981133705400907,1.1054745926410303,-2.252712800546078,-4.6327573660666985,0.118714391106323,-3.858743186067159,0.969160699408576,1.7846739872300077,0.663516886331081,2.922449458935489,-2.939116882286044,-1.0123436074497931,-0.1688160095666262,3497.0,2.0,4.0,4.0,4.0,4.0,4.0,4.0,4.0,4.0,4.0,4.0,4.0,4.0,4.0,4.0,100.0,,,,,,,,,,,,,,,,,,,,,,,,,,,,,,,,,,,,,,,
14343,1754692306.642358,111.87938213348389,1754692306.732468,6.0,0.0,0.7851871175532779,9.244198179365185,2.766458873207057,0.3467773817171746,-7.399130664925224,1.0749891364478117,-2.825263402518658,-0.6263991011435337,5.296740927180736,-6.3125945989438605,3.1905629880145625,-3.718853200858802,-4.20689571769708,2.197103195595673,3502.0,2.0,4.0,4.0,4.0,4.0,4.0,4.0,4.0,4.0,4.0,4.0,4.0,4.0,4.0,4.0,100.0,,,,,,,,,,,,,,,,,,,,,,,,,,,,,,,,,,,,,,,
14344,1754692306.650161,111.88718509674072,1754692306.7401712,7.0,0.0,1.3128411870990817,7.38328705218845,1.740104030964801,-3.9473644165557857,-2.4519230829740195,0.2463685820382011,-1.606643499638551,1.1438128155893423,4.063204919071438,-8.378398471941921,3.0691034698872386,-5.30577464688605,-3.4536635029660943,3.213405276180481,3486.0,2.0,4.0,4.0,4.0,4.0,4.0,4.0,4.0,4.0,4.0,4.0,4.0,4.0,4.0,4.0,100.0,,,,,,,,,,,,,,,,,,,,,,,,,,,,,,,,,,,,,,,
14345,1754692306.657964,111.89498805999756,1754692306.747875,8.0,0.0,-1.3722204661436024,3.875218651286474,0.4439173595891645,-8.77146881597227,-0.5550764347254642,1.1222788938784165,-2.185726293334568,3.716276476813988,1.801902760438594,-2.054721177810819,2.475171662482268,-3.533137157633149,1.5036362252123183,-0.8897171604386074,3607.0,2.0,4.0,4.0,4.0,4.0,4.0,4.0,4.0,4.0,4.0,4.0,4.0,4.0,4.0,4.0,100.0,0.6336899399757385,0.408447265625,-0.5435791015625,0.36895751953125,0.9995269775390624,0.1127946898341178,0.050782024860382,-47.40367889404297,-97.6485824584961,7.028305530548096,,,,,,,,,,,,,,,,,,,,,,,,,,,,,
14346,1754692306.665767,111.9027910232544,1754692306.755578,9.0,0.0,-0.2613499049827226,-1.645249874997404,1.5025037117642055,-8.349074072621676,-3.338550805443134,0.0242762444302968,-2.618668459454653,2.692422326614036,0.5793745907102164,2.6664649246307306,-1.5278021450677954,0.5920735988059675,0.7361737793372356,2.23637988480354,3582.0,2.0,4.0,4.0,4.0,4.0,4.0,4.0,4.0,4.0,4.0,4.0,4.0,4.0,4.0,4.0,100.0,,,,,,,,,,,,,,,,,,,,,,,,,,,,,,,,,,,,,,,
14347,1754692306.67357,111.91059398651124,1754692306.763381,10.0,0.0,5.335459121954784,-1.1583771310080806,7.512607527075318,-5.426484749058716,1.3189263986494666,-3.124825140433302,-3.7922558003276094,-0.274153545499928,-0.6238210955950194,2.154532884689445,-4.334491207809776,4.512541060124761,-2.8048234309273425,8.374889655887557,3600.0,2.0,4.0,4.0,4.0,4.0,4.0,4.0,4.0,4.0,4.0,4.0,4.0,4.0,4.0,4.0,100.0,,,,,,,,,,,,,,,,,,,,,,,,,,,,,,,,,,,,,,,
14348,1754692306.681373,111.91839694976808,1754692306.771184,11.0,0.0,6.9676692201148285,2.869969735100028,10.85869019825776,-4.094340112564908,5.919587887844671,-3.362949244793356,-2.5880999577109947,-3.034351028786034,-1.816994327707846,-4.033866670944292,-4.150225945293016,4.894573017710343,-2.881736081656811,6.533121480668058,3554.0,2.0,4.0,4.0,4.0,4.0,4.0,4.0,4.0,4.0,4.0,4.0,4.0,4.0,4.0,4.0,100.0,,,,,,,,,,,,,,,,,,,,,,,,,,,,,,,,,,,,,,,
14349,1754692306.689176,111.92620015144348,1754692306.778888,12.0,0.0,2.926738762001293,1.5439849192586337,6.450283004590034,-3.4775119983649745,0.8446848385030137,0.4678981420985622,-1.2064054292075923,-1.4956617792007307,-0.05853306843332,-7.763950557456923,-3.973288771485244,0.6138882160504693,-0.7098558390690357,2.844516868914212,3558.0,2.0,4.0,4.0,4.0,4.0,4.0,4.0,4.0,4.0,4.0,4.0,4.0,4.0,4.0,4.0,100.0,0.4031605124473572,0.6201171875,-0.27874755859375,0.612548828125,1.010269284248352,0.1030289158225059,0.0444342717528343,-46.20737075805664,-97.05043029785156,6.729228496551514,,,,,,,,,,,,,,,,,,,,,,,,,,,,,
14350,1754692306.696979,111.93400311470032,1754692306.786591,13.0,0.0,-1.752631237826165,-4.580711632597115,0.423999566936061,-2.666366893085353,-3.071336215985241,2.7550970551107525,-0.5697998778198894,3.612363394117608,3.5344855164518663,3.012945721341282,-2.1782741464051583,-2.331533052243969,0.6401959709070866,3.92441325075896,3313.0,2.0,4.0,4.0,4.0,4.0,4.0,4.0,4.0,4.0,4.0,4.0,4.0,4.0,4.0,4.0,100.0,,,,,,,,,,,,,,,,,,,,,,,,,,,,,,,,,,,,,,,
14351,1754692306.704782,111.94180607795715,1754692306.794394,14.0,0.0,-4.0310683868739545,-9.100538431721958,-0.3500232641301011,-4.827031367938758,0.3791903208837937,0.1791159071643449,2.1075689855614144,4.568968389821606,2.00966285896979,8.960129077989535,-2.6284638172152484,-1.4097637982178242,-0.2872871930161693,2.5876872480192503,3600.0,2.0,4.0,4.0,4.0,4.0,4.0,4.0,4.0,4.0,4.0,4.0,4.0,4.0,4.0,4.0,100.0,,,,,,,,,,,,,,,,,,,,,,,,,,,,,,,,,,,,,,,
14352,1754692306.712585,111.949609041214,1754692306.8021982,15.0,0.0,-0.7670077817677736,-4.635966787268757,2.690300910545062,-1.6372795068421908,2.0229720408594005,-1.3759106406281203,5.022192700674765,3.819074184780817,-0.5960734569297017,0.5088588151872102,-3.9980001025099625,-0.6540215992275478,0.9522446400200408,-0.0910620175135079,3554.0,2.0,4.0,4.0,4.0,4.0,4.0,4.0,4.0,4.0,4.0,4.0,4.0,4.0,4.0,4.0,100.0,,,,,,,,,,,,,,,,,,,,,,,,,,,,,,,,,,,,,,,
14353,1754692306.720388,111.95741200447084,1754692306.809901,16.0,0.0,-1.009726380370182,-0.8834878703948448,0.0859526576662688,3.8775989275716825,-1.49976146285843,1.0399973293254448,4.10114449330996,2.292941289125622,1.654619477661356,-3.947083891400041,-2.3789932121537163,0.4421360142703747,-0.0027878090106128,-1.3267034191478049,0.0,2.0,4.0,4.0,4.0,4.0,4.0,4.0,4.0,4.0,4.0,4.0,4.0,4.0,4.0,4.0,100.0,0.4031627774238586,0.6199951171875,-0.27874755859375,0.6126708984375,1.0014801025390625,0.0888685435056686,0.0395513847470283,-47.40367889404297,-97.3495101928711,5.532921314239502,,,,,,,,,,,,,,,,,,,,,,,,,,,,,
14354,1754692306.728191,111.96521496772766,1754692306.817604,17.0,0.0,-4.095609914635986,-2.860585712508908,-2.0900734256283044,-1.223111630018991,0.5763882324000065,3.4814304772976925,7.521152242541632,2.1727215827455097,3.734847973945364,-1.223884530700559,-0.1759631628642068,2.1283294218856668,-5.3824006496656125,-0.1644064878191216,0.0,2.0,4.0,4.0,4.0,4.0,4.0,4.0,4.0,4.0,4.0,4.0,4.0,4.0,4.0,4.0,100.0,,,,,,,,,,,,,,,,,,,,,,,,,,,,,,,,,,,,,,,
14355,1754692306.735994,111.97301816940308,1754692306.825407,18.0,0.0,-4.335644777929559,-3.37002589046719,2.2747470888613464,-8.777173173637351,0.6156165108097014,2.591466884903326,9.787289628700051,1.4870568829534534,3.986000092672981,-0.8062107761118966,-1.4564492060402188,1.384061100913783,-2.950858285380121,-0.5479633160060473,0.0,2.0,4.0,4.0,4.0,4.0,4.0,4.0,4.0,4.0,4.0,4.0,4.0,4.0,4.0,4.0,100.0,,,,,,,,,,,,,,,,,,,,,,,,,,,,,,,,,,,,,,,
14356,1754692306.743797,111.98082113265993,1754692306.8332112,19.0,0.0,-4.559374048225294,-3.3365073735324984,4.078840415277369,-4.957693080070243,-6.245187250947168,2.333464692046306,3.124631233091492,-1.5614114743515015,2.971977349347213,1.562584705041587,1.4989124683349075,2.215629555987249,1.8467014746992447,-5.349509018134853,0.0,2.0,4.0,4.0,4.0,4.0,4.0,4.0,4.0,4.0,4.0,4.0,4.0,4.0,4.0,4.0,100.0,,,,,,,,,,,,,,,,,,,,,,,,,,,,,,,,,,,,,,,
14357,1754692306.7516,111.98862409591676,1754692306.840914,20.0,0.0,-2.882538488289896,-0.6674475010523508,4.772538808388077,-3.234466378199244,-5.847214722165148,3.451229630652876,0.3950072752008111,-3.235994865145216,0.971091939090826,3.727513195490161,3.944925885199978,7.022695007468798,-1.760389672893183,-5.0441413834251705,0.0,2.0,4.0,4.0,4.0,4.0,4.0,4.0,4.0,4.0,4.0,4.0,4.0,4.0,4.0,4.0,100.0,0.4030721783638,0.619873046875,-0.27874755859375,0.61285400390625,0.9990386962890624,0.095704585313797,0.0473640039563179,-47.85229110717773,-97.3495101928711,5.981536388397217,,,,,,,,,,,,,,,,,,,,,,,,,,,,,
14358,1754692306.759403,111.99642705917358,1754692306.848617,21.0,0.0,1.0807555265401447,4.035226112172552,6.44194216600323,-7.1610236244586645,1.803748063976002,1.0734589598060325,2.4865495771419432,-3.362982134368792,-4.202661446864056,0.754821407597376,-0.866666909151661,5.917159191436497,-4.474967945110791,-2.969684491541045,0.0,2.0,4.0,4.0,4.0,4.0,4.0,4.0,4.0,4.0,4.0,4.0,4.0,4.0,4.0,4.0,100.0,,,,,,,,,,,,,,,,,,,,,,,,,,,,,,,,,,,,,,,
14359,1754692306.767206,112.00423002243042,1754692306.85642,22.0,0.0,4.024784349638139,2.0157190234535847,4.434782143270695,-7.030595193118643,3.423198368181147,-0.891951075756424,1.6774920860289058,-1.2720894159806448,-7.061365234293589,0.5777162319636773,-1.3677828392210358,1.2328001178666457,-5.015588727636441,-1.9719041283547083,0.0,2.0,4.0,4.0,4.0,4.0,4.0,4.0,4.0,4.0,4.0,4.0,4.0,4.0,4.0,4.0,100.0,,,,,,,,,,,,,,,,,,,,,,,,,,,,,,,,,,,,,,,
14360,1754692306.775009,112.01203298568726,1754692306.8642242,23.0,0.0,2.476354184377442,-1.1856239984128931,0.0355513987108224,-5.990456836745807,2.5590979152354976,1.519733963132012,0.8322589715041886,0.0503097008552231,-6.012754188001736,1.2116461335460826,-0.3169139137205548,2.064999499748182,-8.651145344951601,-2.1469622556148806,0.0,2.0,4.0,4.0,4.0,4.0,4.0,4.0,4.0,4.0,4.0,4.0,4.0,4.0,4.0,4.0,100.0,,,,,,,,,,,,,,,,,,,,,,,,,,,,,,,,,,,,,,,
14361,1754692306.782812,112.01983618736269,1754692306.871927,24.0,0.0,-0.3081303518087566,6.651786434438293,1.7939064756479297,0.2412856691522051,4.257707643045762,1.713184752165546,0.7436380725908407,-1.225945024151713,-3.7071252479958616,0.7745059472386515,-4.386399099615517,1.768586182809088,-3.841933395788317,-3.761655651940544,0.0,2.0,4.0,4.0,4.0,4.0,4.0,4.0,4.0,4.0,4.0,4.0,4.0,4.0,4.0,4.0,100.0,0.4028442800045013,0.619873046875,-0.27880859375,0.61297607421875,1.006363034248352,0.0942397192120552,0.0327153429388999,-45.45967864990234,-97.6485824584961,7.327382087707519,,,,,,,,,,,,,,,,,,,,,,,,,,,,,
14362,1754692306.790615,112.0276391506195,1754692306.87963,25.0,0.0,-1.1660019048327968,12.447819981650696,0.7844224194931257,5.348908069580261,3.7434410949075527,-1.0968304185713578,-0.4071550252816678,-1.7451132628158348,-1.611814333902771,1.4990514310037495,-2.458436770976391,-4.231604348591304,7.521463863576969,-7.370687880080027,0.0,2.0,4.0,4.0,4.0,4.0,4.0,4.0,4.0,4.0,4.0,4.0,4.0,4.0,4.0,4.0,100.0,,,,,,,,,,,,,,,,,,,,,,,,,,,,,,,,,,,,,,,
14363,1754692306.798418,112.03544211387634,1754692306.8873332,26.0,0.0,-1.3652681880557225,6.237970166804246,-2.7013002462535383,1.3959994617653706,2.1221035969593345,1.635810112535694,-0.871906487594913,-1.1342551254801378,-2.258411934988942,0.6541878170056066,1.943844344813044,-3.506182832494176,10.160585268403622,-5.098353450329284,0.0,2.0,4.0,4.0,4.0,4.0,4.0,4.0,4.0,4.0,4.0,4.0,4.0,4.0,4.0,4.0,100.0,,,,,,,,,,,,,,,,,,,,,,,,,,,,,,,,,,,,,,,
14364,1754692306.806221,112.04324507713318,1754692306.895137,27.0,0.0,-3.38732206021308,2.015506978661108,0.5613690329183214,-0.7989348264522391,-0.3552950460220359,2.548109184797397,-0.2374491167078645,-0.124745795304932,-2.349669246042083,-0.1099559761736941,-2.18067802288482,0.8749621409820634,2.7545847580439045,0.1900495867603808,0.0,2.0,4.0,4.0,4.0,4.0,4.0,4.0,4.0,4.0,4.0,4.0,4.0,4.0,4.0,4.0,100.0,,,,,,,,,,,,,,,,,,,,,,,,,,,,,,,,,,,,,,,
14365,1754692306.814024,112.05104804039,1754692306.90284,28.0,0.0,-2.559660066228816,3.6417945330045134,2.718603301475497,3.0144856415149945,0.3114969525218214,-4.723472918002216,0.4050158280001881,1.5428953414366615,0.1358457329097575,-0.3177755649348626,-2.2984221204701214,-1.6288354833700112,-1.892627615737382,1.443984809173827,0.0,2.0,4.0,4.0,4.0,4.0,4.0,4.0,4.0,4.0,4.0,4.0,4.0,4.0,4.0,4.0,100.0,0.4026553034782409,0.62005615234375,-0.27880859375,0.6129150390625,0.991226077079773,0.1005874723196029,0.0322270542383194,-45.908294677734375,-97.6485824584961,5.532921314239502,,,,,,,,,,,,,,,,,,,,,,,,,,,,,
14366,1754692306.821827,112.05885100364684,1754692306.910643,29.0,0.0,1.5535130604080791,4.078835198078707,-1.742142651102256,4.461966401558641,0.8971933364805977,-7.826917755972261,-1.4061636724604227,0.6395976461554369,-1.493095905860116,-0.952343858173606,1.6454367444021614,-1.6288333469742042,-0.8841373509521304,5.157527601809818,0.0,2.0,4.0,4.0,4.0,4.0,4.0,4.0,4.0,4.0,4.0,4.0,4.0,4.0,4.0,4.0,100.0,,,,,,,,,,,,,,,,,,,,,,,,,,,,,,,,,,,,,,,
14367,1754692306.82963,112.06665396690369,1754692306.9183462,30.0,0.0,2.583209172295483,4.061734724478811,-2.916081636348281,5.487045799241514,-1.573999139084208,-0.3607347071069853,-2.3694356986311504,-3.051002326319576,-7.6729404946304385,0.6849497102070927,-1.1860959587443176,4.7888974750189846,-1.839628103414725,8.320738945676567,0.0,2.0,4.0,4.0,4.0,4.0,4.0,4.0,4.0,4.0,4.0,4.0,4.0,4.0,4.0,4.0,100.0,,,,,,,,,,,,,,,,,,,,,,,,,,,,,,,,,,,,,,,
14368,1754692306.837433,112.0744571685791,1754692306.92615,31.0,0.0,-1.5480842128294512,1.802657167440032,-0.9461329727864154,4.159729967418173,-4.22089297795759,0.6889178899955937,0.5848840234644399,-3.766522348495471,-6.468526131628494,2.8903212049609124,0.2939592482503599,3.9887093271341314,-4.287284286598322,3.4877427396032203,0.0,2.0,4.0,4.0,4.0,4.0,4.0,4.0,4.0,4.0,4.0,4.0,4.0,4.0,4.0,4.0,100.0,,,,,,,,,,,,,,,,,,,,,,,,,,,,,,,,,,,,,,,
14369,1754692306.845236,112.08226013183594,1754692306.9338531,32.0,0.0,-4.31308795187897,-1.0837018378820176,-2.635784022797907,-0.3923145734638638,-3.5120060229951378,-2.221229585482888,6.163491044665989,1.199242152145871,4.913167491161403,5.812604482820916,4.459148718235156,-3.850414825988537,1.3128604303387874,-0.6382212810931378,0.0,2.0,4.0,4.0,4.0,4.0,4.0,4.0,4.0,4.0,4.0,4.0,4.0,4.0,4.0,4.0,100.0,0.4026636481285095,0.62005615234375,-0.2789306640625,0.61285400390625,1.0127108097076416,0.0893568322062492,0.0439459830522537,-46.506446838378906,-97.4990463256836,5.831998348236084,,,,,,,,,,,,,,,,,,,,,,,,,,,,,
14370,1754692306.853039,112.09006309509276,1754692306.941656,33.0,0.0,-4.708881693732224,0.3758882431710617,-5.29978006520389,-1.5476097023812372,-6.3398454704039295,-0.6377320530197039,6.415027475329111,3.786002516189797,4.610451583569443,4.091560407421525,-1.5620720469515843,-5.856139532839848,5.119564321762823,0.2028443293023656,0.0,2.0,4.0,4.0,4.0,4.0,4.0,4.0,4.0,4.0,4.0,4.0,4.0,4.0,4.0,4.0,100.0,,,,,,,,,,,,,,,,,,,,,,,,,,,,,,,,,,,,,,,
14371,1754692306.860842,112.0978660583496,1754692306.9493592,34.0,0.0,-1.249647518728608,5.297290093750206,0.3352737005957067,-1.9005109813574848,-9.475246376091064,-0.2231552050848506,3.756692154689034,1.9947311123900988,-1.4415261141857911,-3.321260358199225,-1.2856567728122457,1.993334292064418,0.2417743108382808,1.62960330731309,0.0,2.0,4.0,4.0,4.0,4.0,4.0,4.0,4.0,4.0,4.0,4.0,4.0,4.0,4.0,4.0,100.0,,,,,,,,,,,,,,,,,,,,,,,,,,,,,,,,,,,,,,,
14372,1754692306.868645,112.10566902160645,1754692306.957163,35.0,0.0,1.7411465373257895,8.759801957051081,6.405577791821656,-1.2935701028712856,-8.449193668385647,-3.6951948261297503,0.5222523787939508,-0.3697660022179434,1.5741283143253213,-6.2215824452322295,2.078242215749583,4.879685110399464,-3.1824240947897806,-1.0700092463156352,0.0,2.0,4.0,4.0,4.0,4.0,4.0,4.0,4.0,4.0,4.0,4.0,4.0,4.0,4.0,4.0,100.0,,,,,,,,,,,,,,,,,,,,,,,,,,,,,,,,,,,,,,,
14373,1754692306.876448,112.11347198486328,1754692306.9648662,36.0,0.0,0.0193504718357928,12.564742234617285,2.937216535220984,4.111121428836128,-9.811606471872068,-2.098513601222834,-0.0885883630568002,1.4123466587006137,4.419482224305199,-2.838146291798779,-2.343611636068175,0.0818701077709249,-0.965808961714032,-1.2978728475346486,0.0,2.0,4.0,4.0,4.0,4.0,4.0,4.0,4.0,4.0,4.0,4.0,4.0,4.0,4.0,4.0,100.0,0.4024176597595215,0.6201171875,-0.27874755859375,0.613037109375,0.9814602732658386,0.1005874723196029,0.030273899435997,-46.80552291870117,-97.94766235351562,6.43015193939209,,,,,,,,,,,,,,,,,,,,,,,,,,,,,
14374,1754692306.884251,112.1212751865387,1754692306.9726691,37.0,0.0,-1.1470237411429594,12.030223993479638,-3.375361564795014,3.009861052756776,-12.3317128445222,1.2857440442973598,-0.2351122881253218,2.3592840252583187,2.1211577616788304,-2.402343042473888,-1.633211219582165,-1.6564848673195345,4.21244844219035,-1.0943537150645284,0.0,2.0,4.0,4.0,4.0,4.0,4.0,4.0,4.0,4.0,4.0,4.0,4.0,4.0,4.0,4.0,100.0,,,,,,,,,,,,,,,,,,,,,,,,,,,,,,,,,,,,,,,
14375,1754692306.892054,112.12907814979552,1754692306.9803722,38.0,0.0,1.5383334175002688,9.545022026601998,-1.2426460919351143,-0.9798774361452728,-11.230786084030171,-0.2095286799327027,-1.0746090150569785,-0.0402544623971721,1.1895323124189758,-7.138350335623784,1.26682995714458,1.0905534159036847,7.794943185728869,-1.5194201557761176,0.0,2.0,4.0,4.0,4.0,4.0,4.0,4.0,4.0,4.0,4.0,4.0,4.0,4.0,4.0,4.0,100.0,,,,,,,,,,,,,,,,,,,,,,,,,,,,,,,,,,,,,,,
14376,1754692306.899857,112.13688111305235,1754692306.988176,39.0,0.0,6.866632804195859,13.970973570083032,3.8196508915661695,3.075449991295926,-6.490123028792851,-0.9513031540050464,1.3331031055517713,1.152190652877806,0.0424253803152794,-11.361733511749236,-4.5778815639432935,-0.8457520089782804,-3.807140169223004,0.0010262021655478,0.0,2.0,4.0,4.0,4.0,4.0,4.0,4.0,4.0,4.0,4.0,4.0,4.0,4.0,4.0,4.0,100.0,,,,,,,,,,,,,,,,,,,,,,,,,,,,,,,,,,,,,,,
14377,1754692306.90766,112.1446840763092,1754692306.9958792,40.0,0.0,4.372241365464561,16.38626213627913,2.8526560439217974,2.8644878199334016,-1.094395013153644,0.5810820613296528,1.67011175189009,4.105297455110303,-0.8542087044988875,-12.056191092774952,-13.323431090336726,-5.459320942351496,-16.923607107247108,-0.5604130170709141,0.0,2.0,4.0,4.0,4.0,4.0,4.0,4.0,4.0,4.0,4.0,4.0,4.0,4.0,4.0,4.0,100.0,0.4021459519863128,0.62017822265625,-0.27886962890625,0.61309814453125,1.003921627998352,0.0898451209068298,0.0366216525435447,-46.05783081054688,-97.94766235351562,5.383382797241211,,,,,,,,,,,,,,,,,,,,,,,,,,,,,
14378,1754692306.915463,112.15248703956604,1754692307.003682,41.0,0.0,-3.8120696041973474,12.369482856680918,-0.9322674603326392,-3.1770835809615505,1.9290370446402108,4.80986117586923,3.5408236987719306,6.809748103343338,5.242215727405494,-4.202307777220483,-8.232156056272686,-3.822369332492997,-7.592821113439129,1.4640680587031625,0.0,2.0,4.0,4.0,4.0,4.0,4.0,4.0,4.0,4.0,4.0,4.0,4.0,4.0,4.0,4.0,100.0,,,,,,,,,,,,,,,,,,,,,,,,,,,,,,,,,,,,,,,
14379,1754692306.923266,112.16029000282288,1754692307.011385,42.0,0.0,-7.177808525018179,3.859390906777037,-6.141085929448934,-10.054930975424384,-1.1721440807443173,2.503662686699329,2.3303293555471214,4.3206743286153255,0.5373698008627912,1.0938100788183078,-3.221250693653644,-3.133208197812735,2.619692036482832,1.0614310502831472,0.0,2.0,4.0,4.0,4.0,4.0,4.0,4.0,4.0,4.0,4.0,4.0,4.0,4.0,4.0,4.0,100.0,,,,,,,,,,,,,,,,,,,,,,,,,,,,,,,,,,,,,,,
14380,1754692306.931069,112.16809296607973,1754692307.0191891,43.0,0.0,1.0939243847707871,1.450616854599673,-1.6917086228916671,-7.461448577168824,1.3454143949958848,-1.5663798662592967,-2.481911090443475,2.4162304998992,-5.236395561600432,0.7402758408636032,-0.1599768428471293,-0.015283051245035,1.3925737252843078,0.2537337626128533,0.0,2.0,4.0,4.0,4.0,4.0,4.0,4.0,4.0,4.0,4.0,4.0,4.0,4.0,4.0,4.0,100.0,,,,,,,,,,,,,,,,,,,,,,,,,,,,,,,,,,,,,,,
14381,1754692306.938872,112.17589616775513,1754692307.0268922,44.0,0.0,1.8782194734784523,-1.4103413933763704,2.2265393521369106,0.0809092138323421,4.612577216556815,-1.666952498654723,-6.466239187382712,-0.1590338165566436,0.8113470586412177,0.007861837287578,-0.9424953757558114,-0.0301076476499702,-2.7822271595358643,1.6418601235776578,0.0,2.0,4.0,4.0,4.0,4.0,4.0,4.0,4.0,4.0,4.0,4.0,4.0,4.0,4.0,4.0,100.0,0.4020528793334961,0.62017822265625,-0.27886962890625,0.6131591796875,0.9985504150390624,0.1054703593254089,0.0351567864418029,-47.2541389465332,-97.19996643066406,6.131074905395508,,,,,,,,,,,,,,,,,,,,,,,,,,,,,
14382,1754692306.946675,112.18369913101196,1754692307.0346951,45.0,0.0,-4.576888069533624,-3.023689001790416,-3.211962082822509,8.441551614334031,4.036786128023351,2.4097370816298564,-1.610532398535241,-3.0187515515981147,6.152985156649294,1.547366073549739,-2.5089268359861023,0.8668943678672179,1.1555911648659103,1.1586220982067346,0.0,2.0,4.0,4.0,4.0,4.0,4.0,4.0,4.0,4.0,4.0,4.0,4.0,4.0,4.0,4.0,100.0,,,,,,,,,,,,,,,,,,,,,,,,,,,,,,,,,,,,,,,
14383,1754692306.954478,112.1915020942688,1754692307.0423992,46.0,0.0,-2.535128651747044,-5.518827843066418,-5.541353753765151,8.850019399034892,6.925534261286003,3.8086420594604817,0.2497931295193041,-5.709528698132516,0.8358156108029391,0.3668826341350097,-0.0230145072623315,2.797336722344,2.355118942199425,-4.046803879991302,0.0,2.0,4.0,4.0,4.0,4.0,4.0,4.0,4.0,4.0,4.0,4.0,4.0,4.0,4.0,4.0,100.0,,,,,,,,,,,,,,,,,,,,,,,,,,,,,,,,,,,,,,,
14384,1754692306.962281,112.19930505752563,1754692307.050202,47.0,0.0,3.145405911044122,-9.26453444823494,0.0417910280297064,4.059458081115167,12.279404262397634,0.7044658233215841,-4.631271025140109,-4.341207232704278,1.5916289719983752,-1.6561751303498795,3.4625654675709256,1.4029617722902683,-0.888871143629899,-5.421078554660312,0.0,2.0,4.0,4.0,4.0,4.0,4.0,4.0,4.0,4.0,4.0,4.0,4.0,4.0,4.0,4.0,100.0,,,,,,,,,,,,,,,,,,,,,,,,,,,,,,,,,,,,,,,
14385,1754692306.970084,112.20710802078248,1754692307.057905,48.0,0.0,0.7912424882391065,-15.26971943416055,0.1816060002509516,2.15530425487242,8.333826328509815,-2.9177262866257365,-4.691347325294089,-2.4717290673244747,6.796490591353006,0.844861722707094,5.07103648350386,-2.174663318100727,2.835463183162404,-2.162085263806773,0.0,2.0,4.0,4.0,4.0,4.0,4.0,4.0,4.0,4.0,4.0,4.0,4.0,4.0,4.0,4.0,100.0,0.6328896880149841,0.408203125,-0.5438232421875,0.3702392578125,1.011245846748352,0.1000991836190223,0.0332036316394805,-46.05783081054688,-98.24673461914062,4.33661413192749,,,,,,,,,,,,,,,,,,,,,,,,,,,,,
14386,1754692306.977887,112.2149109840393,1754692307.065608,49.0,0.0,-0.5025402579155127,-23.709592902991204,-2.450617375395865,2.64328130593762,6.00646827777868,-4.416653525639191,-1.4465310352394738,-2.357276099648658,1.3097319115402968,6.119840288549625,2.3558616058083715,-2.1100475857744243,2.0146225084996274,0.7361789527297731,0.0,2.0,4.0,4.0,4.0,4.0,4.0,4.0,4.0,4.0,4.0,4.0,4.0,4.0,4.0,4.0,100.0,,,,,,,,,,,,,,,,,,,,,,,,,,,,,,,,,,,,,,,
14387,1754692306.98569,112.22271418571472,1754692307.0734122,50.0,0.0,2.141755461071284,-26.41995868133006,-1.3642419208366618,3.154151845050933,12.445326231420609,-2.437522044367938,0.9370512927131358,-2.007203993956296,-8.122577166165115,5.283058217381608,0.0210811172524927,0.7738571142295996,-8.372554686809622,1.935222973894384,0.0,2.0,4.0,4.0,4.0,4.0,4.0,4.0,4.0,4.0,4.0,4.0,4.0,4.0,4.0,4.0,100.0,,,,,,,,,,,,,,,,,,,,,,,,,,,,,,,,,,,,,,,
14388,1754692306.993493,112.23051714897156,1754692307.0812151,51.0,0.0,-1.1826453287165464,-23.442294144351138,-3.281414006895659,-1.5358684349083092,9.127864624827623,1.6793187362788444,2.288239820535807,0.96180892387855,-5.883321259542129,1.6725868229702314,1.2323705684045194,0.8899523146685056,-5.592118985574018,1.243209140598708,0.0,2.0,4.0,4.0,4.0,4.0,4.0,4.0,4.0,4.0,4.0,4.0,4.0,4.0,4.0,4.0,100.0,,,,,,,,,,,75.0,4.0,15.295692443847656,4.0,27.386966705322266,4.0,10.710665702819824,3.0,29.70087242126465,4.0,15.166565895080566,4.0,12.802563667297363,4.0,14.533161163330078,4.0,17.689821243286133,4.0,17.93964958190918,3.0,23.8302001953125,4.0,16.264394760131836,4.0,20.55416488647461,4.0,17.884363174438477,3.0,37.223777770996094
14389,1754692307.001296,112.2383201122284,1754692307.088918,52.0,0.0,-3.825144254759209,-23.190937632877933,-7.0759722495052415,-7.654411596164493,0.3827313011058209,2.1765060539993897,2.24719344079557,2.188527982316998,1.6719309356432746,0.8677694354634582,3.5850416558593565,0.2900639708511221,6.092842533617102,-3.7523854246208543,0.0,2.0,4.0,4.0,4.0,4.0,4.0,4.0,4.0,4.0,4.0,4.0,4.0,4.0,4.0,4.0,100.0,0.6327002644538879,0.40814208984375,-0.54400634765625,0.370361328125,0.991714358329773,0.0966811627149581,0.0336919203400611,-47.2541389465332,-97.19996643066406,5.383382797241211,,,,,,,,,,,,,,,,,,,,,,,,,,,,,
14390,1754692307.009099,112.24612307548524,1754692307.096621,53.0,0.0,0.0412453564596262,-23.45810290238512,-4.056899246698208,-6.929714565752761,5.390416709466194,0.4848186316290821,-1.952885474802201,0.5795785416231638,2.0881838113588174,3.200787048015286,6.883512009177707,-0.3848286675855661,4.06543895387324,-8.126149280410004,0.0,2.0,4.0,4.0,4.0,4.0,4.0,4.0,4.0,4.0,4.0,4.0,4.0,4.0,4.0,4.0,100.0,,,,,,,,,,,,,,,,,,,,,,,,,,,,,,,,,,,,,,,
14391,1754692307.016902,112.25392603874208,1754692307.1044252,54.0,0.0,3.191083510377524,-17.497136194912542,0.5874484663639521,-1.4880484876490812,8.896291073211927,1.2128328656902738,-4.343973160358161,-1.4146633012839231,-0.4540488381277612,4.467755401847938,6.971767124932597,1.519474810298874,-3.1540790256698585,-3.5519807493120936,0.0,2.0,4.0,4.0,4.0,4.0,4.0,4.0,4.0,4.0,4.0,4.0,4.0,4.0,4.0,4.0,100.0,,,,,,,,,,,,,,,,,,,,,,,,,,,,,,,,,,,,,,,
14392,1754692307.024705,112.2617290019989,1754692307.1122282,55.0,0.0,5.348637449803846,-11.652702802741716,-2.3448754756673225,1.2690885802735463,0.326344128412984,0.3035063333113612,-2.8927401853538868,-7.26811063549394,1.0575212110747998,2.9664181641319374,2.25471260927452,2.085902693621847,-4.498749530742771,0.1952527143266706,0.0,2.0,4.0,4.0,4.0,4.0,4.0,4.0,4.0,4.0,4.0,4.0,4.0,4.0,4.0,4.0,100.0,,,,,,,,,,,,,,,,,,,,,,,,,,,,,,,,,,,,,,,
14393,1754692307.032508,112.26953196525574,1754692307.119931,56.0,0.0,8.633098183003938,-10.272013295440786,-0.2198460466600522,-0.3878175905713874,-1.6504884550998329,-2.287325363411412,0.0722459277819211,-3.570630855522552,5.18478619873548,8.369236195369183,2.5589224736506253,2.306183296707502,-2.155148141490656,-0.52405146431812,0.0,2.0,4.0,4.0,4.0,4.0,4.0,4.0,4.0,4.0,4.0,4.0,4.0,4.0,4.0,4.0,100.0,0.6324010491371155,0.4080810546875,-0.5440673828125,0.370849609375,0.9951323866844176,0.0874036774039268,0.0439459830522537,-46.20737075805664,-98.09719848632812,7.028305530548096,,,,,,,,,,,,,,,,,,,,,,,,,,,,,
14394,1754692307.040311,112.27733516693117,1754692307.127634,57.0,0.0,6.773558314580157,-10.006579167388566,3.95554258924102,-3.126685442905284,-0.9051471841806348,-5.952200760983317,-3.429627895260012,1.695950075061944,1.133781232476565,4.745996923854989,5.043913819661327,-1.2544320826212356,1.9306187081876367,-4.358670358967004,0.0,2.0,4.0,4.0,4.0,4.0,4.0,4.0,4.0,4.0,4.0,4.0,4.0,4.0,4.0,4.0,100.0,,,,,,,,,,,,,,,,,,,,,,,,,,,,,,,,,,,,,,,
14395,1754692307.048114,112.285138130188,1754692307.135438,58.0,0.0,8.318941598628328,-2.3666041636517434,2.8107292355583127,1.6330915186020434,0.9626084503809692,-1.566641518734457,-3.324367345517828,-1.7823461562726948,-1.0106362319008326,-1.810511879601279,8.66795923021374,-1.9891789761974792,9.116818380440066,0.7637065819679378,0.0,2.0,4.0,4.0,4.0,4.0,4.0,4.0,4.0,4.0,4.0,4.0,4.0,4.0,4.0,4.0,100.0,,,,,,,,,,,,,,,,,,,,,,,,,,,,,,,,,,,,,,,
14396,1754692307.055917,112.29294109344482,1754692307.1432412,59.0,0.0,4.855916041584834,-0.6881965300444506,-6.512764825618859,2.9993553776662623,5.018191411053095,1.5426378081433825,-0.0654539068759447,-5.550537012880312,-4.323513785599943,0.5587585320927531,1.4300461433031444,-3.07778741550689,0.7488534448664552,-0.4488580759784497,0.0,2.0,4.0,4.0,4.0,4.0,4.0,4.0,4.0,4.0,4.0,4.0,4.0,4.0,4.0,4.0,100.0,,,,,,,,,,,,,,,,,,,,,,,,,,,,,,,,,,,,,,,
14397,1754692307.06372,112.30074405670166,1754692307.150944,60.0,0.0,-1.0222730289106607,1.0345049567480942,-5.189073347409305,2.402259805755364,10.586873687389868,3.859802212258217,3.563093112808872,3.204813393133861,-5.141628703707795,6.7346755968969205,-7.757133526065047,-1.2788842747514195,-11.226153607875233,-2.761885261076316,0.0,2.0,4.0,4.0,4.0,4.0,4.0,4.0,4.0,4.0,4.0,4.0,4.0,4.0,4.0,4.0,100.0,0.6320068836212158,0.4080810546875,-0.5440673828125,0.37152099609375,0.9970855116844176,0.0937514305114746,0.0346684977412223,-47.40367889404297,-97.3495101928711,7.028305530548096,,,,,,,,,,,,,,,,,,,,,,,,,,,,,
14398,1754692307.071523,112.3085470199585,1754692307.158647,61.0,0.0,-1.5366089653311974,2.675445441242573,-1.2999629840624038,1.0758593405021202,3.636230114153932,1.0530063177939155,2.3634458022220315,3.651240025537392,-1.7756910578877978,-0.9400850861575236,-7.790072228954159,-1.043162114774077,-14.598914881306657,0.3275076898071347,0.0,2.0,4.0,4.0,4.0,4.0,4.0,4.0,4.0,4.0,4.0,4.0,4.0,4.0,4.0,4.0,100.0,,,,,,,,,,,,,,,,,,,,,,,,,,,,,,,,,,,,,,,
14399,1754692307.079326,112.31634998321532,1754692307.166451,62.0,0.0,5.203096917591097,1.8607550660179868,-2.199470295319429,0.8806423049126124,-2.826559711559753,-0.3715259000611013,2.84095012863952,-1.1672123932941076,1.969761879225075,-3.2126377971118245,0.0587445386112222,-1.0316952000922583,-5.174176534379171,4.808103445127813,0.0,2.0,4.0,4.0,4.0,4.0,4.0,4.0,4.0,4.0,4.0,4.0,4.0,4.0,4.0,4.0,100.0,,,,,,,,,,,,,,,,,,,,,,,,,,,,,,,,,,,,,,,
14400,1754692307.087129,112.32415318489076,1754692307.1742542,63.0,0.0,1.306488377304845,1.7580200884771102,-4.097149118956281,-1.0389412238074556,-2.259605501545707,-1.623042755010033,0.9898634525869738,0.9040167592701208,-0.1597484989230224,-1.5646829945377476,-0.3905801689326154,-0.0464157029610987,4.387175020894915,5.25527173941498,0.0,2.0,4.0,4.0,4.0,4.0,4.0,4.0,4.0,4.0,4.0,4.0,4.0,4.0,4.0,4.0,100.0,,,,,,,,,,,,,,,,,,,,,,,,,,,,,,,,,,,,,,,
14401,1754692307.094932,112.33195614814758,1754692307.1820571,64.0,0.0,-4.690590738758601,7.945753272627826,-4.564256044985541,3.036762502939837,-0.9609493949405988,-0.5008454179424007,1.2278950565528248,2.0985798953183803,-1.1474104415592592,-2.810212268580472,-4.5328947831949336,1.3196087391984292,0.7733338319530958,2.9088924787038195,3346.0,2.0,4.0,4.0,4.0,4.0,4.0,4.0,4.0,4.0,4.0,4.0,4.0,4.0,4.0,4.0,100.0,0.631860613822937,0.4078369140625,-0.54412841796875,0.3719482421875,0.9946441054344176,0.0981460288166999,0.0454108491539955,-46.80552291870117,-96.1531982421875,6.131074905395508,,,,,,,,,,,,,,,,,,,,,,,,,,,,,
14402,1754692307.102735,112.33975911140442,1754692307.18986,65.0,0.0,-2.469624995161496,11.319639175627517,-5.85169443875958,4.43271064821846,0.4345059956974069,2.2816519602058065,3.643207047651856,-1.5429961969924193,0.4364241628592822,-1.183175043696167,-1.5154996067729485,1.7688641581377738,-3.088123882273578,-0.6797754294387346,3506.0,2.0,4.0,4.0,4.0,4.0,4.0,4.0,4.0,4.0,4.0,4.0,4.0,4.0,4.0,4.0,100.0,,,,,,,,,,,,,,,,,,,,,,,,,,,,,,,,,,,,,,,
14403,1754692307.110538,112.34756207466124,1754692307.197663,66.0,0.0,-3.2417070841641475,10.122024560087254,-6.928537987729044,1.4299889424225398,-0.4901034561283381,2.231358415380498,1.803878463912668,-1.2867763406732706,-5.082417216415081,-3.2120517516339646,1.94779757350733,2.191147315069145,-0.3005367973017314,0.1078033658947674,3509.0,2.0,4.0,4.0,4.0,4.0,4.0,4.0,4.0,4.0,4.0,4.0,4.0,4.0,4.0,4.0,100.0,,,,,,,,,,,,,,,,,,,,,,,,,,,,,,,,,,,,,,,
14404,1754692307.118341,112.35536503791808,1754692307.205467,67.0,0.0,-5.766088645770083,11.874046090313756,-6.285922364664998,5.086730674893829,-0.2340617368575976,0.5376803488685482,-3.307726508682549,0.8928660707048266,-6.396943573637486,-4.608896018802511,1.191464833788018,2.334257562114203,3.599011513788924,3.194415448867062,3607.0,2.0,4.0,4.0,4.0,4.0,4.0,4.0,4.0,4.0,4.0,4.0,4.0,4.0,4.0,4.0,100.0,,,,,,,,,,,,,,,,,,,,,,,,,,,,,,,,,,,,,,,
14405,1754692307.126144,112.36316800117493,1754692307.21317,68.0,0.0,-2.368585517508137,11.40908146160561,-5.2244108601367145,5.69921245751172,0.1136320945533668,-0.7452740852727686,-4.284717051249601,0.8235825373267005,0.3890103645676106,-1.2548250123086575,-2.025598602380825,2.0944704385901503,0.6050022649244227,3.281046257747647,3622.0,2.0,4.0,4.0,4.0,4.0,4.0,4.0,4.0,4.0,4.0,4.0,4.0,4.0,4.0,4.0,100.0,0.6313527226448059,0.40771484375,-0.54443359375,0.37249755859375,1.006363034248352,0.0888685435056686,0.0400396734476089,-47.10459899902344,-98.09719848632812,6.729228496551514,,,,,,,,,,,,,,,,,,,,,,,,,,,,,
14406,1754692307.133947,112.37097096443176,1754692307.220873,69.0,0.0,-0.1261664839511809,6.2089688770252565,-3.370904286812163,-0.7908974357860075,-0.0264875245101734,0.0692880401075513,-0.8324624287924394,-0.0970531081997592,0.7888821036563627,1.0148968374756464,-3.0720002686684325,5.021531300339177,-3.252838530518318,3.854520075764015,3510.0,2.0,4.0,4.0,4.0,4.0,4.0,4.0,4.0,4.0,4.0,4.0,4.0,4.0,4.0,4.0,100.0,,,,,,,,,,,,,,,,,,,,,,,,,,,,,,,,,,,,,,,
14407,1754692307.14175,112.37877416610718,1754692307.228676,70.0,0.0,-3.6763159105458953,2.108357765753567,-2.1848952191895705,-2.6163332845518426,-1.2037374111306465,-0.6371341501104553,1.2814496414347332,2.5214049019922413,-2.3459987050033533,3.227547506049973,-0.2558808726577126,6.310078859519194,-1.6295646560921568,3.5497248277077915,3483.0,2.0,4.0,4.0,4.0,4.0,4.0,4.0,4.0,4.0,4.0,4.0,4.0,4.0,4.0,4.0,100.0,,,,,,,,,,,,,,,,,,,,,,,,,,,,,,,,,,,,,,,
14408,1754692307.149553,112.386577129364,1754692307.23648,71.0,0.0,-4.30636986554282,3.209081071491255,-1.2396027070672062,-0.1996919611042358,-3.5737426997916373,-2.535793333194306,1.3342903202915295,6.148134407495036,-1.335451965547236,5.566116394315031,1.2471867633530564,2.2205923741071274,-1.1892704160118228,-0.8380524080212126,3519.0,2.0,4.0,4.0,4.0,4.0,4.0,4.0,4.0,4.0,4.0,4.0,4.0,4.0,4.0,4.0,100.0,,,,,,,,,,,,,,,,,,,,,,,,,,,,,,,,,,,,,,,
14409,1754692307.157356,112.39438009262084,1754692307.244183,72.0,0.0,-0.5591960313017523,6.17278768661393,4.322230822449484,-2.3251734810769165,-5.20477822802647,-2.885171312203028,-0.4201136999685957,2.2232062851185503,1.4973806445282491,2.764964190355414,-0.3473046765475089,0.0225090072931664,-0.0913080480451924,-3.394034674200583,3585.0,2.0,4.0,4.0,4.0,4.0,4.0,4.0,4.0,4.0,4.0,4.0,4.0,4.0,4.0,4.0,100.0,0.6308864951133728,0.407470703125,-0.54473876953125,0.37310791015625,1.006851315498352,0.0761730372905731,0.0346684977412223,-46.65598678588867,-98.84489440917967,6.280613422393799,,,,,,,,,,,,,,,,,,,,,,,,,,,,,
14410,1754692307.165159,112.40218305587769,1754692307.251886,73.0,0.0,2.278423661538625,5.254794178181953,7.3597907089485375,-3.8403959070940914,-4.683057435452895,0.6800724391079598,-0.3585947322465586,-0.2071550314624914,1.555444521645029,0.2080241079058282,-1.087682155426876,-0.1920157017150927,-1.433531050829572,-0.5980934478077984,3613.0,2.0,4.0,4.0,4.0,4.0,4.0,4.0,4.0,4.0,4.0,4.0,4.0,4.0,4.0,4.0,100.0,,,,,,,,,,,,,,,,,,,,,,,,,,,,,,,,,,,,,,,
14411,1754692307.172962,112.40998601913452,1754692307.259689,74.0,0.0,1.0848271781887604,-0.3692543347874846,2.4495858817085434,-3.4560103046970028,-4.464502030782597,1.6822547249216484,-0.965772259047327,2.0829566762863294,-0.8712760074299979,-0.0993181896551789,0.1429790287715775,-1.8575891184136992,-0.6044401409619979,3.4230530541535416,3588.0,2.0,4.0,4.0,4.0,4.0,4.0,4.0,4.0,4.0,4.0,4.0,4.0,4.0,4.0,4.0,100.0,,,,,,,,,,,,,,,,,,,,,,,,,,,,,,,,,,,,,,,
14412,1754692307.180765,112.41778898239136,1754692307.267493,75.0,0.0,-1.5834473272598188,-0.8623490495124315,2.6644559771575587,-1.677585813409678,-5.484396954611839,-3.639218036429156,-6.182522613689798,-1.0558213566259838,0.7722266293053508,2.1241865188135307,4.246022199131858,-0.3816655784685281,9.260608515629656,5.380521996579319,3573.0,2.0,4.0,4.0,4.0,4.0,4.0,4.0,4.0,4.0,4.0,4.0,4.0,4.0,4.0,4.0,100.0,,,,,,,,,,,,,,,,,,,,,,,,,,,,,,,,,,,,,,,
14413,1754692307.188568,112.42559218406676,1754692307.275196,76.0,0.0,-3.4804740124592968,2.407166367748061,6.408173414058012,-0.522857303052831,-6.831140217182281,-8.997945249279098,-11.78576238086697,-7.6960516524638365,2.862475305383043,4.6448448562208,4.531212761404106,-0.352532914999017,7.9135141328336545,1.3861500131582147,3537.0,2.0,4.0,4.0,4.0,4.0,4.0,4.0,4.0,4.0,4.0,4.0,4.0,4.0,4.0,4.0,100.0,0.630639374256134,0.40716552734375,-0.5450439453125,0.3734130859375,0.9995269775390624,0.0864271000027656,0.027832455933094,-47.2541389465332,-99.29351043701172,5.084306240081787,,,,,,,,,,,,,,,,,,,,,,,,,,,,,
14414,1754692307.196371,112.4333951473236,1754692307.2828991,77.0,0.0,-1.0238182410950287,3.965526027627533,6.78841002430076,0.0252828019682453,-4.53764613448962,-6.739333815605875,-9.121008396469875,-5.087764261210992,2.100171421220552,2.421072444583245,2.538689210583783,-0.1273535678593873,-1.332335863407394,2.474627139079388,3334.0,2.0,4.0,4.0,4.0,4.0,4.0,4.0,4.0,4.0,4.0,4.0,4.0,4.0,4.0,4.0,100.0,,,,,,,,,,,,,,,,,,,,,,,,,,,,,,,,,,,,,,,
14415,1754692307.204174,112.44119811058044,1754692307.290702,78.0,0.0,0.6316176070552615,1.0009946675448305,5.555328374977137,-0.1190782360369553,-1.04685291474442,0.5083337225399305,-0.8425128322775777,-1.3220842486986726,-0.4383607791557438,-0.1981599608408828,2.5854609582827948,-0.5428341888288628,-2.1967226489120435,5.986129249431372,3588.0,2.0,4.0,4.0,4.0,4.0,4.0,4.0,4.0,4.0,4.0,4.0,4.0,4.0,4.0,4.0,100.0,,,,,,,,,,,,,,,,,,,,,,,,,,,,,,,,,,,,,,,
14416,1754692307.211977,112.44900107383728,1754692307.298506,79.0,0.0,-1.950031708515553,-3.956055685363253,3.2246294546705485,0.4970868826842434,2.889931301269144,1.9095256859939127,0.4202112380055496,-4.4830433744562015,0.1684335754741823,-0.9077225604858086,1.2989794741081369,-5.51447119306863,2.5047938747879925,-1.4364825872646634,3573.0,2.0,4.0,4.0,4.0,4.0,4.0,4.0,4.0,4.0,4.0,4.0,4.0,4.0,4.0,4.0,100.0,,,,,,,,,,,,,,,,,,,,,,,,,,,,,,,,,,,,,,,
14417,1754692307.21978,112.45680403709412,1754692307.306209,80.0,0.0,-2.6435108227613,-3.6560656392946393,2.260344343006409,0.1990546213121433,3.173390475533097,2.097883962449714,-0.4884071893754935,-0.3103623547947336,4.8175842418997945,-2.163824073175647,1.0488215133389076,-6.615772122791668,2.270494421605008,-2.93307773931815,3537.0,2.0,4.0,4.0,4.0,4.0,4.0,4.0,4.0,4.0,4.0,4.0,4.0,4.0,4.0,4.0,100.0,0.3982692956924438,0.62030029296875,-0.279052734375,0.61541748046875,1.005874752998352,0.0751964598894119,0.0366216525435447,-44.86152267456055,-97.4990463256836,6.43015193939209,,,,,,,,,,,,,,,,,,,,,,,,,,,,,
14418,1754692307.227583,112.46460700035097,1754692307.3139122,81.0,0.0,-1.9082044435934904,-3.213743301890532,2.716967779598349,-4.704467578453546,-2.3892681906735334,2.683325236812948,-0.4118622671320509,3.526453686971422,7.542663794127407,-0.7761811873054967,0.7897917046203702,-2.3741899449649964,-0.7196468780356327,4.888984058275241,3334.0,2.0,4.0,4.0,4.0,4.0,4.0,4.0,4.0,4.0,4.0,4.0,4.0,4.0,4.0,4.0,100.0,,,,,,,,,,,,,,,,,,,,,,,,,,,,,,,,,,,,,,,
14419,1754692307.235386,112.4724099636078,1754692307.321715,82.0,0.0,-1.4269687945289888,-3.248259800178971,4.677403115718676,-4.841479243578874,-4.906748532776078,2.996602079696345,0.3058028120966582,1.016302833351233,10.18560076401434,1.9563791605127108,-1.287067739924737,-0.6447114075209583,-1.300641585415292,1.380904721429374,3588.0,2.0,4.0,4.0,4.0,4.0,4.0,4.0,4.0,4.0,4.0,4.0,4.0,4.0,4.0,4.0,100.0,,,,,,,,,,,,,,,,,,,,,,,,,,,,,,,,,,,,,,,
14420,1754692307.243189,112.4802131652832,1754692307.329519,83.0,0.0,-2.8043217417551887,-2.00524638210834,3.9073048891610815,-0.0022009354387364,-1.6218532455249033,3.299472212802016,3.093957750341474,3.187843477935189,11.455132317000905,0.4604426051924974,-1.5765558090250806,-1.536387461372101,-2.6509647890758288,-8.843897495566921,3573.0,2.0,4.0,4.0,4.0,4.0,4.0,4.0,4.0,4.0,4.0,4.0,4.0,4.0,4.0,4.0,100.0,,,,,,,,,,,,,,,,,,,,,,,,,,,,,,,,,,,,,,,
14421,1754692307.250992,112.48801612854004,1754692307.337222,84.0,0.0,-3.955566206929575,-2.89068392972456,0.0453906735375539,1.9214780143166763,-1.967930658659384,2.302556288859364,3.118127523683256,5.589610580942576,6.143177584521368,1.993476874602152,0.1903792517160809,-1.9154003229785983,-2.5699501213938447,-5.317788234701652,3537.0,2.0,4.0,4.0,4.0,4.0,4.0,4.0,4.0,4.0,4.0,4.0,4.0,4.0,4.0,4.0,100.0,0.3978591859340668,0.62017822265625,-0.27923583984375,0.61572265625,0.9961089491844176,0.0820325016975402,0.0468757152557373,-47.702754974365234,-97.4990463256836,6.131074905395508,,,,,,,,,,,,,,,,,,,,,,,,,,,,,
14422,1754692307.258795,112.49581909179688,1754692307.3449252,85.0,0.0,-1.5946784343793183,-3.861929499619407,2.626483432921134,1.3698691275051829,-1.2797038639761809,-0.056694440731178,1.471784260533525,1.379503061207572,-3.190738064690948,0.5874123014758084,-0.2415450020163803,-1.4628174540909529,-0.2960237293738714,1.859387938451448,3334.0,2.0,4.0,4.0,4.0,4.0,4.0,4.0,4.0,4.0,4.0,4.0,4.0,4.0,4.0,4.0,100.0,,,,,,,,,,,,,,,,,,,,,,,,,,,,,,,,,,,,,,,
14423,1754692307.266598,112.50362205505373,1754692307.352728,86.0,0.0,4.865149210451023,-1.1102270974973862,10.88545034099809,0.1881853928872487,5.445662841036324,-1.660355402329401,3.815014935917248,0.5810374391681989,-9.710056267780033,-7.997595450230051,-4.279911214546132,0.5329004188153021,-3.573057025734556,1.226501338773346,3588.0,2.0,4.0,4.0,4.0,4.0,4.0,4.0,4.0,4.0,4.0,4.0,4.0,4.0,4.0,4.0,100.0,,,,,,,,,,,,,,,,,,,,,,,,,,,,,,,,,,,,,,,
14424,1754692307.274401,112.51142501831056,1754692307.360532,87.0,0.0,7.869882361302018,-0.6644014644468257,9.808243865480392,1.1930297103743328,6.378839612901913,1.0055354003232535,7.285545440337785,1.5666795934083098,-10.109741560314149,-6.542020380227029,-7.251469927926053,-1.2377923274127056,-11.639566359357048,-1.699870144921249,3573.0,2.0,4.0,4.0,4.0,4.0,4.0,4.0,4.0,4.0,4.0,4.0,4.0,4.0,4.0,4.0,100.0,,,,,,,,,,,,,,,,,,,,,,,,,,,,,,,,,,,,,,,
14425,1754692307.282204,112.51922798156738,1754692307.368235,88.0,0.0,3.1448940103131235,-2.2748636668617337,2.382209608637254,5.057974816101137,4.9516044589476,4.992270224735762,5.336357077890511,-2.9706121993714305,-4.677464092655214,-1.4555608102683664,-3.7185618350559935,-3.511500100015496,-2.579719421186041,-1.197951980210405,3537.0,2.0,4.0,4.0,4.0,4.0,4.0,4.0,4.0,4.0,4.0,4.0,4.0,4.0,4.0,4.0,100.0,0.3975352644920349,0.61993408203125,-0.279296875,0.61614990234375,0.992690920829773,0.0781261920928955,0.0375982299447059,-46.80552291870117,-97.19996643066406,5.831998348236084,,,,,,,,,,,,,,,,,,,,,,,,,,,,,
14426,1754692307.290007,112.5270311832428,1754692307.3759382,89.0,0.0,-2.203421740622048,-3.3466593253623387,0.9236910157311512,3.733193721950215,7.111180351617463,3.3453123364007524,0.9638678968254908,-4.25608538215954,-2.453048602406284,-6.434807247668573,3.001793005711648,-0.2315345862783715,12.450623697700962,-3.3498012133576367,3334.0,2.0,4.0,4.0,4.0,4.0,4.0,4.0,4.0,4.0,4.0,4.0,4.0,4.0,4.0,4.0,100.0,,,,,,,,,,,,,,,,,,,,,,,,,,,,,,,,,,,,,,,
14427,1754692307.29781,112.53483414649963,1754692307.3837411,90.0,0.0,-2.3039033194330045,-4.956911176516599,2.2697391562489315,1.706851975086181,3.291554556111521,0.6401551445166547,0.8429699508339468,-1.5702170560655873,-3.2319634411272204,-5.379397542963773,2.856513407511727,1.6463675899400982,3.852674737398672,-8.323148708321071,3588.0,2.0,4.0,4.0,4.0,4.0,4.0,4.0,4.0,4.0,4.0,4.0,4.0,4.0,4.0,4.0,100.0,,,,,,,,,,,,,,,,,,,,,,,,,,,,,,,,,,,,,,,
14428,1754692307.305613,112.54263710975648,1754692307.391545,91.0,0.0,1.4798825279615926,-4.609206735656869,-0.4408881293217632,6.2650314573532455,-2.563808472952303,1.6688419867467132,2.961207036082044,-0.8881001930964771,0.4347926316712005,1.4090362879158531,-1.0997566389248163,2.286383731170929,-8.14392378928477,-7.123353362216847,3573.0,2.0,4.0,4.0,4.0,4.0,4.0,4.0,4.0,4.0,4.0,4.0,4.0,4.0,4.0,4.0,100.0,,,,,,,,,,,,,,,,,,,,,,,,,,,,,,,,,,,,,,,
14429,1754692307.313416,112.5504400730133,1754692307.399248,92.0,0.0,3.49555747804618,-1.8272305075787472,-2.47158739427448,1.2406270358789016,1.3530875449224595,0.1709811523770668,2.217439160767867,1.332232040031272,2.48927189712424,-0.7117556239689975,-2.9992604247880763,0.0379898942456975,-3.9649774683147134,-1.595931535907653,3537.0,2.0,4.0,4.0,4.0,4.0,4.0,4.0,4.0,4.0,4.0,4.0,4.0,4.0,4.0,4.0,100.0,0.397492378950119,0.61993408203125,-0.27935791015625,0.61614990234375,0.9990386962890624,0.0747081711888313,0.0263675898313522,-45.75875473022461,-97.19996643066406,6.878767013549805,,,,,,,,,,,,,,,,,,,,,,,,,,,,,
14430,1754692307.321219,112.55824303627014,1754692307.4069512,93.0,0.0,3.5568364574153577,-2.3149156891242626,-2.0435756841481805,-8.02280419062319,7.691902838273364,-2.7615641191220845,1.390701444487405,4.002360558103902,-1.4123406772593796,1.648706584737539,-2.549031214092992,-4.539009541090508,3.4578271885416427,1.822628046858228,3334.0,2.0,4.0,4.0,4.0,4.0,4.0,4.0,4.0,4.0,4.0,4.0,4.0,4.0,4.0,4.0,100.0,,,,,,,,,,,,,,,,,,,,,,,,,,,,,,,,,,,,,,,
14431,1754692307.329022,112.56604599952698,1754692307.4147542,94.0,0.0,3.377955387630095,-0.8045259596043479,-1.022578971844382,-0.6303989280005453,5.629957636959148,-1.798622677031858,1.582461260287232,0.6883103668423018,-2.7340158486418886,2.798485281652461,-1.1845448823847846,-3.631654389620168,4.876044058633511,-1.4272081669479348,3588.0,2.0,4.0,4.0,4.0,4.0,4.0,4.0,4.0,4.0,4.0,4.0,4.0,4.0,4.0,4.0,100.0,,,,,,,,,,,,,,,,,,,,,,,,,,,,,,,,,,,,,,,
14432,1754692307.336825,112.5738489627838,1754692307.422558,95.0,0.0,3.453199455751758,11.213296066284158,2.653856236117292,8.598862152346385,3.8775109655824167,-0.4149698275234073,-0.8708402950207415,-3.28201321813566,-0.618750150108724,-6.756270229441896,-1.555319448569378,-0.1692037656568459,-2.4779722049899533,-3.1103785995580324,3573.0,2.0,4.0,4.0,4.0,4.0,4.0,4.0,4.0,4.0,4.0,4.0,4.0,4.0,4.0,4.0,100.0,,,,,,,,,,,,,,,,,,,,,,,,,,,,,,,,,,,,,,,
14433,1754692307.344628,112.58165216445924,1754692307.430161,96.0,0.0,1.796075756476455,20.6779432003986,2.847232976227531,3.9971702724537295,1.0125969151180811,-0.3580045702620396,-2.9227510483947867,-1.036439437023148,-1.191653275721876,-6.829986321683521,-1.358147541877372,-1.711660822937631,-9.154440678757569,3.384350199105427,3537.0,2.0,4.0,4.0,4.0,4.0,4.0,4.0,4.0,4.0,4.0,4.0,4.0,4.0,4.0,4.0,100.0,0.3976914882659912,0.61981201171875,-0.27947998046875,0.6160888671875,0.9956206679344176,0.0751964598894119,0.030273899435997,-46.20737075805664,-97.6485824584961,5.532921314239502,,,,,,,,,,,,,,,,,,,,,,,,,,,,,
14434,1754692307.352431,112.58945512771606,1754692307.437964,97.0,0.0,2.1355718376903496,15.31502895505946,-1.1082056645568628,-1.24320564378786,-8.908452425286214,0.2185926454794753,0.0294832829608822,1.4657643370242113,0.7534146096522818,0.5533663609821815,1.94600548853532,-4.057279019604266,-1.678133036730742,-0.6692099277543093,3334.0,2.0,4.0,4.0,4.0,4.0,4.0,4.0,4.0,4.0,4.0,4.0,4.0,4.0,4.0,4.0,100.0,,,,,,,,,,,,,,,,,,,,,,,,,,,,,,,,,,,,,,,
14435,1754692307.360234,112.5972580909729,1754692307.4457672,98.0,0.0,1.7572525636626324,10.3354210021796,-3.372044548493477,-0.7270422501458143,-13.9713245167693,-0.4212483501362385,0.4226243787672956,0.3051784165629669,2.564617272443911,-3.584635002129972,2.3589054927072084,-2.525835427037918,6.494275501385346,-1.169834824380132,3588.0,2.0,4.0,4.0,4.0,4.0,4.0,4.0,4.0,4.0,4.0,4.0,4.0,4.0,4.0,4.0,100.0,,,,,,,,,,,,,,,,,,,,,,,,,,,,,,,,,,,,,,,
14436,1754692307.368037,112.60506105422974,1754692307.4534712,99.0,0.0,-1.823833200279978,15.179758304306915,-3.0791560498703348,0.1300526688939953,-9.86147554372269,-0.8469616272084295,-4.649223882782053,0.4593625730979056,3.029614016187452,-5.96499229046799,2.194419546108975,-0.0634979269295854,4.199551606845944,23.626379698214578,3573.0,2.0,4.0,4.0,4.0,4.0,4.0,4.0,4.0,4.0,4.0,4.0,4.0,4.0,4.0,4.0,100.0,,,,,,,,,,,,,,,,,,,,,,,,,,,,,,,,,,,,,,,
14437,1754692307.37584,112.61286401748656,1754692307.461174,100.0,0.0,-2.276145630482148,15.744722837261492,-1.9590527212627933,-2.2977303976510086,-12.092209021357718,1.3668730496627577,-3.347788898783307,0.8376610912153808,5.854035521866393,-3.0317340808957454,2.977044682711352,2.6453566302510296,-1.2940067044445698,42.71649215831698,3537.0,2.0,4.0,4.0,4.0,4.0,4.0,4.0,4.0,4.0,4.0,4.0,4.0,4.0,4.0,4.0,100.0,0.3977772295475006,0.61981201171875,-0.27935791015625,0.6160888671875,0.9941558241844176,0.0766613259911537,0.0424811169505119,-46.506446838378906,-97.94766235351562,6.131074905395508,,,,,,,,,,,,,,,,,,,,,,,,,,,,,
14438,1754692307.383643,112.6206669807434,1754692307.468977,101.0,0.0,-1.2945011288808814,12.647400363101326,-2.277036262609897,-4.788628290629902,-16.804414318564056,0.9145130052373248,4.065646905308597,1.058750397934375,3.5944190515568266,-3.9940846661540377,-1.3890745984769524,3.3870142013932423,-6.99341232219416,37.80060072684802,3334.0,2.0,4.0,4.0,4.0,4.0,4.0,4.0,4.0,4.0,4.0,4.0,4.0,4.0,4.0,4.0,100.0,,,,,,,,,,,,,,,,,,,,,,,,,,,,,,,,,,,,,,,
14439,1754692307.391446,112.62847018241882,1754692307.4767802,102.0,0.0,-1.4895438406458084,15.769509696126818,-3.823018458708873,-2.145150233576885,-6.428953940620147,0.0864286440835826,6.205596179400175,5.941540794294099,-0.1468713226710747,-0.8557915197113175,-4.229149451210276,2.432405936936277,-6.953853562251595,15.505253549348993,3588.0,2.0,4.0,4.0,4.0,4.0,4.0,4.0,4.0,4.0,4.0,4.0,4.0,4.0,4.0,4.0,100.0,,,,,,,,,,,,,,,,,,,,,,,,,,,,,,,,,,,,,,,
14440,1754692307.399249,112.63627314567566,1754692307.484584,103.0,0.0,-2.966340681898828,13.47306183922342,-3.759835372056614,-2.391411576915516,-1.9423707391122207,0.8240991380178002,3.308407382153973,8.919767834936692,0.9892828781191838,-0.1316630427102154,-5.1139603007243295,0.6183230962017205,-1.2746671357547257,12.023124604796294,3573.0,2.0,4.0,4.0,4.0,4.0,4.0,4.0,4.0,4.0,4.0,4.0,4.0,4.0,4.0,4.0,100.0,,,,,,,,,,,,,,,,,,,,,,,,,,,,,,,,,,,,,,,
14441,1754692307.407052,112.6440761089325,1754692307.492187,104.0,0.0,-2.1693204072038554,8.626962428556538,0.3914714844009666,-6.061554379234991,-9.897930532228573,4.146260826026804,2.1179380638310192,5.259570882937254,1.331592508485386,-5.876992213116324,-6.138814827303946,-0.834714822785287,0.8937645603612907,9.347413274747936,3537.0,2.0,4.0,4.0,4.0,4.0,4.0,4.0,4.0,4.0,4.0,4.0,4.0,4.0,4.0,4.0,100.0,0.3977871537208557,0.61968994140625,-0.27947998046875,0.61614990234375,1.006851315498352,0.0913099870085716,0.0375982299447059,-47.702754974365234,-96.1531982421875,6.131074905395508,,,,,,,,,,,,,,,,,,,,,,,,,,,,,
14442,1754692307.414855,112.65187907218932,1754692307.49999,105.0,0.0,0.4235727217898102,9.323585000234855,0.8078180919029592,-3.1909982100263505,-5.796941755011517,5.826805731394074,2.2161119842918424,4.152479296032766,-0.5882176395874694,-1.534820016531171,-6.367393897992201,1.1023843398776307,-3.352031529337296,0.7641487282827484,3334.0,2.0,4.0,4.0,4.0,4.0,4.0,4.0,4.0,4.0,4.0,4.0,4.0,4.0,4.0,4.0,100.0,,,,,,,,,,,,,,,,,,,,,,,,,,,,,,,,,,,,,,,
14443,1754692307.422658,112.65968203544617,1754692307.5077932,106.0,0.0,-0.1866762171384266,1.8052229278551408,-2.0210018578872564,-0.0410909787050854,2.257967588504528,-0.3533534536931597,0.7350166648157597,3.6803412227723697,-2.1960846737515,3.790756238708639,-11.253776152986973,2.924880822595753,-10.112549019165442,-9.98543305675406,3588.0,2.0,4.0,4.0,4.0,4.0,4.0,4.0,4.0,4.0,4.0,4.0,4.0,4.0,4.0,4.0,100.0,,,,,,,,,,,,,,,,,,,,,,,,,,,,,,,,,,,,,,,
14444,1754692307.430461,112.667484998703,1754692307.515497,107.0,0.0,-0.0310692328977495,-5.445474191739464,2.1452032498253573,-1.019088906313442,3.374379905169775,-2.3002557854103145,1.89985690945727,3.307701321348617,-0.1152694273393137,4.259687042365243,-8.383561477239397,3.5371365199706304,-3.887078128670424,-14.149157497810537,3573.0,2.0,4.0,4.0,4.0,4.0,4.0,4.0,4.0,4.0,4.0,4.0,4.0,4.0,4.0,4.0,100.0,,,,,,,,,,,,,,,,,,,,,,,,,,,,,,,,,,,,,,,
14445,1754692307.438264,112.67528796195984,1754692307.5232,108.0,0.0,-1.7269585396277307,-7.082429198984983,2.747672529407509,-3.70938501681826,5.251005045123065,-1.01120792210736,-1.4017711796784624,1.5841387732923522,-0.2255777452644451,-0.0044489771069038,3.3595166396019067,0.0381530610850404,4.8783550868975,-11.83140143211972,3537.0,2.0,4.0,4.0,4.0,4.0,4.0,4.0,4.0,4.0,4.0,4.0,4.0,4.0,4.0,4.0,100.0,0.3978393375873565,0.61962890625,-0.279541015625,0.61614990234375,0.9839017391204834,0.0849622339010238,0.0327153429388999,-45.75875473022461,-98.54581451416016,4.635690689086914,,,,,,,,,,,,,,,,,,,,,,,,,,,,,
14446,1754692307.446067,112.68309116363524,1754692307.531003,109.0,0.0,-1.7042991612232754,-10.150745880766747,0.8003527604233796,-1.128558235268315,10.881571680143791,0.5143704367752662,-2.709924823152392,2.4055060739343617,2.498486268638885,-1.9472540118380264,7.66859007525602,-0.6529563839930006,1.7128385211896102,-12.833322279784966,3334.0,2.0,4.0,4.0,4.0,4.0,4.0,4.0,4.0,4.0,4.0,4.0,4.0,4.0,4.0,4.0,100.0,,,,,,,,,,,,,,,,,,,,,,,,,,,,,,,,,,,,,,,
14447,1754692307.45387,112.69089412689208,1754692307.538806,110.0,0.0,-2.573888543570888,-16.70904854351977,1.0143633151709537,0.5116342957293227,10.096708147230288,-1.152770918714964,-1.546372775830264,2.472575461976134,5.781394668614553,4.4459546267706855,0.1147908490096369,1.1596683162300678,-6.867858315965691,-18.73865399809449,3588.0,2.0,4.0,4.0,4.0,4.0,4.0,4.0,4.0,4.0,4.0,4.0,4.0,4.0,4.0,4.0,100.0,,,,,,,,,,,,,,,,,,,,,,,,,,,,,,,,,,,,,,,
14448,1754692307.461673,112.69869709014893,1754692307.54651,111.0,0.0,-2.1313026870167846,-18.54266574931552,3.160532684254406,-0.7854628264996677,7.108404607950263,-2.962040107227665,-2.663178818352378,0.8385528861570606,4.418795720293758,10.946092660483655,0.4400007258626033,4.102898142822426,-6.153856901507595,-18.935511838865462,3573.0,2.0,4.0,4.0,4.0,4.0,4.0,4.0,4.0,4.0,4.0,4.0,4.0,4.0,4.0,4.0,100.0,,,,,,,,,,,,,,,,,,,,,,,,,,,,,,,,,,,,,,,
14449,1754692307.469476,112.70650005340576,1754692307.554213,112.0,0.0,0.5882037217348284,-19.55617106429776,5.9746708240064095,0.4693553174052454,4.7492359306984895,-3.0009766072061552,-3.997858635024784,-2.067781336559108,-0.3380527602234338,7.079526553159269,3.5978743691749173,6.822802635609662,-5.069107378155593,-15.79930471319352,3537.0,2.0,4.0,4.0,4.0,4.0,4.0,4.0,4.0,4.0,4.0,4.0,4.0,4.0,4.0,4.0,100.0,0.3980711996555328,0.61962890625,-0.27947998046875,0.61602783203125,0.9990386962890624,0.0800793468952179,0.0488288700580596,-46.05783081054688,-96.75135803222656,7.177844047546387,,,,,,,,,,,,,,,,,,,,,,,,,,,,,
14450,1754692307.477279,112.7143030166626,1754692307.562016,113.0,0.0,3.506030883513517,-21.55321186057301,6.215340168683156,3.4349958628562263,5.523872010004993,-3.1695522092201145,-1.998395534158704,-2.1481945934830264,-2.820654032708376,3.33465058940908,-0.1388809662086032,7.8905628178680445,-3.753423350519256,-14.498813152531625,3334.0,2.0,4.0,4.0,4.0,4.0,4.0,4.0,4.0,4.0,4.0,4.0,4.0,4.0,4.0,4.0,100.0,,,,,,,,,,,,,,,,,,,,,,,,,,,,,,,,,,,,,,,
14451,1754692307.485082,112.72210597991943,1754692307.56972,114.0,0.0,3.9124067382488192,-19.34281442189399,3.0912626763872595,4.099326217265798,10.089438232773093,-2.718291174612432,-1.3470443554735994,-2.1736590254797648,-4.180181716612651,3.730517988355359,-0.3464116279744758,6.8415993683008764,-4.148781219451166,-16.299944707332315,3588.0,2.0,4.0,4.0,4.0,4.0,4.0,4.0,4.0,4.0,4.0,4.0,4.0,4.0,4.0,4.0,100.0,,,,,,,,,,,,,,,,,,,,,,,,,,,,,,,,,,,,,,,
14452,1754692307.492885,112.72990918159483,1754692307.577523,115.0,0.0,2.588345507120096,-13.494775995741463,3.22085235545984,3.714158637974208,12.507119522599451,1.158365830503783,-0.341224290100115,-5.107951430111541,-5.669520959058616,0.4369743482123454,5.492723742388364,5.568340203119362,-10.02939501292957,-11.575187787177754,3573.0,2.0,4.0,4.0,4.0,4.0,4.0,4.0,4.0,4.0,4.0,4.0,4.0,4.0,4.0,4.0,100.0,,,,,,,,,,,66.66666412353516,4.0,23.23259735107422,4.0,27.88979148864746,4.0,12.98109245300293,1.0,35.19735336303711,4.0,17.062942504882812,4.0,15.795832633972168,4.0,19.61329460144043,4.0,19.04558563232422,4.0,19.12185478210449,4.0,25.160564422607425,4.0,18.41116714477539,4.0,20.26333236694336,4.0,18.597644805908203,3.0,35.18708038330078
14453,1754692307.500688,112.73771214485168,1754692307.585226,116.0,0.0,0.1891472939706773,-13.823539769081776,2.3044568225110424,2.6808925972001134,8.122280395048733,4.836473790116202,0.7154466707089568,-5.182899150502067,-4.019950851968019,-0.3190525516546358,3.937146494064677,3.631959169733932,-9.916980743229828,-7.415381856986528,3537.0,2.0,4.0,4.0,4.0,4.0,4.0,4.0,4.0,4.0,4.0,4.0,4.0,4.0,4.0,4.0,100.0,0.3982600271701813,0.61962890625,-0.27947998046875,0.61590576171875,1.0151522159576416,0.0917982757091522,0.0468757152557373,-47.10459899902344,-96.60181427001952,4.486152648925781,,,,,,,,,,,,,,,,,,,,,,,,,,,,,
14454,1754692307.508491,112.74551510810852,1754692307.5931292,117.0,0.0,-1.393449918368589,-18.735178352709937,-1.947958634960088,3.18540127325943,4.962685625623834,2.839980356785162,1.4430242488453755,-0.4524949935528468,0.4422344395736388,3.5905225159169447,-4.712719726059078,0.8745613618332015,-1.8058968601558547,-12.964017313739788,3334.0,2.0,4.0,4.0,4.0,4.0,4.0,4.0,4.0,4.0,4.0,4.0,4.0,4.0,4.0,4.0,100.0,,,,,,,,,,,,,,,,,,,,,,,,,,,,,,,,,,,,,,,
14455,1754692307.516294,112.75331807136536,1754692307.600932,118.0,0.0,-1.816550747782799,-15.468770857962111,-3.3143421712564987,4.034169925080846,4.588633881991541,2.1459957125763367,0.4566128493394217,-1.0820873790738688,0.7004629911926941,2.361419738904374,-3.621906910184293,0.5484890061003398,3.258433335182076,-17.834808660625526,3588.0,2.0,4.0,4.0,4.0,4.0,4.0,4.0,4.0,4.0,4.0,4.0,4.0,4.0,4.0,4.0,100.0,,,,,,,,,,,,,,,,,,,,,,,,,,,,,,,,,,,,,,,
14456,1754692307.524097,112.7611210346222,1754692307.608736,119.0,0.0,-0.9716680395671348,-8.7865008275852,-2.994585804911708,1.4136302471903264,0.4173598617395555,5.117626480841977,-0.6796082457516377,-1.775064690128488,0.6832134357438235,-0.0721846788459288,7.0914404417382,0.984322109619484,2.4458482689659604,-13.847226629609736,3573.0,2.0,4.0,4.0,4.0,4.0,4.0,4.0,4.0,4.0,4.0,4.0,4.0,4.0,4.0,4.0,100.0,,,,,,,,,,,,,,,,,,,,,,,,,,,,,,,,,,,,,,,
14457,1754692307.5319,112.76892399787904,1754692307.616439,120.0,0.0,-0.6915169791502649,-8.106899042683153,-2.2591622073875897,0.6349779180870883,-3.4740383282844505,2.6161000421823246,-0.6969873794243995,2.6308738943100707,4.329215202922796,-1.1814539669919668,8.315623989780988,1.484481099667164,0.0935614730176439,-11.710855892247992,3537.0,2.0,4.0,4.0,4.0,4.0,4.0,4.0,4.0,4.0,4.0,4.0,4.0,4.0,4.0,4.0,100.0,0.6306269764900208,0.4071044921875,-0.54443359375,0.3743896484375,1.0156404972076416,0.0981460288166999,0.027832455933094,-47.702754974365234,-97.94766235351562,4.635690689086914,,,,,,,,,,,,,,,,,,,,,,,,,,,,,
14458,1754692307.539703,112.77672696113586,1754692307.624242,121.0,0.0,-1.0670729399551533,-3.176161653996872,0.0576753561533109,3.0726260901612363,-2.548252717110529,-2.1167145436996293,0.128464913084997,3.4768421239074883,7.387968914363398,4.433678180780305,0.891617067237064,-0.0181872641231279,-0.9484086788586978,-11.451564716379664,3334.0,2.0,4.0,4.0,4.0,4.0,4.0,4.0,4.0,4.0,4.0,4.0,4.0,4.0,4.0,4.0,100.0,,,,,,,,,,,,,,,,,,,,,,,,,,,,,,,,,,,,,,,
14459,1754692307.547506,112.78453016281128,1754692307.6319451,122.0,0.0,0.4639576580143227,3.4000538324798697,-1.809455551334424,1.0151950818112423,-1.5518342508671878,-1.3529174614700707,-0.2813155855797333,-1.3606709271589637,4.558541574524924,10.713221503274752,0.274020579793131,-2.2359687318389945,2.79356490545726,-8.143313890591827,3588.0,2.0,4.0,4.0,4.0,4.0,4.0,4.0,4.0,4.0,4.0,4.0,4.0,4.0,4.0,4.0,100.0,,,,,,,,,,,,,,,,,,,,,,,,,,,,,,,,,,,,,,,
14460,1754692307.555309,112.79233312606812,1754692307.639749,123.0,0.0,4.921552705856811,2.3086901701399256,-4.930006326596413,-1.3071056325170505,-0.3610081081833414,-1.497065538795141,-2.5585517671061098,-1.467936088172337,-1.1039620979904612,5.637194361348975,2.657312784925125,0.7710745105932801,7.630289779542409,-3.6050310065356825,3573.0,2.0,4.0,4.0,4.0,4.0,4.0,4.0,4.0,4.0,4.0,4.0,4.0,4.0,4.0,4.0,100.0,,,,,,,,,,,,,,,,,,,,,,,,,,,,,,,,,,,,,,,
14461,1754692307.563112,112.80013608932497,1754692307.647452,124.0,0.0,6.137117722741834,3.5765312901324364,-1.3819727871102143,2.073665849895235,1.3277466399939044,-4.3822423142675575,-5.717740260515882,3.8304862981052,-4.824709745194184,-3.910551726633173,-0.9657019362004462,1.956636200755213,-1.069499941346919,1.9696777006464004,3537.0,2.0,4.0,4.0,4.0,4.0,4.0,4.0,4.0,4.0,4.0,4.0,4.0,4.0,4.0,4.0,100.0,0.6310896873474121,0.40673828125,-0.5447998046875,0.37347412109375,0.9946441054344176,0.083497367799282,0.0249027237296104,-47.10459899902344,-97.6485824584961,5.532921314239502,,,,,,,,,,,,,,,,,,,,,,,,,,,,,
14462,1754692307.570915,112.8079390525818,1754692307.6551552,125.0,0.0,3.63368140787054,12.855981376824388,1.9868583841172267,6.446457938249409,0.3990367812049271,-2.184886648913448,-5.869230832422431,1.453714824740132,-2.474238635319012,-3.600408284513719,-2.478504475839941,-0.3356616378604258,-7.706904622344041,7.827224702849094,3334.0,2.0,4.0,4.0,4.0,4.0,4.0,4.0,4.0,4.0,4.0,4.0,4.0,4.0,4.0,4.0,100.0,,,,,,,,,,,,,,,,,,,,,,,,,,,,,,,,,,,,,,,
14463,1754692307.578718,112.81574201583862,1754692307.662958,126.0,0.0,1.4420658345720767,15.104373541632867,-0.3821173979449668,7.046098137504941,-1.0140443749810402,1.0165221898078016,-2.0043047669728367,-5.108999459723236,1.1726987179363275,-0.1546678973195412,-2.528204514056142,-1.4017913908733135,-0.6786656811973444,5.564625338183305,3588.0,2.0,4.0,4.0,4.0,4.0,4.0,4.0,4.0,4.0,4.0,4.0,4.0,4.0,4.0,4.0,100.0,,,,,,,,,,,,,,,,,,,,,,,,,,,,,,,,,,,,,,,
14464,1754692307.586521,112.82354497909546,1754692307.670762,127.0,0.0,-2.1715474031234976,11.39942697113196,-0.0606361371420121,4.941342647532053,0.1166979814824458,2.3676159959931624,1.5399690287321732,-2.3064710603194385,0.4089693934560614,-2.387888204566991,-7.456586066900456,-2.451497198302661,2.71725524649554,0.1054022009211053,52.0,2.0,4.0,4.0,4.0,4.0,4.0,4.0,4.0,4.0,4.0,4.0,4.0,4.0,4.0,4.0,100.0,,,,,,,,,,,,,,,,,,,,,,,,,,,,,,,,,,,,,,,
14465,1754692307.594324,112.83134818077087,1754692307.6784651,0.0,0.0,-3.444234265633156,11.677772053595447,5.240852780179296,0.6679344853835687,-2.177475736001896,1.42029385456118,4.077358794429358,4.385531347386234,-2.421314987666108,-3.245241057680857,-5.826040535489653,-1.7087531979643131,-1.7414109319349222,1.8833677191931315,3338.0,2.0,4.0,4.0,4.0,4.0,4.0,4.0,4.0,4.0,4.0,4.0,4.0,4.0,4.0,4.0,100.0,0.6314892768859863,0.40673828125,-0.544921875,0.37261962890625,0.9863432049751282,0.0717784389853477,0.0224612802267074,-46.80552291870117,-98.24673461914062,6.131074905395508,,,,,,,,,,,,,,,,,,,,,,,,,,,,,
14466,1754692307.602127,112.83915114402772,1754692307.6861682,1.0,0.0,-0.4324613367483039,10.52298173197022,6.776034159279959,-3.14261205930444,-7.169936545734629,-3.9219927685242624,3.687540506202538,1.620597530186103,-2.067621336839977,-2.071493616716282,-1.5919886410372897,2.285663492699939,-1.4302365977467275,6.096378520541464,3510.0,2.0,4.0,4.0,4.0,4.0,4.0,4.0,4.0,4.0,4.0,4.0,4.0,4.0,4.0,4.0,100.0,,,,,,,,,,,,,,,,,,,,,,,,,,,,,,,,,,,,,,,
14467,1754692307.60993,112.84695410728456,1754692307.6939712,2.0,0.0,-3.892472093224029,5.344358549871316,5.172665810323082,-3.035474621453801,-7.917228997598983,-4.443312876855458,-0.4306991380157399,1.2888905524806376,0.8017085523093499,1.3654597477785444,-4.528279524677515,3.2643170079641948,0.6382699921608435,4.0323856648575145,3492.0,2.0,4.0,4.0,4.0,4.0,4.0,4.0,4.0,4.0,4.0,4.0,4.0,4.0,4.0,4.0,100.0,,,,,,,,,,,,,,,,,,,,,,,,,,,,,,,,,,,,,,,
14468,1754692307.617733,112.85475707054138,1754692307.701775,3.0,0.0,-11.892039001970517,1.9267420721400583,3.364305581898151,0.5541754747416405,-6.5378850932268335,-0.0992670084645226,-2.578574467308755,4.264274895928992,1.6788309848913912,3.204092597865128,-2.685321453488797,-0.8982058198783136,-1.0194004067043636,0.4356991705828648,3613.0,2.0,4.0,4.0,4.0,4.0,4.0,4.0,4.0,4.0,4.0,4.0,4.0,4.0,4.0,4.0,100.0,,,,,,,,,,,,,,,,,,,,,,,,,,,,,,,,,,,,,,,
14469,1754692307.625536,112.86256003379822,1754692307.709578,4.0,0.0,-5.499007911548432,2.249667496126932,2.388782178035654,0.9217732819327296,-5.811957362704305,-3.3343832641619144,-2.8163264191450423,-4.056322613380615,-0.2324774255018553,-0.0329419545052758,5.728676229427748,1.0751688125021983,2.169519472752228,7.473967065287326,3617.0,2.0,4.0,4.0,4.0,4.0,4.0,4.0,4.0,4.0,4.0,4.0,4.0,4.0,4.0,4.0,100.0,0.6320434808731079,0.406982421875,-0.5445556640625,0.3719482421875,0.993667483329773,0.0917982757091522,0.0385748073458671,-46.05783081054688,-97.4990463256836,5.383382797241211,,,,,,,,,,,,,,,,,,,,,,,,,,,,,
14470,1754692307.633339,112.87036299705504,1754692307.717381,5.0,0.0,10.865722471593555,2.011382836631213,4.488004362692749,-3.762573460944538,-2.565663239844895,-7.763742909992203,-0.6642909263217973,-10.06695634102735,-4.495538647057316,-3.02267816104532,2.028306746721313,5.335666109194875,1.4875118421112743,15.07570706624037,3503.0,2.0,4.0,4.0,4.0,4.0,4.0,4.0,4.0,4.0,4.0,4.0,4.0,4.0,4.0,4.0,100.0,,,,,,,,,,,,,,,,,,,,,,,,,,,,,,,,,,,,,,,
14471,1754692307.641142,112.87816596031188,1754692307.725184,6.0,0.0,18.893412115861736,4.600654175975649,8.61597762075047,0.1175200280958392,2.7333734511802845,-6.0357598392852765,-0.5578366331110942,-6.573409423831038,-9.75375916308218,-5.735936698559328,-4.422178289907208,5.127343493569185,-1.8629395272433271,16.374322392579813,3489.0,2.0,4.0,4.0,4.0,4.0,4.0,4.0,4.0,4.0,4.0,4.0,4.0,4.0,4.0,4.0,100.0,,,,,,,,,,,,,,,,,,,,,,,,,,,,,,,,,,,,,,,
14472,1754692307.648945,112.8859691619873,1754692307.732888,7.0,0.0,15.592883501110832,7.700021632047452,6.76707735185019,5.264060485303986,-0.8533385056726672,-8.877375346065122,-9.757847661858335,-9.081595118696072,-12.546890304583115,-11.314514761679304,2.266079484854714,2.6106497169447778,1.9044419314801928,18.76247553223348,3514.0,2.0,4.0,4.0,4.0,4.0,4.0,4.0,4.0,4.0,4.0,4.0,4.0,4.0,4.0,4.0,100.0,,,,,,,,,,,,,,,,,,,,,,,,,,,,,,,,,,,,,,,
14473,1754692307.656748,112.89377212524414,1754692307.740791,8.0,0.0,12.743658480521477,4.888642526480538,3.3245438199392936,2.7865565908501537,-5.893392196695828,-7.166838545408524,-14.384524820341,-9.774531559368285,-7.272059991305383,-6.620306312612144,10.327030736512455,2.0570955535782502,6.62369856386826,23.89520088188246,3594.0,2.0,4.0,4.0,4.0,4.0,4.0,4.0,4.0,4.0,4.0,4.0,4.0,4.0,4.0,4.0,100.0,0.6328313946723938,0.40740966796875,-0.5439453125,0.37103271484375,0.9961089491844176,0.0839856564998626,0.0341802090406417,-47.85229110717773,-98.09719848632812,5.532921314239502,,,,,,,,,,,,,,,,,,,,,,,,,,,,,
14474,1754692307.664551,112.90157508850098,1754692307.748594,9.0,0.0,12.104420844067532,-2.495930780425681,1.7713022234547111,-2.38186491812354,-3.6137874864076025,-0.8426854025897796,-6.332974221634288,-3.693938097151261,-1.83051088030976,-0.0289598740592396,5.525016301425637,1.6844949786813572,4.124154653371932,25.54241199402844,3621.0,2.0,4.0,4.0,4.0,4.0,4.0,4.0,4.0,4.0,4.0,4.0,4.0,4.0,4.0,4.0,100.0,,,,,,,,,,,,,,,,,,,,,,,,,,,,,,,,,,,,,,,
14475,1754692307.672354,112.9093780517578,1754692307.756397,10.0,0.0,11.769545213835729,-7.304556733531854,2.558548838674824,-3.8050431709400527,-3.938338304490799,-3.1937187332421217,-1.4082465983240129,0.1421401013383274,0.905726913081935,-4.047047734103444,2.177793575967144,2.622799073443957,8.165404976080254,22.735300188550585,3608.0,2.0,4.0,4.0,4.0,4.0,4.0,4.0,4.0,4.0,4.0,4.0,4.0,4.0,4.0,4.0,100.0,,,,,,,,,,,,,,,,,,,,,,,,,,,,,,,,,,,,,,,
14476,1754692307.680157,112.91718101501463,1754692307.7641,11.0,0.0,9.60374955025702,-7.184069801002693,3.2571818975776523,-5.329190371445179,-9.932650724900554,-5.925796946024434,-7.912161633689607,0.5354639473695215,2.333174117649492,-6.371881128585187,8.777519254753884,2.723529228704251,21.87229584868021,18.388208036873152,3544.0,2.0,4.0,4.0,4.0,4.0,4.0,4.0,4.0,4.0,4.0,4.0,4.0,4.0,4.0,4.0,100.0,,,,,,,,,,,,,,,,,,,,,,,,,,,,,,,,,,,,,,,
14477,1754692307.68796,112.92498397827148,1754692307.7720032,12.0,0.0,6.690912048911855,-7.58557058071699,1.661114749817557,-12.184157278696944,-5.980709911860572,-3.858066422807383,-7.747262278920857,1.6662733293275096,-0.1804951696284433,-3.75137368579624,7.628939654986539,3.7523450620357153,18.49490138239173,15.152694528742018,3556.0,2.0,4.0,4.0,4.0,4.0,4.0,4.0,4.0,4.0,4.0,4.0,4.0,4.0,4.0,4.0,100.0,0.6334412097930908,0.40802001953125,-0.54315185546875,0.3704833984375,0.9882963299751282,0.0830090790987014,0.0415045395493507,-46.506446838378906,-96.45227813720705,6.131074905395508,,,,,,,,,,,,,,,,,,,,,,,,,,,,,
14478,1754692307.695763,112.9327871799469,1754692307.779807,13.0,0.0,3.458181463385245,-10.679406480329815,-0.6407102193643368,-17.43137450994027,2.5147269783260526,-3.4853016926922464,0.0633346742720277,0.4719375510562713,-2.5583178557394604,-3.343292469081007,0.0341398771452077,6.02331132520203,3.95048904565715,10.142088255308863,3320.0,2.0,4.0,4.0,4.0,4.0,4.0,4.0,4.0,4.0,4.0,4.0,4.0,4.0,4.0,4.0,100.0,,,,,,,,,,,,,,,,,,,,,,,,,,,,,,,,,,,,,,,
14479,1754692307.703566,112.94059014320374,1754692307.7877102,14.0,0.0,-0.9141238677113392,-11.294987671357546,-0.1971254679512526,-14.941960934110456,3.176731240919992,-1.472531333053837,0.4464972868343579,-3.576369502217119,-0.1527667090883255,1.8919177826040248,-1.421643176549594,2.381215064440596,3.341789071809501,1.819775484915965,3608.0,2.0,4.0,4.0,4.0,4.0,4.0,4.0,4.0,4.0,4.0,4.0,4.0,4.0,4.0,4.0,100.0,,,,,,,,,,,,,,,,,,,,,,,,,,,,,,,,,,,,,,,
14480,1754692307.711369,112.94839310646056,1754692307.7955132,15.0,0.0,-1.6970622201721994,-8.35401926637195,1.5118090733224676,-7.6612044642076285,5.166995926324773,5.491441702489567,0.1264906961280871,-1.945654656600425,1.9314382689033776,4.583885269149789,-2.0623846461127755,-2.448521784618322,4.979811825162244,-3.543191257346905,3544.0,2.0,4.0,4.0,4.0,4.0,4.0,4.0,4.0,4.0,4.0,4.0,4.0,4.0,4.0,4.0,100.0,,,,,,,,,,,,,,,,,,,,,,,,,,,,,,,,,,,,,,,
14481,1754692307.719172,112.9561960697174,1754692307.803416,16.0,0.0,-2.603334232478403,-3.720665276519696,-0.4435539694034673,-2.868937526285947,7.871655735536194,9.695709339694249,5.736063228100363,7.293421829933948,2.647854477391036,-2.6497216572541333,-2.430777259850231,0.1519689106268629,-1.604272784896068,-1.4539483694900923,0.0,2.0,4.0,4.0,4.0,4.0,4.0,4.0,4.0,4.0,4.0,4.0,4.0,4.0,4.0,4.0,100.0,0.6339709758758545,0.40869140625,-0.542236328125,0.37017822265625,0.9956206679344176,0.1059586480259895,0.0415045395493507,-47.40367889404297,-96.60181427001952,6.729228496551514,,,,,,,,,,,,,,,,,,,,,,,,,,,,,
14482,1754692307.726975,112.96399903297424,1754692307.811219,17.0,0.0,-7.971466733261707,-4.088626250574464,-3.0295974323028645,-3.5295582918459445,5.554653172107635,9.3788893086068,9.387315127840507,13.672586836296148,6.7058079850718855,-1.5618237886654356,-0.6543693994806858,0.3690747449429068,-3.8541869898274967,-5.739020983826151,0.0,2.0,4.0,4.0,4.0,4.0,4.0,4.0,4.0,4.0,4.0,4.0,4.0,4.0,4.0,4.0,100.0,,,,,,,,,,,,,,,,,,,,,,,,,,,,,,,,,,,,,,,
14483,1754692307.734778,112.97180199623108,1754692307.8190222,18.0,0.0,-11.263921160657532,-9.488768406547564,-2.64475532227479,-3.183805809355448,7.438304530131887,8.862307756867182,9.04096513466439,11.509335304272923,11.939340941917097,2.725370721089263,-5.427799706321451,-5.717314404613802,-2.052307765522841,-17.19733101564779,0.0,2.0,4.0,4.0,4.0,4.0,4.0,4.0,4.0,4.0,4.0,4.0,4.0,4.0,4.0,4.0,100.0,,,,,,,,,,,,,,,,,,,,,,,,,,,,,,,,,,,,,,,
14484,1754692307.742581,112.97960495948792,1754692307.826726,19.0,0.0,-10.66008989581772,-11.611818434918888,-2.286233074925832,-1.3818005339508377,9.84821538823141,10.488283756848404,10.390588871369772,9.217977408050928,9.115943895029858,2.1995739949220194,-7.882604901537917,-5.0085496846577655,-3.974307102930453,-21.372883779087744,0.0,2.0,4.0,4.0,4.0,4.0,4.0,4.0,4.0,4.0,4.0,4.0,4.0,4.0,4.0,4.0,100.0,,,,,,,,,,,,,,,,,,,,,,,,,,,,,,,,,,,,,,,
14485,1754692307.750384,112.98740816116332,1754692307.834429,20.0,0.0,-8.431679370109748,-5.92626626125292,-5.174255990698555,1.0314325553802632,5.064369080354766,9.889767756081085,8.021569289563843,6.674953916164952,1.1839086691873604,6.594554708235421,-2.3778385075694928,-0.3959042536368429,-10.151261752275955,-18.50769173241514,0.0,2.0,4.0,4.0,4.0,4.0,4.0,4.0,4.0,4.0,4.0,4.0,4.0,4.0,4.0,4.0,100.0,0.6343696713447571,0.4091796875,-0.54144287109375,0.3701171875,0.9990386962890624,0.1069352254271507,0.0395513847470283,-46.80552291870117,-96.1531982421875,6.878767013549805,,,,,,,,,,,,,,,,,,,,,,,,,,,,,
14486,1754692307.758187,112.99521112442017,1754692307.842232,21.0,0.0,-5.60056708257514,-0.1305444923303866,-6.762692477722226,7.23334617251578,4.792943149690586,4.44158257392985,3.345596021220558,4.993433734801897,-0.8327665687410217,5.666790570467242,-4.479424710343096,-1.5368188908513505,-16.580653510938077,-18.75942959742485,0.0,2.0,4.0,4.0,4.0,4.0,4.0,4.0,4.0,4.0,4.0,4.0,4.0,4.0,4.0,4.0,100.0,,,,,,,,,,,,,,,,,,,,,,,,,,,,,,,,,,,,,,,
14487,1754692307.76599,113.003014087677,1754692307.849936,22.0,0.0,-5.902299634009466,1.7225906197455174,-2.0994710798849496,13.12616915580071,9.14320854983049,3.819419623769648,5.56329778538344,4.974378016402682,4.42700218888973,-2.117448014620948,-8.15650503902765,-4.824171720292213,-13.85428956736331,-21.6997924420038,0.0,2.0,4.0,4.0,4.0,4.0,4.0,4.0,4.0,4.0,4.0,4.0,4.0,4.0,4.0,4.0,100.0,,,,,,,,,,,,,,,,,,,,,,,,,,,,,,,,,,,,,,,
14488,1754692307.773793,113.01081705093384,1754692307.857739,23.0,0.0,-7.852068736214932,5.218961213648782,0.428707338868918,10.826099091244288,5.070903622750194,9.242838290574838,6.663618875847789,-1.5307807869491796,4.659339505487225,-3.226995786740389,-4.659620278395977,-7.61334020323531,-5.960514828669574,-21.915751570999618,0.0,2.0,4.0,4.0,4.0,4.0,4.0,4.0,4.0,4.0,4.0,4.0,4.0,4.0,4.0,4.0,100.0,,,,,,,,,,,,,,,,,,,,,,,,,,,,,,,,,,,,,,,
14489,1754692307.781596,113.01862001419067,1754692307.865442,24.0,0.0,-4.840277091659175,10.637902468072696,0.3553120940204621,9.559551043721456,4.170039317899807,11.89177852057668,4.291182373940444,-4.6382938226616375,2.253724372753311,1.5630328655756216,-3.1547201098688333,-6.435881796034721,-7.115277059970197,-16.930958779074956,0.0,2.0,4.0,4.0,4.0,4.0,4.0,4.0,4.0,4.0,4.0,4.0,4.0,4.0,4.0,4.0,100.0,0.4049186706542969,0.61859130859375,-0.279052734375,0.61279296875,0.9848783016204834,0.1044937819242477,0.0395513847470283,-46.20737075805664,-96.60181427001952,4.785229206085205,,,,,,,,,,,,,,,,,,,,,,,,,,,,,
14490,1754692307.789399,113.02642297744752,1754692307.873245,25.0,0.0,-4.746688722022782,7.67018357123402,1.251941348219816,10.639505692724695,7.466978454526497,6.403750134300253,1.7280095702851668,-1.6408053125917377,0.8631290650416759,-2.044648861992073,-6.113373552552048,-1.81468722124032,-11.331084282724987,-12.149921826759735,0.0,2.0,4.0,4.0,4.0,4.0,4.0,4.0,4.0,4.0,4.0,4.0,4.0,4.0,4.0,4.0,100.0,,,,,,,,,,,,,,,,,,,,,,,,,,,,,,,,,,,,,,,
14491,1754692307.797202,113.03422617912292,1754692307.880949,26.0,0.0,-3.892594181468212,4.261519427431722,0.921335441938936,6.45824169452726,7.058522039792024,0.45015236303243,-0.6357715704721159,0.6757761194498926,1.3486313307412274,-1.4363232381965645,-5.97503235741442,2.568793734974406,-13.528044341265968,-9.994871142421744,0.0,2.0,4.0,4.0,4.0,4.0,4.0,4.0,4.0,4.0,4.0,4.0,4.0,4.0,4.0,4.0,100.0,,,,,,,,,,,,,,,,,,,,,,,,,,,,,,,,,,,,,,,
14492,1754692307.805005,113.04202914237976,1754692307.888752,27.0,0.0,-0.9346361035853192,9.53653941686042,-2.516533301517768,2.1657046181223336,5.015237973573392,3.343511040051624,-3.526823686131422,1.7979830514402124,1.4604364006651736,4.641995137904985,-5.814809312657701,-1.789642019044834,-14.760500214414208,-12.48686971906983,0.0,2.0,4.0,4.0,4.0,4.0,4.0,4.0,4.0,4.0,4.0,4.0,4.0,4.0,4.0,4.0,100.0,,,,,,,,,,,,,,,,,,,,,,,,,,,,,,,,,,,,,,,
14493,1754692307.812808,113.0498321056366,1754692307.896455,28.0,0.0,-4.495539100078645,12.187374994617926,-4.892397763129907,3.803047763412792,6.5438567722875405,9.088876577104998,0.2606272335650601,3.037620958643288,2.0872467444386302,4.498801720339429,-4.299407557190648,-6.594952187736567,-6.178593899456359,-16.245999470537413,0.0,2.0,4.0,4.0,4.0,4.0,4.0,4.0,4.0,4.0,4.0,4.0,4.0,4.0,4.0,4.0,100.0,0.4053853452205658,0.61822509765625,-0.279052734375,0.61285400390625,0.9990386962890624,0.1191424429416656,0.0371099412441253,-47.40367889404297,-95.8541259765625,5.532921314239502,,,,,,,,,,,,,,,,,,,,,,,,,,,,,
14494,1754692307.820611,113.05763506889345,1754692307.904258,29.0,0.0,-11.968207190873756,4.333163424682851,-7.7671725634454845,1.3856250086437,1.56513380222529,2.0261268160756742,1.8824340000573727,-0.7278302409963828,3.320525654839429,1.302109068189992,-1.2038803002820089,-3.566451624137727,-0.6371397137002361,-17.21540484062237,0.0,2.0,4.0,4.0,4.0,4.0,4.0,4.0,4.0,4.0,4.0,4.0,4.0,4.0,4.0,4.0,100.0,,,,,,,,,,,,,,,,,,,,,,,,,,,,,,,,,,,,,,,
14495,1754692307.828414,113.06543803215028,1754692307.911962,30.0,0.0,-6.112324075174911,6.25265659302886,-5.90392632643443,2.41794825303532,-4.2744093308638185,-1.7257813720016202,-1.426471114632477,0.5921221940106989,8.110411369809754,3.641892654208732,2.678387909112189,4.261521040396474,-1.903689192869024,-8.323269175411042,0.0,2.0,4.0,4.0,4.0,4.0,4.0,4.0,4.0,4.0,4.0,4.0,4.0,4.0,4.0,4.0,100.0,,,,,,,,,,,,,,,,,,,,,,,,,,,,,,,,,,,,,,,
14496,1754692307.836217,113.0732409954071,1754692307.919765,31.0,0.0,0.011687193149612,10.28533302634429,-3.1786004160480275,1.008190681286635,-10.310815061813573,0.2735696717446103,-3.7157969418075822,4.212741733341375,4.231502117855655,5.834279999738612,-0.3303761923402248,-0.1939584212668137,-8.508594111446143,-1.803254249867166,0.0,2.0,4.0,4.0,4.0,4.0,4.0,4.0,4.0,4.0,4.0,4.0,4.0,4.0,4.0,4.0,100.0,,,,,,,,,,,,,,,,,,,,,,,,,,,,,,,,,,,,,,,
14497,1754692307.84402,113.08104395866394,1754692307.927468,32.0,0.0,-1.28492001242563,10.85757360550491,-1.8045865308181988,-0.6250876218837789,-12.40711749098233,0.0117126619010718,1.809975520442947,5.881789742911167,2.2079424825118963,9.680938010968871,-0.1528725810781566,-1.6209122943683385,-5.889628614043488,-0.3458381551000116,0.0,2.0,4.0,4.0,4.0,4.0,4.0,4.0,4.0,4.0,4.0,4.0,4.0,4.0,4.0,4.0,100.0,0.4057706296443939,0.6175537109375,-0.2791748046875,0.61322021484375,0.9985504150390624,0.1074235141277313,0.0395513847470283,-47.85229110717773,-97.3495101928711,6.280613422393799,,,,,,,,,,,,,,,,,,,,,,,,,,,,,
14498,1754692307.851823,113.08884716033936,1754692307.935271,33.0,0.0,-4.155573871539048,14.602803473920346,-3.393357896323608,-1.4092057553737618,-12.27933600496118,-3.599389417141822,2.2866690012448885,0.5753339259142081,0.3821407573543069,8.93320535489255,1.5573298788678471,1.7082914184854303,3.0488887442390364,-1.707201330169312,0.0,2.0,4.0,4.0,4.0,4.0,4.0,4.0,4.0,4.0,4.0,4.0,4.0,4.0,4.0,4.0,100.0,,,,,,,,,,,,,,,,,,,,,,,,,,,,,,,,,,,,,,,
14499,1754692307.859626,113.0966501235962,1754692307.942975,34.0,0.0,0.9395447492584594,22.2667562834377,0.7677407424189937,0.05990238571718,-8.07257364925357,0.3502254044838651,-1.2181999709004572,-4.435764116508778,-2.1710635159587923,-1.989077109174048,1.0483648524764817,0.0524248671914051,8.213406005309992,1.0374389310046013,0.0,2.0,4.0,4.0,4.0,4.0,4.0,4.0,4.0,4.0,4.0,4.0,4.0,4.0,4.0,4.0,100.0,,,,,,,,,,,,,,,,,,,,,,,,,,,,,,,,,,,,,,,
14500,1754692307.867429,113.10445308685304,1754692307.950778,35.0,0.0,5.673070409264369,21.6155561738334,3.186475739675757,-1.3523945308633074,-5.849003765223529,0.4413681054312519,-3.493058671482572,-3.101902486485301,-1.2585611096363891,-14.1669120141363,-1.003596700641424,-2.083187937253456,5.624923642416093,5.171798919772868,0.0,2.0,4.0,4.0,4.0,4.0,4.0,4.0,4.0,4.0,4.0,4.0,4.0,4.0,4.0,4.0,100.0,,,,,,,,,,,,,,,,,,,,,,,,,,,,,,,,,,,,,,,
14501,1754692307.875232,113.11225605010986,1754692307.958481,36.0,0.0,3.4913721588599174,16.450742411917304,-0.5140348956648495,-4.228801707986463,-6.7362356264458185,-5.49998463797931,-2.3755598057033467,1.7964181093383331,1.0667353646421134,-9.095500129155084,-1.2301254776704127,1.993996254184708,4.105870244056064,5.812123369787855,0.0,2.0,4.0,4.0,4.0,4.0,4.0,4.0,4.0,4.0,4.0,4.0,4.0,4.0,4.0,4.0,100.0,0.405649721622467,0.61700439453125,-0.27935791015625,0.61376953125,1.010269284248352,0.1064469367265701,0.0551766231656074,-45.31013870239258,-97.94766235351562,6.43015193939209,,,,,,,,,,,,,,,,,,,,,,,,,,,,,
14502,1754692307.883035,113.1200590133667,1754692307.9663842,37.0,0.0,-0.2628513190985586,9.719429825762631,0.2841187184466207,-5.511846108604118,-7.242656337797712,-5.869811404044526,0.6941168357560628,2.26673350712133,1.0970025496329754,-1.737777329574442,-1.886923981388577,1.4756078637300334,0.3367066624958852,4.921051537020844,0.0,2.0,4.0,4.0,4.0,4.0,4.0,4.0,4.0,4.0,4.0,4.0,4.0,4.0,4.0,4.0,100.0,,,,,,,,,,,,,,,,,,,,,,,,,,,,,,,,,,,,,,,
14503,1754692307.890838,113.12786197662354,1754692307.9741871,38.0,0.0,-1.1829411518055508,3.650921933484881,4.01848336594918,-5.977047578849067,-5.269469851435986,0.0934524954864741,6.28719701502456,4.739428378128707,1.8009102600895517,-2.970974134846017,-1.8617950539750725,-3.548057714383446,-5.387864679209031,6.910323416626909,0.0,2.0,4.0,4.0,4.0,4.0,4.0,4.0,4.0,4.0,4.0,4.0,4.0,4.0,4.0,4.0,100.0,,,,,,,,,,,,,,,,,,,,,,,,,,,,,,,,,,,,,,,
14504,1754692307.898641,113.13566517829896,1754692307.981991,39.0,0.0,-6.4453953679002325,2.2500215918609,0.662725683593294,-3.5795565890401804,-0.0724442572972066,2.3104003664722086,9.449530634031476,6.413793092514538,-0.5694793631613493,-7.303304409525367,-1.6825644753934057,-4.5765320190893135,0.6808970429657393,4.606155442968998,0.0,2.0,4.0,4.0,4.0,4.0,4.0,4.0,4.0,4.0,4.0,4.0,4.0,4.0,4.0,4.0,100.0,,,,,,,,,,,,,,,,,,,,,,,,,,,,,,,,,,,,,,,
14505,1754692307.906444,113.1434681415558,1754692307.989694,40.0,0.0,-7.425513089866854,2.6154756957848804,-0.939032475293061,-1.745438805539834,4.976172910740843,-2.0871723369155006,7.256970973659463,5.774292010359204,-5.552575197229544,-9.870922807223453,-1.4369102653317896,-1.5132004029660493,5.986199668472864,0.1301056795205113,0.0,2.0,4.0,4.0,4.0,4.0,4.0,4.0,4.0,4.0,4.0,4.0,4.0,4.0,4.0,4.0,100.0,0.4051986038684845,0.6165771484375,-0.27947998046875,0.61444091796875,0.9941558241844176,0.0961928740143776,0.0502937361598014,-47.40367889404297,-97.6485824584961,5.23384428024292,,,,,,,,,,,,,,,,,,,,,,,,,,,,,
14506,1754692307.914247,113.15127110481262,1754692307.997497,41.0,0.0,-1.2652826813574052,0.8848507013948961,1.5064885872679383,-1.6989309060246,1.4555873300623148,-5.827965454161188,2.351267508265608,2.29491331514322,-2.4376326599659137,-8.454369661879866,-0.8626419023540279,1.9009441582147133,-1.9210152872038293,2.755613941813806,0.0,2.0,4.0,4.0,4.0,4.0,4.0,4.0,4.0,4.0,4.0,4.0,4.0,4.0,4.0,4.0,100.0,,,,,,,,,,,,,,,,,,,,,,,,,,,,,,,,,,,,,,,
14507,1754692307.92205,113.15907406806946,1754692308.0052,42.0,0.0,-0.6869661366300761,1.192421070488649,1.7247205580928266,-0.6561993850192493,0.2786143125302942,-4.16869493992192,-0.2000033388877682,-2.6966860883463823,0.6267119634065921,-1.336000254041778,0.7814217681533364,6.003055088756696,-3.6298935752560055,9.068443641868155,0.0,2.0,4.0,4.0,4.0,4.0,4.0,4.0,4.0,4.0,4.0,4.0,4.0,4.0,4.0,4.0,100.0,,,,,,,,,,,,,,,,,,,,,,,,,,,,,,,,,,,,,,,
14508,1754692307.929853,113.1668770313263,1754692308.013104,43.0,0.0,-5.673988643534983,-3.258079826022538,-0.3348299518322051,-2.4647078880495314,7.855724240425218,-3.6159836299709127,0.0678164132507959,-3.121459574670723,-7.210438648638672,4.028677152342254,1.7828141997804892,6.282997147555136,3.299769475201458,11.685800166094223,0.0,2.0,4.0,4.0,4.0,4.0,4.0,4.0,4.0,4.0,4.0,4.0,4.0,4.0,4.0,4.0,100.0,,,,,,,,,,,,,,,,,,,,,,,,,,,,,,,,,,,,,,,
14509,1754692307.937656,113.17467999458312,1754692308.0209072,44.0,0.0,-6.175622161359513,-13.10588196786142,-1.903809694847439,-3.540233093407494,9.106287705965826,-3.96260179833638,2.0558454920201825,1.2861760447968322,-10.215812156519805,-0.1409460389403989,2.045496156759384,4.1600729319553125,6.100131993957405,9.2456541417601,0.0,2.0,4.0,4.0,4.0,4.0,4.0,4.0,4.0,4.0,4.0,4.0,4.0,4.0,4.0,4.0,100.0,0.4045596718788147,0.6162109375,-0.27960205078125,0.61517333984375,1.007827877998352,0.0952162966132164,0.053223468363285,-45.908294677734375,-97.05043029785156,7.028305530548096,,,,,,,,,,,,,,,,,,,,,,,,,,,,,
14510,1754692307.945459,113.18248295783997,1754692308.02871,45.0,0.0,-2.6970832074382542,-17.10463148861777,-2.332876027957127,-0.092062644047246,3.0098759096310914,-1.1521915622017789,1.2295796530327152,0.6146747174122993,-4.128471893343203,-4.72984468248228,2.068159331171273,2.3617997400281183,4.860493021390084,2.7887869030016645,0.0,2.0,4.0,4.0,4.0,4.0,4.0,4.0,4.0,4.0,4.0,4.0,4.0,4.0,4.0,4.0,100.0,,,,,,,,,,,,,,,,,,,,,,,,,,,,,,,,,,,,,,,
14511,1754692307.953262,113.19028615951538,1754692308.036513,46.0,0.0,1.057775311739249,-14.715305957292742,0.6695373293184161,0.4677764886425279,1.6982302375596987,0.3502082946362748,-4.257126617352071,-5.5532834351086535,-2.82824223513336,-3.630745640359976,5.302341698366661,2.5428496966112,4.881665046117121,2.2154602135971686,0.0,2.0,4.0,4.0,4.0,4.0,4.0,4.0,4.0,4.0,4.0,4.0,4.0,4.0,4.0,4.0,100.0,,,,,,,,,,,,,,,,,,,,,,,,,,,,,,,,,,,,,,,
14512,1754692307.961065,113.19808912277222,1754692308.044316,47.0,0.0,1.4439798953494858,-14.648389873869718,1.581865946768204,-3.3977228384569287,3.572837338934306,-2.2322149366363817,-6.247858843715648,-6.207719487339062,-4.236224986369933,0.7015187841807631,8.219210022141425,4.276175957192692,2.5659607962304847,10.561905683691322,0.0,2.0,4.0,4.0,4.0,4.0,4.0,4.0,4.0,4.0,4.0,4.0,4.0,4.0,4.0,4.0,100.0,,,,,,,,,,,,,,,,,,,,,,,,,,,,,,,,,,,,,,,
14513,1754692307.968868,113.20589208602904,1754692308.05212,48.0,0.0,-3.1283949056442566,-16.604884325960995,-3.184574464954096,-2.1171784482558564,3.872767580399284,-4.384322724291508,-5.512093533212521,-1.5889910259807607,2.28150050409198,7.962256231093704,5.30316282696316,1.547719868333786,2.31715089200992,11.108896815399874,0.0,2.0,4.0,4.0,4.0,4.0,4.0,4.0,4.0,4.0,4.0,4.0,4.0,4.0,4.0,4.0,100.0,0.4039687812328338,0.615966796875,-0.27978515625,0.61572265625,1.008804440498352,0.0869153887033462,0.0625009536743164,-45.75875473022461,-96.75135803222656,6.43015193939209,,,,,,,,,,,,,,,,,,,,,,,,,,,,,
14514,1754692307.976671,113.21369504928587,1754692308.0599232,49.0,0.0,-2.428424743405884,-19.008415820948105,-3.367700506608543,1.5178339358620008,4.539002522880111,-5.371483204461327,-5.840298371421994,2.595892952374271,4.913997101180286,12.569863479688394,0.591545760514947,-4.849629580376785,2.041242779158466,3.899239402481527,0.0,2.0,4.0,4.0,4.0,4.0,4.0,4.0,4.0,4.0,4.0,4.0,4.0,4.0,4.0,4.0,100.0,,,,,,,,,,,,,,,,,,,,,,,,,,,,,,,,,,,,,,,
14515,1754692307.984474,113.22149801254272,1754692308.067726,50.0,0.0,5.033967336220655,-23.3867656004216,0.4009872966655052,0.2338520371505978,7.313087698065999,-6.948308729522807,-3.244382089963267,2.1303987360585666,-0.4110402112217457,8.106408319958234,-1.969568982427802,-5.421181596668077,-0.8594612310315028,3.719214444769648,0.0,2.0,4.0,4.0,4.0,4.0,4.0,4.0,4.0,4.0,4.0,4.0,4.0,4.0,4.0,4.0,100.0,,,,,,,,,,,,,,,,,,,,,,,,,,,,,,,,,,,,,,,
14516,1754692307.992277,113.22930097579956,1754692308.075429,51.0,0.0,7.090411829698525,-23.362958735163343,1.3176311502366218,-0.0983278723842602,12.4585569536994,-3.382900849377137,-0.9035904526308228,-3.898126950132309,0.3795219011895199,2.82772965048801,-0.9217426215950296,-4.172420050277623,0.7816790940730982,5.408538304604036,0.0,2.0,4.0,4.0,4.0,4.0,4.0,4.0,4.0,4.0,4.0,4.0,4.0,4.0,4.0,4.0,100.0,,,,,,,,,,,58.33333206176758,4.0,28.06407165527344,4.0,23.16220664978028,4.0,16.60944366455078,1.0,35.97200393676758,3.0,16.48839569091797,4.0,16.036500930786133,3.0,21.731061935424805,4.0,19.07398223876953,4.0,16.935245513916016,4.0,23.090791702270508,4.0,23.587739944458008,4.0,18.457582473754883,4.0,21.15805435180664,4.0,34.7523307800293
14517,1754692308.00008,113.23710417747498,1754692308.083332,52.0,0.0,3.760643041371736,-18.320261872436163,0.7400368154090984,2.793148092465458,11.086100520318835,1.260056707798526,-3.4364771480649097,-8.4760215808559,-0.2700587155167113,-0.8334053726792945,1.6733566822618968,-7.189983671977529,0.0731483089917901,0.7933427217996041,0.0,2.0,4.0,4.0,4.0,4.0,4.0,4.0,4.0,4.0,4.0,4.0,4.0,4.0,4.0,4.0,100.0,0.4031303524971008,0.61614990234375,-0.27978515625,0.6160888671875,1.0131990909576416,0.0971694514155387,0.055664911866188,-47.40367889404297,-97.6485824584961,6.280613422393799,,,,,,,,,,,,,,,,,,,,,,,,,,,,,
14518,1754692308.007883,113.2449071407318,1754692308.091136,53.0,0.0,5.663735707063438,-8.007094268884998,2.523412060415808,8.927098918628303,4.765486667955315,2.3680290225455565,-0.6483596851190896,-7.316615387468232,-3.674199976832938,-1.9524634206483145,4.075660212577873,-3.649923704394155,-2.483955280275609,-0.2323992051020695,0.0,2.0,4.0,4.0,4.0,4.0,4.0,4.0,4.0,4.0,4.0,4.0,4.0,4.0,4.0,4.0,100.0,,,,,,,,,,,,,,,,,,,,,,,,,,,,,,,,,,,,,,,
14519,1754692308.015686,113.25271010398863,1754692308.0989392,54.0,0.0,5.898244224603701,-5.379342639277269,3.7891767876857614,5.632632165937508,0.6365332830504542,0.8123122676533114,-0.7241065504600499,-4.496500522237142,-4.103925246408011,-0.0444278467199126,0.9487846893352128,-0.946470901463357,-1.4519004376591909,0.769275496263532,0.0,2.0,4.0,4.0,4.0,4.0,4.0,4.0,4.0,4.0,4.0,4.0,4.0,4.0,4.0,4.0,100.0,,,,,,,,,,,,,,,,,,,,,,,,,,,,,,,,,,,,,,,
14520,1754692308.023489,113.26051306724548,1754692308.106642,55.0,0.0,5.1155549018074,-8.384422190565374,3.918363412470853,0.1059318569284641,-0.3701139441720897,0.6771345162853777,-3.926565406379496,-3.546986571473326,0.973625433803818,4.345916096255905,-1.9303140814329247,-3.19801215069333,2.139962572993909,1.6017857962867763,0.0,2.0,4.0,4.0,4.0,4.0,4.0,4.0,4.0,4.0,4.0,4.0,4.0,4.0,4.0,4.0,100.0,,,,,,,,,,,,,,,,,,,,,,,,,,,,,,,,,,,,,,,
14521,1754692308.031292,113.26831603050232,1754692308.114545,56.0,0.0,4.296343217912153,-3.69350172082207,0.2717552220469486,1.230055973862335,-4.296310306001061,-1.0191593892355115,-1.7005279214218092,-3.5972893657463203,3.764731391412141,3.363408227712142,0.28879982820078,-3.619391731093884,2.5134504485742752,2.0129152037193023,0.0,2.0,4.0,4.0,4.0,4.0,4.0,4.0,4.0,4.0,4.0,4.0,4.0,4.0,4.0,4.0,100.0,0.4021448791027069,0.61676025390625,-0.27972412109375,0.61614990234375,1.006851315498352,0.0898451209068298,0.0546883344650268,-47.85229110717773,-98.39627838134766,4.486152648925781,,,,,,,,,,,,,,,,,,,,,,,,,,,,,
14522,1754692308.039095,113.27611899375916,1754692308.122348,57.0,0.0,0.9311558544370656,2.780625996728986,-3.746159521945401,0.9130402518587744,-3.6483003308310336,0.7384510108061022,0.6239525303637947,-1.3328645329645497,3.5924908613226307,-0.0084440909233762,3.264265268299596,-2.277052108250928,-0.3543192311024086,-1.5109717924754025,0.0,2.0,4.0,4.0,4.0,4.0,4.0,4.0,4.0,4.0,4.0,4.0,4.0,4.0,4.0,4.0,100.0,,,,,,,,,,,,,,,,,,,,,,,,,,,,,,,,,,,,,,,
14523,1754692308.046898,113.283921957016,1754692308.130152,58.0,0.0,-0.6065664593110114,1.014477769458722,-1.85593098560264,-1.4096425273932027,0.01594363564584,4.142769634729234,0.4738827230690958,-0.3371048077441401,6.040484015881361,2.7049406518773367,5.523526647426138,-3.762531624829876,-4.047070963247393,-7.3381000868929505,0.0,2.0,4.0,4.0,4.0,4.0,4.0,4.0,4.0,4.0,4.0,4.0,4.0,4.0,4.0,4.0,100.0,,,,,,,,,,,,,,,,,,,,,,,,,,,,,,,,,,,,,,,
14524,1754692308.054701,113.2917251586914,1754692308.137855,59.0,0.0,-0.9394999043984172,-0.2877039854565737,-0.0537270928371071,-1.2176802423959998,-2.4573916860085774,2.9738865539843573,-1.5390814920124285,1.506677589648007,8.671739395848817,9.16648707159493,6.052405757287033,-0.4428714265318376,-7.513543642859304,-7.377991421225943,0.0,2.0,4.0,4.0,4.0,4.0,4.0,4.0,4.0,4.0,4.0,4.0,4.0,4.0,4.0,4.0,100.0,,,,,,,,,,,,,,,,,,,,,,,,,,,,,,,,,,,,,,,
14525,1754692308.062504,113.29952812194824,1754692308.1457582,60.0,0.0,-4.397745629007545,6.061586689581986,-4.057560934792377,-2.2638887513329564,-4.222217914223506,2.830578002776406,-2.231850645480222,6.1594089671044685,4.557955720188261,12.210736745095003,0.083600278374547,3.3204505334662144,-5.932673919052718,-2.2392842031998725,0.0,2.0,4.0,4.0,4.0,4.0,4.0,4.0,4.0,4.0,4.0,4.0,4.0,4.0,4.0,4.0,100.0,0.6319565773010254,0.4088134765625,-0.54058837890625,0.3758544921875,1.0151522159576416,0.0947280079126358,0.0454108491539955,-48.0018310546875,-97.19996643066406,6.131074905395508,,,,,,,,,,,,,,,,,,,,,,,,,,,,,
14526,1754692308.070307,113.30733108520508,1754692308.153561,61.0,0.0,-6.450694294866366,7.609785888750707,-8.018068956674938,-1.977004964664843,-1.7904471822165533,4.202616054496616,0.9155405779757756,3.6291541500828544,0.0281843530971173,8.161581691574725,-2.838682688049971,0.8730386496264373,-5.776475455278728,1.1602171041491829,0.0,2.0,4.0,4.0,4.0,4.0,4.0,4.0,4.0,4.0,4.0,4.0,4.0,4.0,4.0,4.0,100.0,,,,,,,,,,,,,,,,,,,,,,,,,,,,,,,,,,,,,,,
14527,1754692308.07811,113.31513404846191,1754692308.161364,62.0,0.0,-3.718414393208775,6.966460857858522,-6.086208729888028,1.3092074175249877,-4.395240457497209,0.1206989800628548,1.291491164748834,-2.820215556788014,3.405306673791813,4.1361434363746525,6.595952161162416,2.324707046514334,-3.646675478012355,-1.984520247842454,0.0,2.0,4.0,4.0,4.0,4.0,4.0,4.0,4.0,4.0,4.0,4.0,4.0,4.0,4.0,4.0,100.0,,,,,,,,,,,,,,,,,,,,,,,,,,,,,,,,,,,,,,,
14528,1754692308.085913,113.32293701171876,1754692308.169068,63.0,0.0,-2.2130383254884407,10.922258158811047,-5.476896830239156,-0.2865136753020749,-11.802187267797734,-4.724360318404223,-4.153259349684475,-1.880918020911821,2.6326455833268767,8.2910352491904,11.5297612304594,6.7127668360494965,2.497797081520986,-3.309480129510547,0.0,2.0,4.0,4.0,4.0,4.0,4.0,4.0,4.0,4.0,4.0,4.0,4.0,4.0,4.0,4.0,100.0,,,,,,,,,,,,,,,,,,,,,,,,,,,,,,,,,,,,,,,
14529,1754692308.093716,113.3307399749756,1754692308.176971,64.0,0.0,-1.487991328683364,15.716219927351432,-6.8336012614038,-1.4423415837911475,-10.157687652878138,-1.4051005177450122,-4.439843031175059,-0.8092558177461058,-1.046512828848989,14.779571372534775,2.4539102916340028,5.91259623478598,1.4974588732830227,2.2398329118975937,3338.0,2.0,4.0,4.0,4.0,4.0,4.0,4.0,4.0,4.0,4.0,4.0,4.0,4.0,4.0,4.0,100.0,0.6317739486694336,0.40826416015625,-0.54180908203125,0.375,0.9946441054344176,0.0869153887033462,0.0434576943516731,-46.20737075805664,-98.09719848632812,8.075074195861816,,,,,,,,,,,,,,,,,,,,,,,,,,,,,
14530,1754692308.101519,113.338543176651,1754692308.1847742,65.0,0.0,0.0198859620943778,17.230844417618556,-5.942156828898277,2.4496772674185934,-4.933542436868009,-1.1735707272229945,1.6971488110423536,-6.782761495929861,1.0545561124370408,12.558587754879484,-3.921109339090634,3.3485070583003846,-2.8691795525237183,2.7425914658449813,3495.0,2.0,4.0,4.0,4.0,4.0,4.0,4.0,4.0,4.0,4.0,4.0,4.0,4.0,4.0,4.0,100.0,,,,,,,,,,,,,,,,,,,,,,,,,,,,,,,,,,,,,,,
14531,1754692308.109322,113.34634613990784,1754692308.1925771,66.0,0.0,0.6121017978134375,12.732044762299182,-3.605998577366364,2.3549837612940507,-9.281628688012034,-8.512528247072197,0.9861624285681216,-6.455057182400225,0.0360683246771884,5.652642554484345,0.3200480805271297,5.232960251501453,-1.158650639357603,0.455284823844039,3506.0,2.0,4.0,4.0,4.0,4.0,4.0,4.0,4.0,4.0,4.0,4.0,4.0,4.0,4.0,4.0,100.0,,,,,,,,,,,,,,,,,,,,,,,,,,,,,,,,,,,,,,,
14532,1754692308.117125,113.35414910316469,1754692308.2002802,67.0,0.0,0.5810591482163829,10.803762064867016,-2.0709107964212023,1.5066878380416997,-14.92212024645184,-10.446204028463823,-3.6392018799046753,-5.346291603457729,-4.916580468163346,5.067214363699378,1.9550598667301813,8.182302228467535,1.516671927801582,5.178554455605564,3596.0,2.0,4.0,4.0,4.0,4.0,4.0,4.0,4.0,4.0,4.0,4.0,4.0,4.0,4.0,4.0,100.0,,,,,,,,,,,,,,,,,,,,,,,,,,,,,,,,,,,,,,,
14533,1754692308.124928,113.36195206642152,1754692308.207984,68.0,0.0,-1.4541751470183897,12.965954252853322,-0.6715774669451946,3.2186338444784326,-13.028422637029138,-6.678599376700362,-6.637096332031973,-10.283989936901063,-3.3955122813364085,4.90570962803568,2.379502413902543,6.6021054851493375,1.6545153409153102,6.285471028208036,3629.0,2.0,4.0,4.0,4.0,4.0,4.0,4.0,4.0,4.0,4.0,4.0,4.0,4.0,4.0,4.0,100.0,0.6318625211715698,0.40777587890625,-0.54266357421875,0.3741455078125,0.9858548641204834,0.0805676355957984,0.0390630960464477,-47.40367889404297,-97.6485824584961,5.532921314239502,,,,,,,,,,,,,,,,,,,,,,,,,,,,,
14534,1754692308.132731,113.36975502967834,1754692308.2157872,69.0,0.0,-2.214472846021465,10.23915053596619,0.6441028982946477,3.85412723763892,-8.329917000567377,-5.184141302492037,-6.991768081887869,-7.269912023824702,0.070427522498619,-0.3010454223379497,6.718236471075841,3.6886345838840384,3.075641881099898,0.2208526850742487,3501.0,2.0,4.0,4.0,4.0,4.0,4.0,4.0,4.0,4.0,4.0,4.0,4.0,4.0,4.0,4.0,100.0,,,,,,,,,,,,,,,,,,,,,,,,,,,,,,,,,,,,,,,
14535,1754692308.140534,113.37755799293518,1754692308.22349,70.0,0.0,2.1514604613473125,2.363553043134914,-1.1187057488589858,3.0944067971565232,-5.26681308075905,-6.201070621945121,-3.793392109914123,0.3592839280228759,-2.79426306131046,-0.7956761306566591,4.255721640620948,0.9327791599077386,3.158526102564281,-1.0984316515867365,3503.0,2.0,4.0,4.0,4.0,4.0,4.0,4.0,4.0,4.0,4.0,4.0,4.0,4.0,4.0,4.0,100.0,,,,,,,,,,,,,,,,,,,,,,,,,,,,,,,,,,,,,,,
14536,1754692308.148337,113.38536095619202,1754692308.231293,71.0,0.0,4.814608233830597,-2.9947766323195424,-0.1962022915683405,-0.0280557792122522,-0.4455559086065364,-3.573548158912388,-0.3527688166633993,2.5621645372710304,-3.033381549824469,4.253987315757343,-1.7628089664200957,1.9040609720521504,-1.6808337468525565,3.386522381352563,3495.0,2.0,4.0,4.0,4.0,4.0,4.0,4.0,4.0,4.0,4.0,4.0,4.0,4.0,4.0,4.0,100.0,,,,,,,,,,,,,,,,,,,,,,,,,,,,,,,,,,,,,,,
14537,1754692308.15614,113.39316415786745,1754692308.238997,72.0,0.0,-0.4931920641979559,-6.196650053488611,3.232599349576958,-7.868504374497661,0.6275973609594985,-2.1432349701572093,-0.1089589489506579,3.6539933094177286,-0.0549915428086933,3.193450991837836,-2.034346595304214,0.7671565586283577,-1.0054009880714148,2.30213621974508,3612.0,2.0,4.0,4.0,4.0,4.0,4.0,4.0,4.0,4.0,4.0,4.0,4.0,4.0,4.0,4.0,100.0,0.6316990852355957,0.40771484375,-0.54315185546875,0.373779296875,0.9843900203704834,0.0742198824882507,0.0209964141249656,-48.15137100219727,-99.44304656982422,7.028305530548096,,,,,,,,,,,,,,,,,,,,,,,,,,,,,
14538,1754692308.163943,113.40096712112428,1754692308.2468002,73.0,0.0,-2.458557557737265,-4.29379878738672,4.102836764044525,-12.602204825088563,0.366641104934672,-0.4752905732750037,-0.821894794307525,4.548880418952024,0.963176010960808,-2.4192125967617244,1.4291501978894416,-1.9359316799088333,8.138631312536347,2.8933623304681646,3604.0,2.0,4.0,4.0,4.0,4.0,4.0,4.0,4.0,4.0,4.0,4.0,4.0,4.0,4.0,4.0,100.0,,,,,,,,,,,,,,,,,,,,,,,,,,,,,,,,,,,,,,,
14539,1754692308.171746,113.4087700843811,1754692308.254503,74.0,0.0,-0.5453879895042633,0.3376931020804363,0.085155173758892,-7.885915381795087,1.6303663061978,1.3681139203119417,-2.472854161708085,-1.5266214127430544,0.6784483126163536,-11.77247557718539,1.0755257953816797,-1.4729269019019853,8.611475485334665,3.1223767739549544,3610.0,2.0,4.0,4.0,4.0,4.0,4.0,4.0,4.0,4.0,4.0,4.0,4.0,4.0,4.0,4.0,100.0,,,,,,,,,,,,,,,,,,,,,,,,,,,,,,,,,,,,,,,
14540,1754692308.179549,113.41657304763794,1754692308.2623072,75.0,0.0,0.9862671522402592,-2.2264746174431025,0.1202206648492278,-0.1918102061065951,3.280589949990542,5.979249795100884,-1.5419498537569891,-1.0683843544023262,2.9425378304705987,-13.068335579329244,1.82220945569469,1.475278937781411,-2.3006403111172062,-1.6018317962996775,3548.0,2.0,4.0,4.0,4.0,4.0,4.0,4.0,4.0,4.0,4.0,4.0,4.0,4.0,4.0,4.0,100.0,,,,,,,,,,,,,,,,,,,,,,,,,,,,,,,,,,,,,,,
14541,1754692308.187352,113.42437601089478,1754692308.27001,76.0,0.0,-2.6680569659601474,-8.329781353046144,1.7628953913386454,-2.032121645024688,6.257188782409742,7.17552312053391,-0.4490067517780858,5.089176867783465,3.956030651085314,-0.9549760205249528,0.3826569951971237,0.0025783456667909,-8.990836468490613,-4.028328377287323,3566.0,2.0,4.0,4.0,4.0,4.0,4.0,4.0,4.0,4.0,4.0,4.0,4.0,4.0,4.0,4.0,100.0,0.6317024230957031,0.40771484375,-0.54327392578125,0.37359619140625,0.9990386962890624,0.083497367799282,0.0336919203400611,-46.80552291870117,-97.94766235351562,6.43015193939209,,,,,,,,,,,,,,,,,,,,,,,,,,,,,
14542,1754692308.195155,113.4321789741516,1754692308.277813,77.0,0.0,-6.098710238934928,-5.34400794402427,-0.3432544080155821,-5.4251280920066165,10.476092761315613,2.5690963590468527,0.8850675382768713,2.669794722907227,0.2319784091314432,2.9544104994997724,-4.112752579747848,-0.788899961955849,1.3617739088399503,0.1969907344241619,3320.0,2.0,4.0,4.0,4.0,4.0,4.0,4.0,4.0,4.0,4.0,4.0,4.0,4.0,4.0,4.0,100.0,,,,,,,,,,,,,,,,,,,,,,,,,,,,,,,,,,,,,,,
14543,1754692308.202958,113.43998217582704,1754692308.285516,78.0,0.0,-6.399896264839697,-3.183816514269836,-1.908448357338273,-3.023212680116046,10.160891568282352,4.01659838141137,2.836747931492539,-2.138893701032828,-4.435867089946839,-11.4206690528967,1.9725691008134727,1.4284558390396,13.99831009385622,4.236056987603263,3610.0,2.0,4.0,4.0,4.0,4.0,4.0,4.0,4.0,4.0,4.0,4.0,4.0,4.0,4.0,4.0,100.0,,,,,,,,,,,,,,,,,,,,,,,,,,,,,,,,,,,,,,,
14544,1754692308.210761,113.44778513908386,1754692308.2933202,79.0,0.0,-6.739854613974615,-11.621813768734969,-2.505502494478435,0.5181298750878227,7.114058422625192,10.35564693747591,5.501413919110007,-0.2360698906148286,-2.1359435213765323,-19.67701653102841,3.5210706815234403,-0.7021393200018906,3.2937920148557964,-1.7533373449953729,3548.0,2.0,4.0,4.0,4.0,4.0,4.0,4.0,4.0,4.0,4.0,4.0,4.0,4.0,4.0,4.0,100.0,,,,,,,,,,,,,,,,,,,,,,,,,,,,,,,,,,,,,,,
14545,1754692308.218564,113.4555881023407,1754692308.301023,80.0,0.0,-3.175860504419745,-13.746445515093058,0.0901733170434795,1.8932239595478109,13.894020283701993,14.534424531186175,13.109705894556951,6.822796240665355,8.201247555042698,-9.522803797664494,-4.491436631804447,-1.590697798252279,-10.375335210493231,-7.749446137822872,3566.0,2.0,4.0,4.0,4.0,4.0,4.0,4.0,4.0,4.0,4.0,4.0,4.0,4.0,4.0,4.0,100.0,0.631630003452301,0.407958984375,-0.5430908203125,0.37371826171875,1.0034332275390625,0.0898451209068298,0.0468757152557373,-47.85229110717773,-97.05043029785156,6.729228496551514,,,,,,,,,,,,,,,,,,,,,,,,,,,,,
14546,1754692308.226367,113.46339106559752,1754692308.308826,81.0,0.0,-0.358503606889144,-7.951700141805986,0.4557294197873034,-3.5389060197824165,12.414356285933309,6.762852783184144,8.103837127430552,4.658976960577775,6.938536177189008,-5.318673966074812,-8.269997681182986,-1.868580533164504,-2.125607029382764,-3.985961974330394,3320.0,2.0,4.0,4.0,4.0,4.0,4.0,4.0,4.0,4.0,4.0,4.0,4.0,4.0,4.0,4.0,100.0,,,,,,,,,,,,,,,,,,,,,,,,,,,,,,,,,,,,,,,
14547,1754692308.23417,113.47119402885436,1754692308.316529,82.0,0.0,-0.7532106522928075,-5.971594019317024,1.111443210441223,-4.9332312819103095,0.3347147927673291,-1.851055326102767,-2.713594061244009,2.171404580524097,2.1269458583868186,-6.174840993420446,3.189159185633173,-0.4266484024798842,13.750143734851292,3.632237893147078,3610.0,2.0,4.0,4.0,4.0,4.0,4.0,4.0,4.0,4.0,4.0,4.0,4.0,4.0,4.0,4.0,100.0,,,,,,,,,,,,,,,,,,,,,,,,,,,,,,,,,,,,,,,
14548,1754692308.241973,113.4789969921112,1754692308.3243332,83.0,0.0,-2.3947449441643016,-9.31946173923592,2.3369695352931217,0.1786511232508587,-2.800970188993631,-2.170738779765486,-2.5457004320418832,-0.6681868203822319,2.126612654220992,-1.3181855089559915,9.52091421998972,1.909622740503039,13.0356928190036,3.691015521844349,3548.0,2.0,4.0,4.0,4.0,4.0,4.0,4.0,4.0,4.0,4.0,4.0,4.0,4.0,4.0,4.0,100.0,,,,,,,,,,,,,,,,,,,,,,,,,,,,,,,,,,,,,,,
14549,1754692308.249776,113.48679995536804,1754692308.3321362,84.0,0.0,-1.2783198760775465,-9.291314289693162,1.736494540998649,0.1726596487129086,1.3309728813724746,-2.14355816102983,0.2700758731685369,-6.47967138486041,-3.500660028926575,-2.01768329906912,2.5700967462949507,1.9293583919239268,7.276976411583348,4.047524591811055,3566.0,2.0,4.0,4.0,4.0,4.0,4.0,4.0,4.0,4.0,4.0,4.0,4.0,4.0,4.0,4.0,100.0,0.6318301558494568,0.407958984375,-0.54315185546875,0.373291015625,1.0117342472076416,0.0825207903981208,0.0400396734476089,-45.908294677734375,-98.84489440917967,5.532921314239502,,,,,,,,,,,,,,,,,,,,,,,,,,,,,
14550,1754692308.257579,113.49460315704346,1754692308.339939,85.0,0.0,0.933635084507273,-5.558776220351888,3.366071780281686,-4.252689328208021,3.876229496588508,-1.5256098480177798,0.7341552471156092,-2.681986614227412,-7.490818618476283,-5.307561851271771,0.0830487894762654,3.343374889072379,10.555258557010688,8.763948463298561,3320.0,2.0,4.0,4.0,4.0,4.0,4.0,4.0,4.0,4.0,4.0,4.0,4.0,4.0,4.0,4.0,100.0,,,,,,,,,,,,,,,,,,,,,,,,,,,,,,,,,,,,,,,
14551,1754692308.265382,113.5024061203003,1754692308.347742,86.0,0.0,0.8251703805488262,-3.9072836145334975,6.311042426965088,-2.111951673409948,5.083503253895998,-3.488933004786503,0.7418419266157628,2.4458848285915167,-5.2094704697662735,-4.897616604265949,-2.0099700320012914,3.843252504100548,0.8773331817210703,2.720624392720566,3610.0,2.0,4.0,4.0,4.0,4.0,4.0,4.0,4.0,4.0,4.0,4.0,4.0,4.0,4.0,4.0,100.0,,,,,,,,,,,,,,,,,,,,,,,,,,,,,,,,,,,,,,,
14552,1754692308.273185,113.51020908355711,1754692308.355545,87.0,0.0,4.12869079991026,0.3685310792653808,6.685170090716497,4.9001075999332215,6.133432249895236,-4.776703518127192,-0.502417552915972,-0.112845062897918,-2.6395331555075927,-2.4363716209035147,-3.2465091422049,1.9762539546819653,-11.667795369344844,-0.7823084416326083,3548.0,2.0,4.0,4.0,4.0,4.0,4.0,4.0,4.0,4.0,4.0,4.0,4.0,4.0,4.0,4.0,100.0,,,,,,,,,,,,,,,,,,,,,,,,,,,,,,,,,,,,,,,
14553,1754692308.280988,113.51801204681396,1754692308.363349,88.0,0.0,9.498081131290917,3.6564433989939857,1.4045140946047354,6.802366037333002,0.9129938131165432,-1.2525168218797376,-2.9602010579836247,-2.531841895472837,-1.2726582635967247,-0.9624290311524532,-1.794011743052863,-2.4150739645527324,-0.6923354470334857,3.68066662557311,3566.0,2.0,4.0,4.0,4.0,4.0,4.0,4.0,4.0,4.0,4.0,4.0,4.0,4.0,4.0,4.0,100.0,0.6321735978126526,0.40777587890625,-0.54351806640625,0.37237548828125,1.009292721748352,0.1025406271219253,0.0239261463284492,-47.702754974365234,-97.4990463256836,5.831998348236084,,,,,,,,,,,,,,,,,,,,,,,,,,,,,
14554,1754692308.288791,113.5258150100708,1754692308.3711522,89.0,0.0,8.917531128386031,0.9226170026762476,-2.522763836147192,5.839170995809468,-1.0885323536141414,4.936949992635505,-0.8105906726869989,-0.5726806828098461,0.1493443873476962,-1.0143438374012703,-3.7968379862528536,-6.932336318550483,8.181902695491203,-3.4522880031832983,3320.0,2.0,4.0,4.0,4.0,4.0,4.0,4.0,4.0,4.0,4.0,4.0,4.0,4.0,4.0,4.0,100.0,,,,,,,,,,,,,,,,,,,,,,,,,,,,,,,,,,,,,,,
14555,1754692308.296594,113.53361797332764,1754692308.3789551,90.0,0.0,3.688297128278748,1.8080204366363544,-0.9581052349560082,6.906121483740492,4.598703802424382,6.744470401450883,2.9152101053498995,0.3027417332930895,-0.5738561687168726,-1.369260109784307,-8.659931769315051,-5.813047890100904,-9.502721395697506,-8.935752236298583,3610.0,2.0,4.0,4.0,4.0,4.0,4.0,4.0,4.0,4.0,4.0,4.0,4.0,4.0,4.0,4.0,100.0,,,,,,,,,,,,,,,,,,,,,,,,,,,,,,,,,,,,,,,
14556,1754692308.304397,113.54142117500304,1754692308.386858,91.0,0.0,1.3089959756429153,7.816104064826845,-0.182368863752913,4.556371673612716,1.778360578661136,2.519907888679313,4.109718438361028,0.4715008795841413,-0.3497131074428807,-2.781389095051168,-8.903369404393857,-4.215234668429389,-18.22489839067896,-2.7652942563205443,3548.0,2.0,4.0,4.0,4.0,4.0,4.0,4.0,4.0,4.0,4.0,4.0,4.0,4.0,4.0,4.0,100.0,,,,,,,,,,,,,,,,,,,,,,,,,,,,,,,,,,,,,,,
14557,1754692308.3122,113.54922413825987,1754692308.394761,92.0,0.0,2.196930984815083,5.894001799856198,-1.7123798813035478,-1.1283144213725222,-8.034611571702442,-2.8998944568238016,2.5839679266833286,1.827921681921964,4.4870042500720615,-0.04402586882901,0.9804419411080404,-4.627887601228792,-0.693494065143966,-1.4270803711960411,3566.0,2.0,4.0,4.0,4.0,4.0,4.0,4.0,4.0,4.0,4.0,4.0,4.0,4.0,4.0,4.0,100.0,0.6328995227813721,0.40771484375,-0.54376220703125,0.370849609375,0.9795071482658386,0.1010757610201835,0.0375982299447059,-47.702754974365234,-97.94766235351562,5.831998348236084,,,,,,,,,,,,,,,,,,,,,,,,,,,,,
14558,1754692308.320003,113.55702710151672,1754692308.402564,93.0,0.0,2.631054034686258,3.684539396058881,-0.0497728789227949,-1.3415433244222186,-11.435647228131984,-6.050797196674466,-3.626265909706035,-1.885679724749025,2.10825349647439,4.764792125743043,6.167409646714987,-2.983158336240649,3.9020478423474287,-2.1636926628848414,3320.0,2.0,4.0,4.0,4.0,4.0,4.0,4.0,4.0,4.0,4.0,4.0,4.0,4.0,4.0,4.0,100.0,,,,,,,,,,,,,,,,,,,,,,,,,,,,,,,,,,,,,,,
14559,1754692308.327806,113.56483006477356,1754692308.410368,94.0,0.0,1.8662046573253968,15.156857115263392,4.305021151264555,5.858918797995102,-6.960625058130972,-2.0587992702153315,-2.6399705280800845,-3.238638173810159,-3.4334629081899948,2.3654696761664127,2.1775512189924484,0.8330560238182443,-5.168734828685729,0.6951263958030722,3610.0,2.0,4.0,4.0,4.0,4.0,4.0,4.0,4.0,4.0,4.0,4.0,4.0,4.0,4.0,4.0,100.0,,,,,,,,,,,,,,,,,,,,,,,,,,,,,,,,,,,,,,,
14560,1754692308.335609,113.5726330280304,1754692308.4181712,95.0,0.0,0.5003520083924968,19.50736785422225,0.7739212166840161,5.252123961090206,-8.895921014750797,1.5410279433568803,5.424102830596553,-0.6958798897593397,-0.9228837199146938,-3.772655177817228,-1.7512899263264217,-0.1377233254264638,-4.291341590512388,0.6924756929935256,3548.0,2.0,4.0,4.0,4.0,4.0,4.0,4.0,4.0,4.0,4.0,4.0,4.0,4.0,4.0,4.0,100.0,,,,,,,,,,,,,,,,,,,,,,,,,,,,,,,,,,,,,,,
14561,1754692308.343412,113.58043599128725,1754692308.425874,96.0,0.0,0.361795874246269,10.970015753247168,-5.803118237325492,-3.0745779732759217,-14.882879320109026,0.0847077080908604,8.861393318894585,1.6943987809674184,3.101258246861704,0.2411403645011489,2.056774214887497,-1.995810935595585,-2.5594414674411325,0.1164354603435242,3566.0,2.0,4.0,4.0,4.0,4.0,4.0,4.0,4.0,4.0,4.0,4.0,4.0,4.0,4.0,4.0,100.0,0.401470273733139,0.62005615234375,-0.2791748046875,0.613525390625,0.9975737929344176,0.0839856564998626,0.0327153429388999,-47.2541389465332,-99.29351043701172,7.177844047546387,,,,,,,,,,,,,,,,,,,,,,,,,,,,,
14562,1754692308.351215,113.58823895454408,1754692308.433677,97.0,0.0,-0.0857326715244539,8.945227736621803,-4.438597980839802,-3.843518730015092,-12.94813296824708,0.9342435986687292,7.369765101560517,1.8373507304450527,-1.442308517662639,6.719234031757026,1.702846663195544,2.2039798754800017,-6.251035424450208,-1.3068609485871434,3320.0,2.0,4.0,4.0,4.0,4.0,4.0,4.0,4.0,4.0,4.0,4.0,4.0,4.0,4.0,4.0,100.0,,,,,,,,,,,,,,,,,,,,,,,,,,,,,,,,,,,,,,,
14563,1754692308.359018,113.59604215621948,1754692308.4414802,98.0,0.0,-1.9145897169114503,15.744479996135851,1.1398438845890269,2.1410647308171065,-6.317312904498522,5.1961461065493495,4.650482459926479,1.049817995974081,-4.121816008921087,-0.0589721127048505,-3.9291702642526616,6.087427059238962,-7.997071352013563,-3.078476977437731,3610.0,2.0,4.0,4.0,4.0,4.0,4.0,4.0,4.0,4.0,4.0,4.0,4.0,4.0,4.0,4.0,100.0,,,,,,,,,,,,,,,,,,,,,,,,,,,,,,,,,,,,,,,
14564,1754692308.366821,113.60384511947632,1754692308.449284,99.0,0.0,-2.553811701182383,18.642624493856204,0.6113619819898872,0.0697818149724867,-7.495479959976762,2.8368493392213736,0.5926006374398298,2.926044463477922,0.801983189056557,-5.970184572395226,-3.5070834951738448,2.667601591461392,-9.224308420466002,1.3175659814360756,3548.0,2.0,4.0,4.0,4.0,4.0,4.0,4.0,4.0,4.0,4.0,4.0,4.0,4.0,4.0,4.0,100.0,,,,,,,,,,,,,,,,,,,,,,,,,,,,,,,,,,,,,,,
14565,1754692308.374624,113.61164808273315,1754692308.457087,100.0,0.0,1.5666586835175735,15.598427529161484,-0.9583086206541224,-3.97882387239514,-12.74639664338082,-1.4452120247794369,0.3540966382968804,4.396744923431754,1.856036490758754,-1.438791484625824,-0.9644615053895792,1.0299818228757545,-8.60028290271947,5.634087192467916,3566.0,2.0,4.0,4.0,4.0,4.0,4.0,4.0,4.0,4.0,4.0,4.0,4.0,4.0,4.0,4.0,100.0,0.4017384648323059,0.6202392578125,-0.279052734375,0.61322021484375,0.9965972304344176,0.0966811627149581,0.0288090333342552,-45.75875473022461,-97.94766235351562,5.383382797241211,,,,,,,,,,,,,,,,,,,,,,,,,,,,,
14566,1754692308.382427,113.61945104599,1754692308.46489,101.0,0.0,-0.3381188292029264,8.170967612808795,1.3071224449812462,-5.503040204634658,-12.926787506889582,-0.2599745552380454,4.088112442283432,3.212670124485044,-0.8279478133782732,-3.947450915448485,-1.7159768834322904,3.901073706233888,-1.314693780190396,-0.0630807080243585,3320.0,2.0,4.0,4.0,4.0,4.0,4.0,4.0,4.0,4.0,4.0,4.0,4.0,4.0,4.0,4.0,100.0,,,,,,,,,,,,,,,,,,,,,,,,,,,,,,,,,,,,,,,
14567,1754692308.39023,113.62725400924684,1754692308.472693,102.0,0.0,-5.893191180512417,3.265963271814257,2.6380626570686445,-7.473680535677317,-8.094490974899031,3.1232359576916906,4.58084540611037,6.084214948102385,2.694422436955051,-5.863289774924738,-4.732888527192586,3.07005513003935,2.8669906692135783,-3.796588548850991,3610.0,2.0,4.0,4.0,4.0,4.0,4.0,4.0,4.0,4.0,4.0,4.0,4.0,4.0,4.0,4.0,100.0,,,,,,,,,,,,,,,,,,,,,,,,,,,,,,,,,,,,,,,
14568,1754692308.398033,113.63505697250366,1754692308.480397,103.0,0.0,-2.8888227185742608,7.848971776363783,-0.0114015593370595,-4.453616897144343,-2.564250038467321,4.006189840149659,1.2851004423938548,6.554599418478233,7.112525613849925,0.8517451006856618,-4.428934074926815,-1.6793346410003096,-1.9048007932436803,0.0167516488191949,3548.0,2.0,4.0,4.0,4.0,4.0,4.0,4.0,4.0,4.0,4.0,4.0,4.0,4.0,4.0,4.0,100.0,,,,,,,,,,,,,,,,,,,,,,,,,,,,,,,,,,,,,,,
14569,1754692308.405836,113.64286017417908,1754692308.4883,104.0,0.0,0.2723869268497765,5.14795791377901,-1.5966220358295686,-1.426471360835876,1.735441278608505,1.0710046352487552,-0.3535290421464196,0.927539434834216,3.6857362639502753,-0.7997393462815126,-1.7918953395119388,-1.4266325262774444,-6.435643500092056,2.301587988267784,3566.0,2.0,4.0,4.0,4.0,4.0,4.0,4.0,4.0,4.0,4.0,4.0,4.0,4.0,4.0,4.0,100.0,0.4016866385936737,0.62030029296875,-0.27899169921875,0.61322021484375,0.992202639579773,0.083497367799282,0.0434576943516731,-44.56244659423828,-98.24673461914062,6.43015193939209,,,,,,,,,,,,,,,,,,,,,,,,,,,,,
14570,1754692308.413639,113.65066313743591,1754692308.496103,105.0,0.0,-1.1767761352442108,-1.803718488109837,0.9510307983852612,-2.922253040468888,5.511926083322294,1.0814608703882982,0.0479007165401412,-2.924520788231177,-2.1588035612047065,-4.5285773267822265,1.6545465672749629,1.7009881314604058,1.872039539445666,1.4043592319700906,3320.0,2.0,4.0,4.0,4.0,4.0,4.0,4.0,4.0,4.0,4.0,4.0,4.0,4.0,4.0,4.0,100.0,,,,,,,,,,,,,,,,,,,,,,,,,,,,,,,,,,,,,,,
14571,1754692308.421442,113.65846610069276,1754692308.503906,106.0,0.0,0.2429581669730964,-0.6656789420243854,0.8402387083725102,-0.0308079814184907,8.953374548502381,1.2538940419222513,-0.7651078724283593,-3.6357837596200966,-5.254707533662383,-1.5797149944677926,3.808807008304541,0.70421887307117,8.721370243296462,-1.8666916426518008,3610.0,2.0,4.0,4.0,4.0,4.0,4.0,4.0,4.0,4.0,4.0,4.0,4.0,4.0,4.0,4.0,100.0,,,,,,,,,,,,,,,,,,,,,,,,,,,,,,,,,,,,,,,
14572,1754692308.429245,113.66626906394958,1754692308.511609,107.0,0.0,6.119340302534681,0.8718417349052174,0.2735084177895146,9.34625200807767,14.460743774714672,-2.0854659715458297,-2.991115619935784,-3.21137167298167,-6.946358141756548,-1.1021102702296162,0.2626885381056922,-0.6876526147987647,2.460871731516079,0.0063184342577073,3548.0,2.0,4.0,4.0,4.0,4.0,4.0,4.0,4.0,4.0,4.0,4.0,4.0,4.0,4.0,4.0,100.0,,,,,,,,,,,,,,,,,,,,,,,,,,,,,,,,,,,,,,,
14573,1754692308.437048,113.67407202720642,1754692308.5195122,108.0,0.0,5.677975287288689,-3.599325655160385,4.727268211537364,8.491998226109615,17.68254382895492,-4.999344440660309,-4.855214968005669,-1.2378621129631142,-3.910059168684541,-2.6646062911339072,-2.587266218042089,1.777985358559533,-2.094168580086091,8.745495028896755,3566.0,2.0,4.0,4.0,4.0,4.0,4.0,4.0,4.0,4.0,4.0,4.0,4.0,4.0,4.0,4.0,100.0,0.4017702937126159,0.620361328125,-0.27886962890625,0.6131591796875,1.0009918212890625,0.0756847485899925,0.0380865186452865,-46.20737075805664,-97.3495101928711,6.729228496551514,,,,,,,,,,,,,,,,,,,,,,,,,,,,,
14574,1754692308.444851,113.68187499046326,1754692308.527316,109.0,0.0,0.4640249775515315,-9.053833701000343,2.7428705055084777,1.1037967704563982,13.449279340627442,-4.064728111756352,-5.1240526037778125,-2.595816067927529,0.2355287880540402,0.5436805515909384,-2.0906842148588964,1.0412135450564222,1.2982556500770954,5.2024680071776,3320.0,2.0,4.0,4.0,4.0,4.0,4.0,4.0,4.0,4.0,4.0,4.0,4.0,4.0,4.0,4.0,100.0,,,,,,,,,,,,,,,,,,,,,,,,,,,,,,,,,,,,,,,
14575,1754692308.452654,113.68967795372008,1754692308.5352192,110.0,0.0,-3.451815367055815,-9.568466681724884,-3.236601809154536,5.298506341375514,10.133477208228442,1.143487499106186,-1.4901441422159678,-5.102292312885538,2.478316752574983,4.376278845017396,2.589823103428671,-2.409344881700917,6.787905420968627,-6.990508056448789,3610.0,2.0,4.0,4.0,4.0,4.0,4.0,4.0,4.0,4.0,4.0,4.0,4.0,4.0,4.0,4.0,100.0,,,,,,,,,,,,,,,,,,,,,,,,,,,,,,,,,,,,,,,
14576,1754692308.460457,113.69748115539552,1754692308.5430222,111.0,0.0,-6.732845909136586,-17.08898663341074,-4.405266056025766,6.460972032722793,7.945869217342306,1.7114701571388196,0.0364029378736177,-3.4571473997245903,-0.0540341121034089,1.8485374066210625,8.35465622857987,-2.1409349665025275,8.108952735154617,-6.960337561180268,3548.0,2.0,4.0,4.0,4.0,4.0,4.0,4.0,4.0,4.0,4.0,4.0,4.0,4.0,4.0,4.0,100.0,,,,,,,,,,,,,,,,,,,,,,,,,,,,,,,,,,,,,,,
14577,1754692308.46826,113.70528411865234,1754692308.550925,112.0,0.0,-0.4793972521688374,-22.983477189805853,1.1347131674128832,0.3728204280764657,7.715625731461387,-1.1134191518476655,-3.18350796596269,-0.6903354628066154,-3.2052981317042395,-3.0146480523708306,11.141839603842982,3.170576271465052,0.6196900522395481,4.600917827566263,3566.0,2.0,4.0,4.0,4.0,4.0,4.0,4.0,4.0,4.0,4.0,4.0,4.0,4.0,4.0,4.0,100.0,0.4018988311290741,0.6207275390625,-0.27880859375,0.61273193359375,1.004409909248352,0.090821698307991,0.0312504768371582,-46.20737075805664,-98.39627838134766,5.532921314239502,,,,,,,,,,,,,,,,,,,,,,,,,,,,,
14578,1754692308.476063,113.71308708190918,1754692308.558728,113.0,0.0,10.231522144923758,-17.429715071741782,3.978357297933428,0.4985303075221168,9.93964242395515,-5.596662688644926,-5.6531480671580425,-1.824979478089233,-3.863941214942031,-4.265824984825201,5.930086917846268,5.144433843199579,-7.882496078954944,8.880480804254432,3320.0,2.0,4.0,4.0,4.0,4.0,4.0,4.0,4.0,4.0,4.0,4.0,4.0,4.0,4.0,4.0,100.0,,,,,,,,,,,,,,,,,,,,,,,,,,,,,,,,,,,,,,,
14579,1754692308.483866,113.72089004516602,1754692308.5665312,114.0,0.0,7.938567620474089,-16.487125670687135,0.4657456279867915,3.2346004914537048,8.51801145832934,-8.948737210425122,-7.034898598898224,-1.5096357547124055,-2.883492334023856,3.668031317061207,-0.6595465205784308,0.0559783393112525,-1.5862334613804592,2.882583611943403,3610.0,2.0,4.0,4.0,4.0,4.0,4.0,4.0,4.0,4.0,4.0,4.0,4.0,4.0,4.0,4.0,100.0,,,,,,,,,,,,,,,,,,,,,,,,,,,,,,,,,,,,,,,
14580,1754692308.491669,113.72869300842284,1754692308.574235,115.0,0.0,2.5050601158935137,-21.17247990383765,-0.6772593988709446,2.615312449116402,4.092793573554275,-6.04644074936067,-4.9447045635317295,-1.19538600813911,-2.5965208309709737,9.25820532993231,2.410789728541488,-2.3684645168015663,9.411221289354728,-0.6935315387688092,3548.0,2.0,4.0,4.0,4.0,4.0,4.0,4.0,4.0,4.0,4.0,4.0,4.0,4.0,4.0,4.0,100.0,,,,,,,,,,,41.66666793823242,4.0,32.207244873046875,4.0,25.406036376953125,4.0,19.133251190185547,1.0,38.92039108276367,3.0,20.450353622436523,3.0,18.93155097961425,3.0,27.55941200256348,4.0,18.77539825439453,4.0,18.069475173950195,1.0,22.270597457885746,4.0,29.24356460571289,4.0,15.680872917175291,4.0,24.67878532409668,4.0,40.60414505004883
14581,1754692308.499472,113.73649597167967,1754692308.582138,116.0,0.0,4.255449317143359,-18.8862986779572,-0.769952488323213,2.1386997338573224,2.182622771989884,-0.4712654619742693,-3.58112872262376,-5.646293187396111,-5.785032631284082,2.10337956222753,2.692725699008463,-0.9810643321238216,4.100854019174278,-0.6212910630296733,3566.0,2.0,4.0,4.0,4.0,4.0,4.0,4.0,4.0,4.0,4.0,4.0,4.0,4.0,4.0,4.0,100.0,0.4021436870098114,0.62115478515625,-0.2784423828125,0.6123046875,1.008316159248352,0.1010757610201835,0.0224612802267074,-47.10459899902344,-97.05043029785156,6.729228496551514,,,,,,,,,,,,,,,,,,,,,,,,,,,,,
14582,1754692308.507275,113.7442991733551,1754692308.589941,117.0,0.0,1.46056312381279,-15.86700216172676,-0.6919537919948198,3.575523840708229,2.4284019988772343,4.364168999909907,-0.9741006414233198,-3.940947780487477,-1.0739984576384811,2.5734991795457063,1.1099473378490077,0.4266918518505918,-3.2850127161145792,-2.6855514213330025,3320.0,2.0,4.0,4.0,4.0,4.0,4.0,4.0,4.0,4.0,4.0,4.0,4.0,4.0,4.0,4.0,100.0,,,,,,,,,,,,,,,,,,,,,,,,,,,,,,,,,,,,,,,
14583,1754692308.515078,113.75210213661194,1754692308.597744,118.0,0.0,-4.016526754300656,-17.77004283478206,-1.2618063675067503,5.549245715629724,-2.332286938342776,3.110262744269249,0.7548958200095797,1.6804388811947604,7.343639887984438,11.82143195902202,3.8645674986437655,-2.90124942752388,-2.914822210743949,-5.9879105479217,3610.0,2.0,4.0,4.0,4.0,4.0,4.0,4.0,4.0,4.0,4.0,4.0,4.0,4.0,4.0,4.0,100.0,,,,,,,,,,,,,,,,,,,,,,,,,,,,,,,,,,,,,,,
14584,1754692308.522881,113.75990509986876,1754692308.605448,119.0,0.0,-2.057670667885276,-6.452883476083997,-2.168817684382219,9.42167433968055,-7.374222745177093,0.676011787183171,-0.7995328413312279,1.0256886339466575,6.746944563228709,10.522001469872096,5.6330138932771945,-6.229788527749832,-0.4368163854694273,-1.8718767353388728,3548.0,2.0,4.0,4.0,4.0,4.0,4.0,4.0,4.0,4.0,4.0,4.0,4.0,4.0,4.0,4.0,100.0,,,,,,,,,,,,,,,,,,,,,,,,,,,,,,,,,,,,,,,
14585,1754692308.530684,113.7677080631256,1754692308.613351,120.0,0.0,0.0362588864480244,6.570648751391957,-2.742497292663927,9.637441377023436,-3.852448883934074,2.0597157104342045,-1.1212826408638534,-1.1964867643875436,2.0173270102685024,2.2000528292908825,1.025114653286721,-4.327997595229306,-4.185874461895935,-0.0781495625221282,3566.0,2.0,4.0,4.0,4.0,4.0,4.0,4.0,4.0,4.0,4.0,4.0,4.0,4.0,4.0,4.0,100.0,0.4020325541496277,0.62158203125,-0.2783203125,0.61199951171875,0.9985504150390624,0.0966811627149581,0.0244144350290298,-46.506446838378906,-97.19996643066406,5.084306240081787,,,,,,,,,,,,,,,,,,,,,,,,,,,,,
14586,1754692308.538487,113.77551102638245,1754692308.621154,121.0,0.0,-0.0709880795113804,8.325951527710686,-2.2742432914476467,8.61867103128111,-0.183870992355196,1.921614601855481,-0.7011794653938068,1.892083182237684,3.1483880221423988,3.256149189260441,-5.973121117244091,-3.731803977527534,-11.777262921623787,-8.174638627644299,3320.0,2.0,4.0,4.0,4.0,4.0,4.0,4.0,4.0,4.0,4.0,4.0,4.0,4.0,4.0,4.0,100.0,,,,,,,,,,,,,,,,,,,,,,,,,,,,,,,,,,,,,,,
14587,1754692308.54629,113.78331398963928,1754692308.628957,122.0,0.0,0.2425673014195126,13.61397717814816,0.540408738993392,7.605788509702506,-2.54149216791302,-0.5406892893015538,1.2006932172471352,0.6403449792728679,3.1384419594828614,6.48062374770916,-2.680274739201195,-4.375411126678955,-9.53237622227266,-9.227194913303263,3610.0,2.0,4.0,4.0,4.0,4.0,4.0,4.0,4.0,4.0,4.0,4.0,4.0,4.0,4.0,4.0,100.0,,,,,,,,,,,,,,,,,,,,,,,,,,,,,,,,,,,,,,,
14588,1754692308.554093,113.79111695289612,1754692308.63666,123.0,0.0,-1.010845371015023,14.266876418712345,2.1590996700569463,2.4553678177393863,-3.73638981223354,1.5197502814662016,5.043441051846855,-3.258180000490995,-2.397451449494895,1.2249969225667314,2.633489025544748,-1.6241381509358348,-3.025144328615454,-2.326779720383513,3548.0,2.0,4.0,4.0,4.0,4.0,4.0,4.0,4.0,4.0,4.0,4.0,4.0,4.0,4.0,4.0,100.0,,,,,,,,,,,,,,,,,,,,,,,,,,,,,,,,,,,,,,,
14589,1754692308.561896,113.79892015457152,1754692308.644364,124.0,0.0,-5.735787852800343,4.216998856309317,0.7262476245816174,-1.2403704260671589,-1.61750565306221,2.638922256241301,6.383472232032261,0.3357307322136762,1.0621521613717846,0.3568810004086913,-2.381293593616931,1.9204379139115983,-6.280167779516717,-1.5435733533579992,3566.0,2.0,4.0,4.0,4.0,4.0,4.0,4.0,4.0,4.0,4.0,4.0,4.0,4.0,4.0,4.0,100.0,0.4018845558166504,0.62176513671875,-0.27825927734375,0.6119384765625,1.0175936222076416,0.0947280079126358,0.0361333638429641,-47.702754974365234,-98.24673461914062,6.131074905395508,,,,,,,,,,,,,,,,,,,,,,,,,,,,,
14590,1754692308.569699,113.80672311782835,1754692308.652167,125.0,0.0,-9.8899984988617,4.236100755805069,-3.40557282031034,2.235294232223509,-2.8521800034765192,0.0309895465060208,4.046470327134898,4.173108341173588,3.322075570249467,8.365017946424246,-8.019737226730399,-0.6285933786253963,-9.128816581975002,-2.74848347370164,3320.0,2.0,4.0,4.0,4.0,4.0,4.0,4.0,4.0,4.0,4.0,4.0,4.0,4.0,4.0,4.0,100.0,,,,,,,,,,,,,,,,,,,,,,,,,,,,,,,,,,,,,,,
14591,1754692308.577502,113.8145260810852,1754692308.65987,126.0,0.0,-6.743592973485363,10.876579816131482,-2.823285313987697,4.780513186981182,-1.243914638943977,2.480839303398909,5.870775939155749,4.360884289425314,-3.747202209553224,6.481339634167682,-5.124420179725519,-5.643297694962428,-3.5105218453288103,-0.2973127719916988,3610.0,2.0,4.0,4.0,4.0,4.0,4.0,4.0,4.0,4.0,4.0,4.0,4.0,4.0,4.0,4.0,100.0,,,,,,,,,,,,,,,,,,,,,,,,,,,,,,,,,,,,,,,
14592,1754692308.585305,113.82232904434204,1754692308.667673,127.0,0.0,-1.1272019815187662,6.10340915613412,-0.0637955799052463,0.5643744451280952,1.1764980049510712,3.409038348828261,10.204782389949258,0.2705626199553705,-4.567996427748795,-4.234971762074139,-0.8021876898647236,-5.848212028432528,1.018390104874669,-1.03663992362047,52.0,2.0,4.0,4.0,4.0,4.0,4.0,4.0,4.0,4.0,4.0,4.0,4.0,4.0,4.0,4.0,100.0,,,,,,,,,,,,,,,,,,,,,,,,,,,,,,,,,,,,,,,
14593,1754692308.593108,113.83013200759888,1754692308.6753771,0.0,0.0,-1.597933108599932,1.0791711203274872,-0.6513120099037906,-2.983114201779131,-4.062918511410203,-1.0659852355651085,7.69789435402447,-1.52426419084793,3.708768025000268,-4.218313086463127,4.358904992576868,-1.6687719742448053,6.477062709565303,1.7203273738338112,3339.0,2.0,4.0,4.0,4.0,4.0,4.0,4.0,4.0,4.0,4.0,4.0,4.0,4.0,4.0,4.0,100.0,0.6328325867652893,0.4078369140625,-0.5457763671875,0.36785888671875,1.0005035400390625,0.088380254805088,0.0361333638429641,-47.702754974365234,-97.4990463256836,5.383382797241211,,,,,,,,,,,,,,,,,,,,,,,,,,,,,
14594,1754692308.600911,113.83793497085573,1754692308.68318,1.0,0.0,-2.282767381792496,0.5820117864749363,-0.8455067649202874,-4.286912529609822,-6.424838034408481,-4.9608844636469485,1.7392167724195815,-1.4450129124635396,1.5871575438785612,-0.1909303028502336,4.089412164324926,0.8558312592534776,6.46747258151629,6.059624590296039,3516.0,2.0,4.0,4.0,4.0,4.0,4.0,4.0,4.0,4.0,4.0,4.0,4.0,4.0,4.0,4.0,100.0,,,,,,,,,,,,,,,,,,,,,,,,,,,,,,,,,,,,,,,
14595,1754692308.608714,113.84573817253111,1754692308.6908832,2.0,0.0,4.528336475479023,-1.2218469010750823,4.566089424802499,-2.144542139204191,3.163283728017973,-3.186229661388211,1.501574219985173,-0.434844475884006,-6.225587049304181,-1.652189164906872,-1.7643571247859882,1.845776979067864,-1.4373972604190612,5.895426280081551,3501.0,2.0,4.0,4.0,4.0,4.0,4.0,4.0,4.0,4.0,4.0,4.0,4.0,4.0,4.0,4.0,100.0,,,,,,,,,,,,,,,,,,,,,,,,,,,,,,,,,,,,,,,
14596,1754692308.616517,113.85354113578796,1754692308.698686,3.0,0.0,4.661175281528443,-1.3952868647428716,5.917734555096644,-0.1600215933125639,4.488648853327135,-3.1343180815901235,0.2663772191959594,-2.13276592744424,-1.163958786344125,-1.4242965829688785,1.2550444624167485,1.093537549984461,-0.9627597277946336,1.0670677405970252,3627.0,2.0,4.0,4.0,4.0,4.0,4.0,4.0,4.0,4.0,4.0,4.0,4.0,4.0,4.0,4.0,100.0,,,,,,,,,,,,,,,,,,,,,,,,,,,,,,,,,,,,,,,
14597,1754692308.62432,113.8613440990448,1754692308.70639,4.0,0.0,0.7000884649673935,-0.0544328793080239,2.0907125678832017,-1.9182706847473128,-0.8600639941410009,-2.7872110486541715,-1.6869210635627496,-3.153972456375413,5.204737744254089,-0.9896064352137728,6.484022610852662,1.4725080960047308,8.829041917253335,-0.6722847566297787,3618.0,2.0,4.0,4.0,4.0,4.0,4.0,4.0,4.0,4.0,4.0,4.0,4.0,4.0,4.0,4.0,100.0,0.6324043273925781,0.40765380859375,-0.54620361328125,0.3681640625,1.0200351476669312,0.083497367799282,0.0307621881365776,-47.40367889404297,-97.3495101928711,4.785229206085205,,,,,,,,,,,,,,,,,,,,,,,,,,,,,
14598,1754692308.632123,113.86914706230164,1754692308.714193,5.0,0.0,2.4875626805383604,-1.7326719198962903,0.6384697274002633,-6.79325072512296,0.7635236226911388,-3.0234930412415792,0.6927511661738777,-1.0989070587051517,-1.7884846069209177,-5.65310583977174,1.4008745525507609,1.4387388645696433,5.959029307176763,1.124444516706319,3522.0,2.0,4.0,4.0,4.0,4.0,4.0,4.0,4.0,4.0,4.0,4.0,4.0,4.0,4.0,4.0,100.0,,,,,,,,,,,,,,,,,,,,,,,,,,,,,,,,,,,,,,,
14599,1754692308.639926,113.87695002555849,1754692308.7218962,6.0,0.0,4.462044249776056,-1.8641749999775925,1.8609609592124912,-4.009208919159562,4.928929035942758,-4.193228140618601,1.8686246490868257,2.1362418944320893,-6.49171856300444,-5.429382404184423,0.9526368730183208,3.8051162061336186,-4.499092788905216,3.248147684006028,3497.0,2.0,4.0,4.0,4.0,4.0,4.0,4.0,4.0,4.0,4.0,4.0,4.0,4.0,4.0,4.0,100.0,,,,,,,,,,,,,,,,,,,,,,,,,,,,,,,,,,,,,,,
14600,1754692308.647729,113.88475298881532,1754692308.7296991,7.0,0.0,0.3929282439564758,1.303595544666905,0.9696318496396544,3.293714407275502,0.7892112048318722,-5.621318094116077,-3.187854906382426,1.3437189763515107,-3.320299999970985,-5.364623988122958,1.709069086906993,1.9380335006751463,-7.284432588771779,1.8142117659301675,3513.0,2.0,4.0,4.0,4.0,4.0,4.0,4.0,4.0,4.0,4.0,4.0,4.0,4.0,4.0,4.0,100.0,,,,,,,,,,,,,,,,,,,,,,,,,,,,,,,,,,,,,,,
14601,1754692308.655532,113.89255595207214,1754692308.7374032,8.0,0.0,3.2309773319663293,7.272848640781063,3.923162945263954,7.354313898109154,-2.2253763393494808,-3.930935929823448,-2.287928073045208,-0.3814692113477065,0.017577687530462,-9.373933077803798,-1.1281575454875965,-2.443350930964101,0.5456568609373846,2.228719288795816,3604.0,2.0,4.0,4.0,4.0,4.0,4.0,4.0,4.0,4.0,4.0,4.0,4.0,4.0,4.0,4.0,100.0,0.6322290301322937,0.40740966796875,-0.5467529296875,0.367919921875,1.006851315498352,0.0922865644097328,0.0322270542383194,-46.65598678588867,-98.84489440917967,5.23384428024292,,,,,,,,,,,,,,,,,,,,,,,,,,,,,
14602,1754692308.663334,113.90035796165466,1754692308.745206,9.0,0.0,2.1744171530255016,5.66367610489408,2.524398095018228,5.6336369988067645,-2.4527778744330817,-2.1964432419139257,-1.6666322657810042,-1.983515501772104,-2.281411957771411,-10.197149177679307,-1.040893024065895,-5.233201134892511,8.200120645140373,4.47008074326061,3616.0,2.0,4.0,4.0,4.0,4.0,4.0,4.0,4.0,4.0,4.0,4.0,4.0,4.0,4.0,4.0,100.0,,,,,,,,,,,,,,,,,,,,,,,,,,,,,,,,,,,,,,,
14603,1754692308.671138,113.9081621170044,1754692308.7529092,10.0,0.0,-3.2745451091648192,4.080642638449035,-1.2589121416528997,3.4610344547411387,-1.6013994180727875,0.7755396404174917,-2.928992461333792,-0.4222470323240941,-1.2826763066802869,-6.187990702350589,3.2213336811435056,-2.892672877572068,9.393592128890305,4.444974447145569,3617.0,2.0,4.0,4.0,4.0,4.0,4.0,4.0,4.0,4.0,4.0,4.0,4.0,4.0,4.0,4.0,100.0,,,,,,,,,,,,,,,,,,,,,,,,,,,,,,,,,,,,,,,
14604,1754692308.678941,113.91596508026124,1754692308.760712,11.0,0.0,-0.4615463623779874,4.776105836852992,-0.755076248812486,0.713371350586101,-2.329664948065613,1.9216234365850933,2.2851253614705342,0.8395747391784312,-2.1066157172179487,-4.176362160484871,0.8083777848552813,0.3305303942076421,-2.782110249409527,0.6313840595809666,3568.0,2.0,4.0,4.0,4.0,4.0,4.0,4.0,4.0,4.0,4.0,4.0,4.0,4.0,4.0,4.0,100.0,,,,,,,,,,,,,,,,,,,,,,,,,,,,,,,,,,,,,,,
14605,1754692308.686744,113.92376804351808,1754692308.7684162,12.0,0.0,3.576596362505768,0.3946250838525316,0.7703483766890145,1.3873424702755417,-3.2108755051918365,0.2774057275555037,4.494743690116991,0.5638095833614329,-3.07480374609446,-3.3686638209933903,-0.2197001769641815,4.783805212774894,-8.652686478691123,-0.0990273186753825,3566.0,2.0,4.0,4.0,4.0,4.0,4.0,4.0,4.0,4.0,4.0,4.0,4.0,4.0,4.0,4.0,100.0,0.632045328617096,0.40728759765625,-0.54730224609375,0.3675537109375,1.010757565498352,0.0849622339010238,0.0361333638429641,-46.20737075805664,-97.3495101928711,6.280613422393799,,,,,,,,,,,,,,,,,,,,,,,,,,,,,
14606,1754692308.694547,113.9315710067749,1754692308.776319,13.0,0.0,0.9849007332805968,-5.3148449888047935,-1.6348785078515675,1.2680213382492411,-2.0990214422653253,-1.105953676574586,-3.450600951174124,0.1930910041138531,0.7475697034316227,-1.5893819814026529,1.2926695880465786,5.178870077561555,2.7483345641522874,1.1366313867534927,3334.0,2.0,4.0,4.0,4.0,4.0,4.0,4.0,4.0,4.0,4.0,4.0,4.0,4.0,4.0,4.0,100.0,,,,,,,,,,,,,,,,,,,,,,,,,,,,,,,,,,,,,,,
14607,1754692308.70235,113.93937397003174,1754692308.784122,14.0,0.0,2.2066703134785826,-4.193362065914869,-2.553124479071528,-5.694418112328265,0.8228815638684068,1.174775300299018,-4.221444728623453,2.2328304872438025,1.9892235967052443,4.338636940378649,-1.0378420917838298,-2.630489228288013,3.842207274453415,0.027905024792119,3617.0,2.0,4.0,4.0,4.0,4.0,4.0,4.0,4.0,4.0,4.0,4.0,4.0,4.0,4.0,4.0,100.0,,,,,,,,,,,,,,,,,,,,,,,,,,,,,,,,,,,,,,,
14608,1754692308.710153,113.94717717170715,1754692308.7919252,15.0,0.0,6.585102177314241,-1.45602320368738,-1.955331024739224,-8.615650758521895,2.617382116720421,2.841564951711973,3.469838184853927,2.6351711762491163,2.2599193873607533,6.425320726377379,-4.334431510013872,-6.871407493928871,-5.484662964264032,-2.608251893601789,3568.0,2.0,4.0,4.0,4.0,4.0,4.0,4.0,4.0,4.0,4.0,4.0,4.0,4.0,4.0,4.0,100.0,,,,,,,,,,,,,,,,,,,,,,,,,,,,,,,,,,,,,,,
14609,1754692308.717955,113.95497918128969,1754692308.7997282,16.0,0.0,-0.4159931385789832,-2.951907026326012,-2.713888899257768,-1.6190019754372995,1.668059891943244,4.565434737142255,7.242136781161548,4.770425852721814,9.048555797091808,2.28771383225228,-3.887028851907076,-0.8204174217377158,-5.440890757368265,-3.0149876373039888,0.0,2.0,4.0,4.0,4.0,4.0,4.0,4.0,4.0,4.0,4.0,4.0,4.0,4.0,4.0,4.0,100.0,0.6318706274032593,0.40728759765625,-0.54779052734375,0.36712646484375,1.003921627998352,0.0869153887033462,0.0126955062150955,-47.85229110717773,-97.05043029785156,6.729228496551514,,,,,,,,,,,,,,,,,,,,,,,,,,,,,
14610,1754692308.725759,113.96278309822084,1754692308.807532,17.0,0.0,-9.490375986716517,-7.319780179301176,-3.79430478414082,-0.9858556796825156,-1.4609510274676154,3.748900373006165,5.6531537952978965,7.484654017417199,9.780154560485755,6.5242565919148205,-2.079329248632291,2.612892544892077,-4.969801100455413,-3.694505973272896,0.0,2.0,4.0,4.0,4.0,4.0,4.0,4.0,4.0,4.0,4.0,4.0,4.0,4.0,4.0,4.0,100.0,,,,,,,,,,,,,,,,,,,,,,,,,,,,,,,,,,,,,,,
14611,1754692308.733562,113.97058606147766,1754692308.815335,18.0,0.0,-4.2009481909628335,-5.046527581540147,-0.4726706208559221,-4.796384054743783,1.4451616730646606,1.5763249224990543,4.129034099222565,6.86036436851856,2.0842504236146056,10.380328417323938,-0.7720718126217321,1.0850383852110213,-4.175248821770026,-0.7707841491416616,0.0,2.0,4.0,4.0,4.0,4.0,4.0,4.0,4.0,4.0,4.0,4.0,4.0,4.0,4.0,4.0,100.0,,,,,,,,,,,,,,,,,,,,,,,,,,,,,,,,,,,,,,,
14612,1754692308.741365,113.9783890247345,1754692308.823138,19.0,0.0,-0.3669902502679179,0.4546707497938769,0.691781843969693,-2.743634638819458,2.1057409037230173,0.2208168068618761,1.1625238161796003,-0.719871105623497,-2.7994289489147377,-0.0276799760790709,0.6017741520986419,-1.3745305769662082,4.709991598645729,-0.8545022207536022,0.0,2.0,4.0,4.0,4.0,4.0,4.0,4.0,4.0,4.0,4.0,4.0,4.0,4.0,4.0,4.0,100.0,,,,,,,,,,,,,,,,,,,,,,,,,,,,,,,,,,,,,,,
14613,1754692308.749168,113.98619198799132,1754692308.830941,20.0,0.0,-1.6642205503287073,1.321882227295475,-0.1550182704160647,3.043774131049588,-5.288415031506872,3.819950258164511,1.653346448712739,-4.690481320976858,-0.6640325117502357,-2.9430095613035405,4.679249669952981,-0.592721913259254,6.660443811698144,-4.538860131694207,0.0,2.0,4.0,4.0,4.0,4.0,4.0,4.0,4.0,4.0,4.0,4.0,4.0,4.0,4.0,4.0,100.0,0.6319327354431152,0.40716552734375,-0.548095703125,0.36669921875,1.007339596748352,0.090821698307991,0.0297856107354164,-46.80552291870117,-97.94766235351562,6.131074905395508,,,,,,,,,,,,,,,,,,,,,,,,,,,,,
14614,1754692308.756971,113.99399495124815,1754692308.8387442,21.0,0.0,-1.879371911421913,2.1665706359153774,0.0535083980739727,2.427497191706607,-9.682360208298633,3.431081355238802,-0.0864436749698143,-0.7143110217866706,-0.8748437154590647,3.805059493684439,3.623194539658471,-1.0926059020584944,-6.449477024465523,-2.5016744992790336,0.0,2.0,4.0,4.0,4.0,4.0,4.0,4.0,4.0,4.0,4.0,4.0,4.0,4.0,4.0,4.0,100.0,,,,,,,,,,,,,,,,,,,,,,,,,,,,,,,,,,,,,,,
14615,1754692308.764773,114.00179696083067,1754692308.846548,22.0,0.0,2.220488100447369,6.280676329084258,2.4766374136498825,-0.6401092722588828,-5.160360157835271,-2.589812780936768,-5.040620151381404,-0.5348313608695889,-0.4173094929018361,4.6739701414368255,-1.1986611909691192,0.6835985838389433,-6.954426616800561,3.157482402618484,0.0,2.0,4.0,4.0,4.0,4.0,4.0,4.0,4.0,4.0,4.0,4.0,4.0,4.0,4.0,4.0,100.0,,,,,,,,,,,,,,,,,,,,,,,,,,,,,,,,,,,,,,,
14616,1754692308.772576,114.0096001625061,1754692308.8542511,23.0,0.0,3.5774880779335376,1.5250098450346172,1.8230541986103503,-1.9829698429303448,-2.499478165324092,-4.661296492712211,-6.774182336024808,-6.2420365692501605,-0.5300487669524614,1.947237433081625,-1.6065078959132393,2.447453562107455,5.02387145342567,1.323703194393545,0.0,2.0,4.0,4.0,4.0,4.0,4.0,4.0,4.0,4.0,4.0,4.0,4.0,4.0,4.0,4.0,100.0,,,,,,,,,,,,,,,,,,,,,,,,,,,,,,,,,,,,,,,
14617,1754692308.78038,114.01740407943726,1754692308.862154,24.0,0.0,0.1225854787691673,-5.248718979931084,0.0706287317258897,0.6826778826327313,-0.0425979410863988,0.3686693445308151,-1.6030919752873274,-5.908527423552016,-3.205908667323285,1.0636096829109078,1.4946181631777904,1.1185390945894935,8.070715190415456,-0.6624812041957853,0.0,2.0,4.0,4.0,4.0,4.0,4.0,4.0,4.0,4.0,4.0,4.0,4.0,4.0,4.0,4.0,100.0,0.6319959759712219,0.40728759765625,-0.5482177734375,0.36627197265625,0.991226077079773,0.0874036774039268,0.0151369497179985,-47.85229110717773,-96.60181427001952,4.785229206085205,,,,,,,,,,,,,,,,,,,,,,,,,,,,,
14618,1754692308.788183,114.02520704269408,1754692308.869957,25.0,0.0,-1.5753177110021852,-4.04263206092844,-3.015116117627599,0.8124415807384366,2.302676810635262,2.132515031524804,0.1346773014516884,-1.2030761894469606,-1.887143914469448,1.343151034722382,0.9115564915970252,-0.307220713656875,-0.1162117944035117,1.552512960812351,0.0,2.0,4.0,4.0,4.0,4.0,4.0,4.0,4.0,4.0,4.0,4.0,4.0,4.0,4.0,4.0,100.0,,,,,,,,,,,,,,,,,,,,,,,,,,,,,,,,,,,,,,,
14619,1754692308.795986,114.03301000595091,1754692308.8777602,26.0,0.0,-0.570088831479211,-0.9888610648755504,-5.5857870517212405,-0.2540816181959826,0.6268770680284206,-0.1214588992644394,-0.3201998561468144,0.1018329212782873,6.357778522833883,6.974753660223428,0.7907927893351143,-0.2536735735553748,-4.727657971889244,1.853939627313025,0.0,2.0,4.0,4.0,4.0,4.0,4.0,4.0,4.0,4.0,4.0,4.0,4.0,4.0,4.0,4.0,100.0,,,,,,,,,,,,,,,,,,,,,,,,,,,,,,,,,,,,,,,
14620,1754692308.803789,114.04081296920776,1754692308.8854642,27.0,0.0,3.172036334292784,-1.9555811699952983,-2.462135286648504,1.8860741386569089,2.330977752851936,-1.245031105762905,-0.1619952789206991,0.452971088359277,6.854341802831527,6.2266502682344935,-1.1890532524554374,-1.3317326257166542,-1.575991665431161,-0.7422107170124264,0.0,2.0,4.0,4.0,4.0,4.0,4.0,4.0,4.0,4.0,4.0,4.0,4.0,4.0,4.0,4.0,100.0,,,,,,,,,,,,,,,,,,,,,,,,,,,,,,,,,,,,,,,
14621,1754692308.811592,114.04861617088318,1754692308.893367,28.0,0.0,3.670083854068793,0.6047825834599223,1.9362550432116168,2.3547127410070914,5.823764842961822,-0.0707953671116286,-1.372013395215987,2.063955173473545,-3.901657051837816,-5.537344047334869,-2.682866142359132,-3.417991486802208,-1.5404010250632894,1.0610831296049523,0.0,2.0,4.0,4.0,4.0,4.0,4.0,4.0,4.0,4.0,4.0,4.0,4.0,4.0,4.0,4.0,100.0,0.6324985027313232,0.40716552734375,-0.5482177734375,0.36553955078125,0.9965972304344176,0.1040054932236671,0.0200198367238044,-48.0018310546875,-97.94766235351562,5.383382797241211,,,,,,,,,,,,,,,,,,,,,,,,,,,,,
14622,1754692308.819394,114.0564181804657,1754692308.90117,29.0,0.0,0.3421899673572852,5.568539835348588,2.07643354893628,3.1844450489003293,2.3104005518440545,1.197927908373572,-1.0927484524421516,-2.466864159260581,-7.681666471098538,-9.994765227269797,-1.3598490551170244,-1.007490309691434,-3.1457962235657533,3.4280822061788285,0.0,2.0,4.0,4.0,4.0,4.0,4.0,4.0,4.0,4.0,4.0,4.0,4.0,4.0,4.0,4.0,100.0,,,,,,,,,,,,,,,,,,,,,,,,,,,,,,,,,,,,,,,
14623,1754692308.827197,114.06422114372252,1754692308.909073,30.0,0.0,2.817391749110925,7.672762582047312,2.5986447047049523,6.6248896158646176,-0.6948948931898258,-0.5235262112263399,-0.043763382227894,-4.6117689514939,-5.634310114172308,-5.5452659322508,-4.814398665537624,2.4120466675664147,-1.954129683244332,2.9504444584296152,0.0,2.0,4.0,4.0,4.0,4.0,4.0,4.0,4.0,4.0,4.0,4.0,4.0,4.0,4.0,4.0,100.0,,,,,,,,,,,,,,,,,,,,,,,,,,,,,,,,,,,,,,,
14624,1754692308.835001,114.07202506065369,1754692308.916876,31.0,0.0,7.788243559781677,9.906117212078245,5.140679840164466,6.498284967022755,-0.0188300795557552,-4.785505237204234,-3.690794975873814,-2.0729814106957747,-4.257356782891748,-2.198408527850006,-4.688790906505801,2.081988148587243,-2.557172718414222,3.315519723637862,0.0,2.0,4.0,4.0,4.0,4.0,4.0,4.0,4.0,4.0,4.0,4.0,4.0,4.0,4.0,4.0,100.0,,,,,,,,,,,,,,,,,,,,,,,,,,,,,,,,,,,,,,,
14625,1754692308.842804,114.07982802391052,1754692308.9247792,32.0,0.0,6.429925203972488,13.860752951929245,3.2079674084486385,2.6481377008046536,-4.766186065964831,-2.400504266856643,-7.646309931158868,-3.985680005858086,0.1705655229418141,-3.031323914577825,1.3019897048168048,1.0854471094587268,-2.9317491037568573,3.1574372471693266,0.0,2.0,4.0,4.0,4.0,4.0,4.0,4.0,4.0,4.0,4.0,4.0,4.0,4.0,4.0,4.0,100.0,0.6326450109481812,0.4073486328125,-0.54791259765625,0.36553955078125,0.9848783016204834,0.090821698307991,0.0185549706220626,-46.506446838378906,-96.75135803222656,5.084306240081787,,,,,,,,,,,,,,,,,,,,,,,,,,,,,
14626,1754692308.850607,114.08763098716736,1754692308.932583,33.0,0.0,2.520448063574463,12.9434697978337,-1.2816600574873291,-2.459433855331895,-8.218881437598043,3.964942858805557,-1.5805664893854328,-2.7586313909854425,0.7037774737660811,-6.006995612090918,1.224682235916248,4.146765583170804,-0.2877544614101452,1.16050709035801,0.0,2.0,4.0,4.0,4.0,4.0,4.0,4.0,4.0,4.0,4.0,4.0,4.0,4.0,4.0,4.0,100.0,,,,,,,,,,,,,,,,,,,,,,,,,,,,,,,,,,,,,,,
14627,1754692308.85841,114.0954339504242,1754692308.940386,34.0,0.0,0.7435501773075828,7.406933127532369,-2.178529417324995,-9.492971945554388,-6.593941744920272,2.2328503975028013,6.219405722411096,1.611646643310536,-2.5224895421110034,-4.065192022296202,-1.1801980600188529,8.880114835802118,1.948292404457192,-0.6551226031232602,0.0,2.0,4.0,4.0,4.0,4.0,4.0,4.0,4.0,4.0,4.0,4.0,4.0,4.0,4.0,4.0,100.0,,,,,,,,,,,,,,,,,,,,,,,,,,,,,,,,,,,,,,,
14628,1754692308.866212,114.10323596000671,1754692308.9480891,35.0,0.0,-2.158853725530633,11.824373351411424,0.3786188586737182,-9.159006117193227,-7.497226525470495,-1.40484698143743,5.757810343448483,0.949487502248786,-0.94000854022849,-2.314525620165085,2.994615037736395,7.874795051337543,1.35590256522417,-1.1749147166865157,0.0,2.0,4.0,4.0,4.0,4.0,4.0,4.0,4.0,4.0,4.0,4.0,4.0,4.0,4.0,4.0,100.0,,,,,,,,,,,,,,,,,,,,,,,,,,,,,,,,,,,,,,,
14629,1754692308.874015,114.11103916168211,1754692308.955992,36.0,0.0,-2.9696337655203706,18.030769977057503,2.944187788295153,3.042128000499474,-6.70019705033144,1.4891000926228344,1.7487388582286485,-1.1130064384295792,0.5573073812007578,-7.864608859555915,0.8205142212351575,2.318577615023173,-2.851597964360621,-4.706549674981829,0.0,2.0,4.0,4.0,4.0,4.0,4.0,4.0,4.0,4.0,4.0,4.0,4.0,4.0,4.0,4.0,100.0,0.4012942612171173,0.62353515625,-0.27783203125,0.6107177734375,0.9970855116844176,0.0878919661045074,0.0219729915261268,-47.85229110717773,-97.6485824584961,4.486152648925781,,,,,,,,,,,,,,,,,,,,,,,,,,,,,
14630,1754692308.881818,114.11884212493896,1754692308.9637952,37.0,0.0,0.5919813192471679,11.929396093260436,2.5897414392838414,9.798989122146338,-1.594449433428565,2.5867839292226904,2.94093096952696,2.3894863757631697,-3.282794338411861,-12.388200698340428,-6.876909004091033,0.361909120582311,-6.55209497517518,-3.642658412258754,0.0,2.0,4.0,4.0,4.0,4.0,4.0,4.0,4.0,4.0,4.0,4.0,4.0,4.0,4.0,4.0,100.0,,,,,,,,,,,,,,,,,,,,,,,,,,,,,,,,,,,,,,,
14631,1754692308.889622,114.12664604187012,1754692308.971599,38.0,0.0,0.5600784077850847,4.405315770226906,-2.07254642954652,4.784550813749746,-2.4542719107157893,-1.8090370958966844,3.259260641410009,1.526518188136805,-4.3278329383124685,-9.373686804905477,-7.163903017748936,3.3324352761082707,-2.342437077281176,4.001754355564543,0.0,2.0,4.0,4.0,4.0,4.0,4.0,4.0,4.0,4.0,4.0,4.0,4.0,4.0,4.0,4.0,100.0,,,,,,,,,,,,,,,,,,,,,,,,,,,,,,,,,,,,,,,
14632,1754692308.897425,114.13444900512695,1754692308.9793022,39.0,0.0,0.4148471284235029,4.882513256415336,-2.0245592361551417,0.9304639539551544,-5.043464450345596,-0.5171210825050139,-1.845757259094967,-0.4717545030247265,-1.3327994483532848,-4.017625303641466,-3.35353996407855,4.846680446754476,9.225229152927454,8.303505564403736,0.0,2.0,4.0,4.0,4.0,4.0,4.0,4.0,4.0,4.0,4.0,4.0,4.0,4.0,4.0,4.0,100.0,,,,,,,,,,,,,,,,,,,,,,,,,,,,,,,,,,,,,,,
14633,1754692308.905228,114.1422519683838,1754692308.987205,40.0,0.0,-1.817311723228272,0.2268437590254279,2.584289522965605,-0.3336140092116011,-4.984415243562694,0.5256243809511716,-4.680475104190123,2.300740677329827,-0.617243564286241,-3.9616032982063416,-0.9757816286384012,1.0516947528511764,7.964886711863869,1.93978803253674,0.0,2.0,4.0,4.0,4.0,4.0,4.0,4.0,4.0,4.0,4.0,4.0,4.0,4.0,4.0,4.0,100.0,0.4014491736888885,0.6231689453125,-0.27789306640625,0.6109619140625,1.0000152587890625,0.0854505226016044,0.030273899435997,-47.10459899902344,-97.6485824584961,5.981536388397217,,,,,,,,,,,,,,,,,,,,,,,,,,,,,
14634,1754692308.913031,114.1500551700592,1754692308.995008,41.0,0.0,-4.816043190163214,-5.457452689567049,3.6269065096031454,1.246443614216446,-0.0100663819356441,0.0418891566160937,1.5166231754084265,3.5962207552757945,3.312854158030973,-3.2592610789919263,3.9182185799546687,-1.3628485120706273,-1.485634131273741,-6.337381602501296,0.0,2.0,4.0,4.0,4.0,4.0,4.0,4.0,4.0,4.0,4.0,4.0,4.0,4.0,4.0,4.0,100.0,,,,,,,,,,,,,,,,,,,,,,,,,,,,,,,,,,,,,,,
14635,1754692308.920833,114.15785717964172,1754692309.0028112,42.0,0.0,-3.913117722307817,-3.963898625843541,0.0472985596099704,3.152362051071776,3.480390836995156,3.1670216260579025,2.867498713608456,1.0518212746453344,6.4565937758754615,-4.527415433979769,3.60138426749856,-4.219076725506767,-2.408985876842081,-7.979323541498871,0.0,2.0,4.0,4.0,4.0,4.0,4.0,4.0,4.0,4.0,4.0,4.0,4.0,4.0,4.0,4.0,100.0,,,,,,,,,,,,,,,,,,,,,,,,,,,,,,,,,,,,,,,
14636,1754692308.928636,114.16566014289856,1754692309.010515,43.0,0.0,-1.1484146361903529,-2.5761262364043773,-1.3140165348831374,4.153915719701729,5.24806823376781,2.9910444738198407,-1.3376706389485091,-0.8314085408855476,5.0572815682203895,-8.076489703556888,0.0626763937903547,-6.808513831655034,4.666007481268764,-5.737584006837949,0.0,2.0,4.0,4.0,4.0,4.0,4.0,4.0,4.0,4.0,4.0,4.0,4.0,4.0,4.0,4.0,100.0,,,,,,,,,,,,,,,,,,,,,,,,,,,,,,,,,,,,,,,
14637,1754692308.936439,114.1734631061554,1754692309.018418,44.0,0.0,-2.038306643153476,-7.553986172139787,-0.0223936622863334,2.1702962150326925,10.25063044019015,0.9926261084044086,0.8176521968377415,-0.397286107886714,3.226091554286711,-5.687702592960989,3.957831994977085,-8.93056269863365,7.732566349905426,-4.74867966123503,0.0,2.0,4.0,4.0,4.0,4.0,4.0,4.0,4.0,4.0,4.0,4.0,4.0,4.0,4.0,4.0,100.0,0.4013719260692596,0.6229248046875,-0.27801513671875,0.6112060546875,1.0014801025390625,0.0874036774039268,0.0341802090406417,-46.506446838378906,-97.94766235351562,5.831998348236084,,,,,,,,,,,,,,,,,,,,,,,,,,,,,
14638,1754692308.944243,114.18126702308656,1754692309.026221,45.0,0.0,-4.419132797790866,-13.956358210192178,-2.5331704119451786,-4.228103254821093,13.359172848031136,3.5883540643450544,1.883960321701721,0.7338856184120743,4.547936448784782,3.618045707852304,5.630329486915485,-11.590471517464124,1.3561607522459838,-5.398756100595023,0.0,2.0,4.0,4.0,4.0,4.0,4.0,4.0,4.0,4.0,4.0,4.0,4.0,4.0,4.0,4.0,100.0,,,,,,,,,,,,,,,,,,,,,,,,,,,,,,,,,,,,,,,
14639,1754692308.952046,114.18906998634338,1754692309.033924,46.0,0.0,-3.330496425079957,-15.77612356832725,-2.439418558113914,-4.170175048771682,14.580064831345396,7.173979988327744,2.408376084359759,4.443209350566292,3.7516925781685018,5.907002632414958,0.9567613033056546,-6.7866441768908885,-7.451022558369061,-1.6199492844346537,0.0,2.0,4.0,4.0,4.0,4.0,4.0,4.0,4.0,4.0,4.0,4.0,4.0,4.0,4.0,4.0,100.0,,,,,,,,,,,,,,,,,,,,,,,,,,,,,,,,,,,,,,,
14640,1754692308.959849,114.1968731880188,1754692309.041728,47.0,0.0,-4.828826905418396,-16.905091472569097,0.6835413111806474,4.25539010583077,17.884860829057175,2.851041274699014,5.734505555595092,5.78014975239546,-2.414828595882341,-3.5741260481937616,-3.254303921239739,-0.8862642486002414,-8.416636293850047,2.339550122205651,0.0,2.0,4.0,4.0,4.0,4.0,4.0,4.0,4.0,4.0,4.0,4.0,4.0,4.0,4.0,4.0,100.0,,,,,,,,,,,,,,,,,,,,,,,,,,,,,,,,,,,,,,,
14641,1754692308.967651,114.20467495918274,1754692309.049431,48.0,0.0,-7.099783530189455,-18.28817024400845,0.1785993946829478,2.9551578822121485,13.991767714073973,-0.7510934282143751,2.2450984566986847,2.6120342860851054,0.1704172404967323,2.717175393254053,-3.887854007384561,-4.524408839421852,-1.1785320742143028,0.611330131849769,0.0,2.0,4.0,4.0,4.0,4.0,4.0,4.0,4.0,4.0,4.0,4.0,4.0,4.0,4.0,4.0,100.0,0.4012247025966644,0.623046875,-0.2779541015625,0.6112060546875,1.0131990909576416,0.0922865644097328,0.0288090333342552,-47.702754974365234,-98.9944305419922,3.5889220237731934,,,,,,,,,,,,,,,,,,,,,,,,,,,,,
14642,1754692308.975454,114.21247816085815,1754692309.057234,49.0,0.0,-4.525291906892278,-13.911937004527488,-1.086038240950245,-5.854052614743239,3.2050322527659887,2.175420786931511,-4.222947824219489,1.7622149119441133,5.888817604749704,16.04506278997752,1.374024487829331,-6.150932642427222,4.465961123297859,1.3175855325910677,0.0,2.0,4.0,4.0,4.0,4.0,4.0,4.0,4.0,4.0,4.0,4.0,4.0,4.0,4.0,4.0,100.0,,,,,,,,,,,,,,,,,,,,,,,,,,,,,,,,,,,,,,,
14643,1754692308.983257,114.220281124115,1754692309.064937,50.0,0.0,-2.285656646870222,-6.69734844605938,-1.4977418209958273,-2.811303922115542,1.6374662470540784,2.735231624458436,-6.12929823294354,1.394983900950308,-1.5912532370583108,7.48020852788585,7.18296946289837,-4.115308499814375,2.4182738545770803,3.378995212008874,0.0,2.0,4.0,4.0,4.0,4.0,4.0,4.0,4.0,4.0,4.0,4.0,4.0,4.0,4.0,4.0,100.0,,,,,,,,,,,,,,,,,,,,,,,,,,,,,,,,,,,,,,,
14644,1754692308.991061,114.22808504104614,1754692309.072741,51.0,0.0,-0.2400821327137237,-7.548644595483893,0.9188724634677784,5.3921772828189205,8.374001610301093,-0.583172323220424,-4.276887443774285,0.2465119949615655,-6.844595397385547,-0.9195329539293198,8.970376696264339,-4.141938012854553,0.9685127464504149,3.7508282178382615,0.0,2.0,4.0,4.0,4.0,4.0,4.0,4.0,4.0,4.0,4.0,4.0,4.0,4.0,4.0,4.0,100.0,,,,,,,,,,,41.66666793823242,3.0,33.759613037109375,4.0,24.99414253234864,4.0,19.30511283874512,1.0,37.15902328491211,4.0,20.68567657470703,4.0,20.432701110839844,1.0,28.586069107055664,4.0,19.18502426147461,4.0,17.094797134399414,3.0,21.80972671508789,4.0,29.30010223388672,4.0,13.497509002685549,4.0,25.07466125488281,4.0,42.32228088378906
14645,1754692308.998864,114.23588800430298,1754692309.080444,52.0,0.0,3.292928083175582,-15.566908988732225,0.795370946099581,0.2997126873949014,5.995188829419647,-2.89986887146398,-2.2191479318228744,-2.4791142785077795,-3.6366819960833823,4.875147512978117,6.214693543253532,-3.222206215339895,-0.3981709391921981,3.608290304316768,0.0,2.0,4.0,4.0,4.0,4.0,4.0,4.0,4.0,4.0,4.0,4.0,4.0,4.0,4.0,4.0,100.0,0.401168555021286,0.62322998046875,-0.27789306640625,0.611083984375,1.0131990909576416,0.0898451209068298,0.0195315480232238,-46.65598678588867,-97.3495101928711,6.729228496551514,,,,,,,,,,,,,,,,,,,,,,,,,,,,,
14646,1754692309.006667,114.2436909675598,1754692309.088247,53.0,0.0,4.067753728103639,-13.897488520630644,-2.0848001138887184,-4.266412954582734,1.9223670804841504,1.5146079411057372,2.058381068116546,-2.4414244905186706,-4.458847123269038,9.107348153001226,1.7187048123656723,-1.913352411423034,-0.7744838862416827,3.615004703855561,0.0,2.0,4.0,4.0,4.0,4.0,4.0,4.0,4.0,4.0,4.0,4.0,4.0,4.0,4.0,4.0,100.0,,,,,,,,,,,,,,,,,,,,,,,,,,,,,,,,,,,,,,,
14647,1754692309.01447,114.25149416923524,1754692309.09595,54.0,0.0,3.1230444572043723,-4.766591773269653,-2.3337944719968675,-0.2460212412546809,0.2575516412194645,1.062985890720114,3.44065222217759,-0.174286711265637,-4.589107933867041,12.184530567132782,-0.3939201341908358,-2.228312546730564,-1.4010413557022332,3.1846169729920746,0.0,2.0,4.0,4.0,4.0,4.0,4.0,4.0,4.0,4.0,4.0,4.0,4.0,4.0,4.0,4.0,100.0,,,,,,,,,,,,,,,,,,,,,,,,,,,,,,,,,,,,,,,
14648,1754692309.022272,114.25929617881776,1754692309.103754,55.0,0.0,3.349360515117666,-3.026270024571033,0.3900863965511121,0.1561614272038127,-4.97342029260227,-5.67407145882072,-0.6229871612052307,-0.6105478622392297,1.815983698587104,14.704056390922403,2.0763960213627684,-0.1788224956893032,-5.335491534900996,3.001022439356518,0.0,2.0,4.0,4.0,4.0,4.0,4.0,4.0,4.0,4.0,4.0,4.0,4.0,4.0,4.0,4.0,100.0,,,,,,,,,,,,,,,,,,,,,,,,,,,,,,,,,,,,,,,
14649,1754692309.030075,114.26709914207458,1754692309.111457,56.0,0.0,1.558299534669544,-4.200964637420753,0.745860140218241,-1.4822625472096718,-7.480781356489302,-5.890321459121338,-2.8237937807761284,-2.100439900642783,2.369420805894692,6.588236715475972,5.369986746938679,2.843018390910487,-1.11010264306438,3.048170937755998,0.0,2.0,4.0,4.0,4.0,4.0,4.0,4.0,4.0,4.0,4.0,4.0,4.0,4.0,4.0,4.0,100.0,0.4008839428424835,0.6234130859375,-0.27789306640625,0.611083984375,1.0000152587890625,0.1035172045230865,0.0239261463284492,-46.80552291870117,-97.4990463256836,5.383382797241211,,,,,,,,,,,,,,,,,,,,,,,,,,,,,
14650,1754692309.037878,114.27490210533142,1754692309.11926,57.0,0.0,1.841672394961677,1.101326610970716,-2.5495119353745963,-0.5535925869876905,-4.506172573936567,-1.9089041440216192,-1.706332723995331,-2.0747638642761217,-2.155229002261024,2.1222211696098725,4.3441827550890935,2.192989161004732,7.177706731759088,1.1783731437384972,0.0,2.0,4.0,4.0,4.0,4.0,4.0,4.0,4.0,4.0,4.0,4.0,4.0,4.0,4.0,4.0,100.0,,,,,,,,,,,,,,,,,,,,,,,,,,,,,,,,,,,,,,,
14651,1754692309.045682,114.28270602226256,1754692309.1269631,58.0,0.0,4.360754375795864,3.5343143841811298,-3.4570420475232595,1.4469461638005896,-5.7644310806985,-1.597409428551032,-2.620381769398932,-3.1556230268578247,-1.81462812531106,5.468238485064035,1.6781902317458162,0.1134006760181591,4.218320654085915,-0.7404321324846705,0.0,2.0,4.0,4.0,4.0,4.0,4.0,4.0,4.0,4.0,4.0,4.0,4.0,4.0,4.0,4.0,100.0,,,,,,,,,,,,,,,,,,,,,,,,,,,,,,,,,,,,,,,
14652,1754692309.053485,114.2905089855194,1754692309.134767,59.0,0.0,4.586935521786387,2.05777337961527,-0.8493830008029306,4.136095389444478,-8.22216121881965,-2.277716131099254,-5.204077189601861,-2.5585726117516003,2.1826137608817646,5.6120410735642565,-2.1767441883972367,0.2003270493386537,0.1231768942426754,0.7399522362210575,0.0,2.0,4.0,4.0,4.0,4.0,4.0,4.0,4.0,4.0,4.0,4.0,4.0,4.0,4.0,4.0,100.0,,,,,,,,,,,,,,,,,,,,,,,,,,,,,,,,,,,,,,,
14653,1754692309.061288,114.29831218719482,1754692309.14257,60.0,0.0,3.2194969243137166,2.1496466671355847,-2.049072521508151,1.5159785886662576,-8.913348082936864,-2.2137653050826884,-7.539964930223505,-2.9830496438312366,2.135295169722667,3.003815388714429,-6.4837827629635285,-0.2134045666280144,3.886263781285379,1.658371611525581,0.0,2.0,4.0,4.0,4.0,4.0,4.0,4.0,4.0,4.0,4.0,4.0,4.0,4.0,4.0,4.0,100.0,0.4006432890892029,0.62353515625,-0.27783203125,0.61114501953125,0.9956206679344176,0.0815442129969596,0.0156252384185791,-46.65598678588867,-97.05043029785156,4.187075614929199,,,,,,,,,,,,,,,,,,,,,,,,,,,,,
14654,1754692309.06909,114.30611395835876,1754692309.150373,61.0,0.0,5.315347064058102,5.060583142816,-0.6824689912606061,2.954498252034597,-7.217974373270493,0.4048328979892233,-3.215297354791886,-3.5299479664623448,0.4982187208642301,-0.7714741506757434,-2.0623332982337104,0.29831962779636,0.1447207257830598,2.1701844677371867,0.0,2.0,4.0,4.0,4.0,4.0,4.0,4.0,4.0,4.0,4.0,4.0,4.0,4.0,4.0,4.0,100.0,,,,,,,,,,,,,,,,,,,,,,,,,,,,,,,,,,,,,,,
14655,1754692309.076893,114.31391716003418,1754692309.1581762,62.0,0.0,5.0809738846606365,5.498122765664959,1.66508676259906,4.32945683430404,-6.144500136338536,-0.2778735422211298,-1.7571496101294883,-3.8021057604909743,-0.9001579408599696,-6.473835224002812,4.184275098537057,-0.8730521455512985,-8.468317536386792,1.7609771381167434,0.0,2.0,4.0,4.0,4.0,4.0,4.0,4.0,4.0,4.0,4.0,4.0,4.0,4.0,4.0,4.0,100.0,,,,,,,,,,,,,,,,,,,,,,,,,,,,,,,,,,,,,,,
14656,1754692309.084696,114.32172012329102,1754692309.1659791,63.0,0.0,3.402613367985367,6.933272331091274,1.5970579085260113,-0.1208581119708753,-3.706444078619853,-2.982932044099954,-2.9615150874888343,-1.3087025803720564,2.6399409485424883,-4.650062022100457,1.463698937539874,2.130797491616221,-2.698215182635323,1.897736624784983,0.0,2.0,4.0,4.0,4.0,4.0,4.0,4.0,4.0,4.0,4.0,4.0,4.0,4.0,4.0,4.0,100.0,,,,,,,,,,,,,,,,,,,,,,,,,,,,,,,,,,,,,,,
14657,1754692309.092499,114.32952308654784,1754692309.173783,64.0,0.0,0.6536816803140937,7.246732759158931,1.9833424623916471,-0.6929000794430067,-2.016608752270713,0.2314601621201291,-0.679397124280058,0.9670558898037598,5.963114667864829,-0.4466342386358519,-8.381562675207078,6.371673848755108,-3.79418134399225,-7.3658661155582195,3333.0,2.0,4.0,4.0,4.0,4.0,4.0,4.0,4.0,4.0,4.0,4.0,4.0,4.0,4.0,4.0,100.0,0.4002706110477447,0.62353515625,-0.27783203125,0.61138916015625,0.9892728924751282,0.0869153887033462,0.0195315480232238,-47.40367889404297,-97.05043029785156,6.280613422393799,,,,,,,,,,,,,,,,,,,,,,,,,,,,,
14658,1754692309.100303,114.337327003479,1754692309.181586,65.0,0.0,-1.8026599016142768,-0.4425630938066547,3.610051897316737,1.5847766018519565,-1.355754809759162,-0.0940052863756477,2.181986014421057,2.2197340558701057,1.4164709243582934,-1.488250449075565,-8.34055835079738,3.8068886040833263,-11.276508648174456,-11.938380267085847,3520.0,2.0,4.0,4.0,4.0,4.0,4.0,4.0,4.0,4.0,4.0,4.0,4.0,4.0,4.0,4.0,100.0,,,,,,,,,,,,,,,,,,,,,,,,,,,,,,,,,,,,,,,
14659,1754692309.108106,114.34512996673584,1754692309.189389,66.0,0.0,0.8305249726817578,-5.262287145974426,-0.5855777630804937,-4.062451868570008,-0.8179629882025097,-4.951930196351952,3.1792670344165685,4.677282596304337,-0.7673554042622186,-0.596121324138096,3.26258403640162,3.0752403270507216,0.0927323192231028,-1.2314801392722643,3497.0,2.0,4.0,4.0,4.0,4.0,4.0,4.0,4.0,4.0,4.0,4.0,4.0,4.0,4.0,4.0,100.0,,,,,,,,,,,,,,,,,,,,,,,,,,,,,,,,,,,,,,,
14660,1754692309.115909,114.35293316841124,1754692309.197292,67.0,0.0,-3.3053629002539537,-5.9493646095685335,-9.162192166052703,-11.542865048227782,-1.670450482856381,-6.39820717553232,1.3390951111808818,2.440293661245392,3.157674703731459,0.2762531916063153,8.491992549212114,3.945168838004406,13.364930407523048,3.711861324914821,3615.0,2.0,4.0,4.0,4.0,4.0,4.0,4.0,4.0,4.0,4.0,4.0,4.0,4.0,4.0,4.0,100.0,,,,,,,,,,,,,,,,,,,,,,,,,,,,,,,,,,,,,,,
14661,1754692309.123711,114.36073517799376,1754692309.2051952,68.0,0.0,-7.337328276316384,-9.13132534589431,-5.000026337708732,-8.454652912418624,1.3857672306035056,-4.198638521092562,1.1127870832665394,0.9205829043298764,3.4872912205014472,-1.7151188298266788,9.72302582015982,4.007355249926604,13.707906054088198,5.374396129249362,3623.0,2.0,4.0,4.0,4.0,4.0,4.0,4.0,4.0,4.0,4.0,4.0,4.0,4.0,4.0,4.0,100.0,0.4001471400260925,0.6234130859375,-0.27801513671875,0.61151123046875,0.9946441054344176,0.0952162966132164,0.0273441672325134,-47.10459899902344,-98.39627838134766,6.280613422393799,,,,,,,,,,,,,,,,,,,,,,,,,,,,,
14662,1754692309.131514,114.3685381412506,1754692309.2129982,69.0,0.0,-2.0621966087146006,-12.913493606612915,1.4698338307712788,-6.772572761465142,-0.5853319870174687,-4.736897068147243,1.5077640172376618,-0.5702644417564784,-2.033733227816299,-1.86125480585082,11.35082324287356,4.135183223146726,15.902541934866631,12.242880709910937,3516.0,2.0,4.0,4.0,4.0,4.0,4.0,4.0,4.0,4.0,4.0,4.0,4.0,4.0,4.0,4.0,100.0,,,,,,,,,,,,,,,,,,,,,,,,,,,,,,,,,,,,,,,
14663,1754692309.139317,114.37634110450745,1754692309.220802,70.0,0.0,-0.615837068395308,-10.529481029913882,-2.5131678810254243,-8.846143542427058,-10.206817844030525,-5.720084536334184,-0.452024477672353,-1.0253053573225088,1.263585951258733,2.339524312381286,15.14707339560016,6.723309057109759,29.290843067316587,16.708758306801315,3507.0,2.0,4.0,4.0,4.0,4.0,4.0,4.0,4.0,4.0,4.0,4.0,4.0,4.0,4.0,4.0,100.0,,,,,,,,,,,,,,,,,,,,,,,,,,,,,,,,,,,,,,,
14664,1754692309.14712,114.38414406776428,1754692309.2285051,71.0,0.0,-6.347257961045443,-10.845631704064315,-8.009079817217525,-6.775513213580098,-13.385448191174191,-2.966991970364006,-3.52053401451235,0.4643257229902247,7.936643729967955,6.620955645984168,17.762165546521146,4.58837206055955,35.92058583232233,13.835869480941938,3499.0,2.0,4.0,4.0,4.0,4.0,4.0,4.0,4.0,4.0,4.0,4.0,4.0,4.0,4.0,4.0,100.0,,,,,,,,,,,,,,,,,,,,,,,,,,,,,,,,,,,,,,,
14665,1754692309.154924,114.39194798469543,1754692309.236408,72.0,0.0,-3.7187015494954494,-15.496565312962389,-4.104159263894758,-5.549946981131939,-5.645466651095262,0.5456151250115227,-3.539244948836199,1.176063573372744,3.0773441192546898,2.618979112389866,17.095004582207025,3.944103832197584,29.28708501910148,12.390183866113262,3606.0,2.0,4.0,4.0,4.0,4.0,4.0,4.0,4.0,4.0,4.0,4.0,4.0,4.0,4.0,4.0,100.0,0.6320245862007141,0.4071044921875,-0.54791259765625,0.36688232421875,1.0014801025390625,0.0854505226016044,0.0239261463284492,-47.85229110717773,-98.09719848632812,5.23384428024292,,,,,,,,,,,,,,,,,,,,,,,,,,,,,
14666,1754692309.162727,114.39975118637084,1754692309.244211,73.0,0.0,3.274438062023592,-13.918853526214434,-2.658095048562928,-5.527006962194491,-4.398945542698812,0.0767179641486563,-1.1041940246830109,0.0337480465643693,-1.2629716850144632,-6.785925090053524,9.8724390026739,6.039302228222596,9.520577932045398,9.836404988912136,3601.0,2.0,4.0,4.0,4.0,4.0,4.0,4.0,4.0,4.0,4.0,4.0,4.0,4.0,4.0,4.0,100.0,,,,,,,,,,,,,,,,,,,,,,,,,,,,,,,,,,,,,,,
14667,1754692309.170529,114.4075529575348,1754692309.2520142,74.0,0.0,4.110270874131345,-4.095859265295587,-3.310052219387273,1.0123095563589573,-4.641604743151731,1.2721497822757897,1.5907236596898997,1.0888099907037372,1.3329205034614802,-2.9209618103296293,-0.0658994627729612,4.098753713702024,-5.2780596763457766,6.939851998415122,3611.0,2.0,4.0,4.0,4.0,4.0,4.0,4.0,4.0,4.0,4.0,4.0,4.0,4.0,4.0,4.0,100.0,,,,,,,,,,,,,,,,,,,,,,,,,,,,,,,,,,,,,,,
14668,1754692309.178332,114.4153561592102,1754692309.2597182,75.0,0.0,1.014041695453102,-2.2271170196487446,0.8612505694039783,4.987860896786856,3.6269615866134473,1.8629032281386344,1.033161465731041,-0.7011239047716344,-3.5312965909193963,2.888291763686425,-9.729909163093112,-1.2822022330652771,-9.50552448132396,-0.5609138012410995,3544.0,2.0,4.0,4.0,4.0,4.0,4.0,4.0,4.0,4.0,4.0,4.0,4.0,4.0,4.0,4.0,100.0,,,,,,,,,,,,,,,,,,,,,,,,,,,,,,,,,,,,,,,
14669,1754692309.186135,114.42315912246704,1754692309.267621,76.0,0.0,4.761541569427436,-3.382871389401089,6.874130519663368,5.043995139901426,11.068197726164954,1.905539172077852,4.701184159564264,-0.7819878269112905,-5.946841049258865,-0.966813527939621,-9.292699266099817,-0.373926208749026,-10.094486250469345,-5.862665948068525,3562.0,2.0,4.0,4.0,4.0,4.0,4.0,4.0,4.0,4.0,4.0,4.0,4.0,4.0,4.0,4.0,100.0,0.6319841742515564,0.40716552734375,-0.54766845703125,0.36724853515625,1.008316159248352,0.0864271000027656,0.0224612802267074,-48.0018310546875,-97.94766235351562,4.33661413192749,,,,,,,,,,,,,,,,,,,,,,,,,,,,,
14670,1754692309.193938,114.43096208572388,1754692309.275424,77.0,0.0,4.664537860764312,0.1700170145147694,4.0293334757132016,1.8070326191516413,4.00230689974228,0.2936212138686187,3.714456021721844,0.3770394620380557,-3.4465027258613645,-8.484078452808944,-6.404577579100305,0.7623566860427218,-11.452649160008605,-3.678020291476287,3319.0,2.0,4.0,4.0,4.0,4.0,4.0,4.0,4.0,4.0,4.0,4.0,4.0,4.0,4.0,4.0,100.0,,,,,,,,,,,,,,,,,,,,,,,,,,,,,,,,,,,,,,,
14671,1754692309.201741,114.43876504898073,1754692309.283227,78.0,0.0,-2.7620278434799843,4.657693582462969,4.2695295154296105,-2.218371416054936,3.560019711533357,1.3581641509642282,1.883220177636474,4.234314801046537,-3.730039614609552,-1.2663427889918353,-8.342065473627656,1.597857096910673,-12.61510889282664,-2.152519088517977,3611.0,2.0,4.0,4.0,4.0,4.0,4.0,4.0,4.0,4.0,4.0,4.0,4.0,4.0,4.0,4.0,100.0,,,,,,,,,,,,,,,,,,,,,,,,,,,,,,,,,,,,,,,
14672,1754692309.209545,114.44656896591188,1754692309.290931,79.0,0.0,-9.517521501872013,3.43652205070714,7.105976721261072,-6.182838968875672,10.505058989180384,3.0044955808363056,4.022709055737892,5.919136006691247,0.4797332571635024,3.252748642006395,-13.090234028975717,0.1594662488001859,-22.0824534014356,-8.172835866375749,3544.0,2.0,4.0,4.0,4.0,4.0,4.0,4.0,4.0,4.0,4.0,4.0,4.0,4.0,4.0,4.0,100.0,,,,,,,,,,,,,,,,,,,,,,,,,,,,,,,,,,,,,,,
14673,1754692309.217348,114.45437216758728,1754692309.298834,80.0,0.0,-8.453654102020437,5.125053316679214,1.8008040293559588,-1.2673982861076638,9.71363820583997,8.722797590146229,7.329215756982421,5.175581996983283,8.28563006720583,-5.192865105936789,-12.742089425836411,-4.516737605935987,-26.48754390493332,-14.190275090150635,3562.0,2.0,4.0,4.0,4.0,4.0,4.0,4.0,4.0,4.0,4.0,4.0,4.0,4.0,4.0,4.0,100.0,0.6319789886474609,0.4072265625,-0.54742431640625,0.3675537109375,1.008316159248352,0.0874036774039268,0.0214847028255462,-45.45967864990234,-97.6485824584961,4.486152648925781,,,,,,,,,,,,,,,,,,,,,,,,,,,,,
14674,1754692309.22515,114.4621741771698,1754692309.306637,81.0,0.0,-4.66146079058808,9.405714868051293,-1.6276375228958386,2.8952634525544454,7.3755903906226195,9.603319138204824,9.78097991950426,4.67111754519874,2.020673930091561,-4.7911418119351765,-10.333567457979823,-5.882405193048271,-17.147998295751904,-18.214087903996187,3319.0,2.0,4.0,4.0,4.0,4.0,4.0,4.0,4.0,4.0,4.0,4.0,4.0,4.0,4.0,4.0,100.0,,,,,,,,,,,,,,,,,,,,,,,,,,,,,,,,,,,,,,,
14675,1754692309.232953,114.46997714042664,1754692309.31444,82.0,0.0,-0.5709600459896933,7.662690258095438,2.71980315654838,-0.4761831125453568,8.619661866262334,0.9317321256806396,8.076749210766877,5.545787026145092,-5.681396567699437,-0.8073623593347179,-12.9852484855507,-1.6614202228049066,-14.417252853575008,-15.792205985110456,3611.0,2.0,4.0,4.0,4.0,4.0,4.0,4.0,4.0,4.0,4.0,4.0,4.0,4.0,4.0,4.0,100.0,,,,,,,,,,,,,,,,,,,,,,,,,,,,,,,,,,,,,,,
14676,1754692309.240756,114.47778010368349,1754692309.322143,83.0,0.0,2.7207284938779708,4.027480271500565,3.121587945511976,2.153346227508621,5.560403279490231,-0.1334330254059637,4.880023760381221,4.033235416436867,-2.434081836282246,-7.511086313848125,-15.88179033160776,-1.944541762862798,-24.42243473126717,-11.639042306892122,3544.0,2.0,4.0,4.0,4.0,4.0,4.0,4.0,4.0,4.0,4.0,4.0,4.0,4.0,4.0,4.0,100.0,,,,,,,,,,,,,,,,,,,,,,,,,,,,,,,,,,,,,,,
14677,1754692309.248559,114.48558306694032,1754692309.3300462,84.0,0.0,2.754001291020529,5.745030110023151,1.2773710755633942,9.825098859202797,3.47730384033838,5.900545171501733,5.0800542983963055,0.2751851232248441,-0.2099676870960252,-8.672003367520858,-11.26754772117448,-3.981944573926569,-22.92905867240148,-12.199699624156269,3562.0,2.0,4.0,4.0,4.0,4.0,4.0,4.0,4.0,4.0,4.0,4.0,4.0,4.0,4.0,4.0,100.0,0.6321501731872559,0.40728759765625,-0.54705810546875,0.36773681640625,1.0190584659576416,0.0996108949184417,0.0361333638429641,-46.65598678588867,-98.39627838134766,5.532921314239502,,,,,,,,,,,,,,,,,,,,,,,,,,,,,
14678,1754692309.256362,114.49338603019714,1754692309.33785,85.0,0.0,2.761735195497124,6.107804185455564,0.4045338925837427,8.780224640286463,2.7527115046808035,4.653416280726844,3.6026077972967983,-1.3151426484961917,-2.4354680731186704,-2.0620224467217554,-9.42150238555604,-3.708955221721851,-14.939641887916366,-14.686816726780023,3319.0,2.0,4.0,4.0,4.0,4.0,4.0,4.0,4.0,4.0,4.0,4.0,4.0,4.0,4.0,4.0,100.0,,,,,,,,,,,,,,,,,,,,,,,,,,,,,,,,,,,,,,,
14679,1754692309.264166,114.50119018554688,1754692309.3457532,86.0,0.0,5.043368853372328,6.400186242536336,1.2074063587821795,6.2975224416715605,0.8180356847089456,5.323618142591556,1.2285152641026684,1.6371252051587248,-0.0725086875661986,-5.761384083634596,-10.508104151764485,-4.100558594924053,-11.022931101435518,-13.494262885493129,3611.0,2.0,4.0,4.0,4.0,4.0,4.0,4.0,4.0,4.0,4.0,4.0,4.0,4.0,4.0,4.0,100.0,,,,,,,,,,,,,,,,,,,,,,,,,,,,,,,,,,,,,,,
14680,1754692309.271968,114.50899195671082,1754692309.3535562,87.0,0.0,2.209163282044869,8.588421547866005,3.6765045159210095,8.493788756763138,3.836490252463705,5.385318705300165,0.7752260196704128,1.2151736993906752,0.315771217553106,-11.010719700601726,-6.227789791006103,-6.366509647910675,-6.347055700575879,-5.800539196037676,3544.0,2.0,4.0,4.0,4.0,4.0,4.0,4.0,4.0,4.0,4.0,4.0,4.0,4.0,4.0,4.0,100.0,,,,,,,,,,,,,,,,,,,,,,,,,,,,,,,,,,,,,,,
14681,1754692309.279771,114.51679515838624,1754692309.361459,88.0,0.0,-2.7783953892626982,7.214528606118108,3.2092986553151945,11.688640269048337,6.503101297393584,1.8514240617736848,2.9541393108306124,-3.926433245153987,-2.684164126107192,-3.1171655776980174,-0.6570835609532537,-3.5944139145527174,-7.59115835392646,1.2219466261016692,3562.0,2.0,4.0,4.0,4.0,4.0,4.0,4.0,4.0,4.0,4.0,4.0,4.0,4.0,4.0,4.0,100.0,0.6322328448295593,0.4073486328125,-0.5467529296875,0.36798095703125,1.004409909248352,0.1079118028283119,0.0268558785319328,-46.65598678588867,-97.6485824584961,5.23384428024292,,,,,,,,,,,,,,,,,,,,,,,,,,,,,
14682,1754692309.287574,114.52459812164308,1754692309.369262,89.0,0.0,-1.954560144653556,3.563937576153762,-3.795622381323142,10.123218414483633,4.141905958535858,1.6575179156137665,2.059467613674201,-3.50484276904092,-1.4674142220602562,1.6011882823762562,0.7323134481538318,0.4403469762972918,-11.299894773752271,-3.0688598694015354,3319.0,2.0,4.0,4.0,4.0,4.0,4.0,4.0,4.0,4.0,4.0,4.0,4.0,4.0,4.0,4.0,100.0,,,,,,,,,,,,,,,,,,,,,,,,,,,,,,,,,,,,,,,
14683,1754692309.295377,114.5324010848999,1754692309.3770652,90.0,0.0,2.300782912860825,3.748687624284969,-3.4483644032354164,5.0187615352913895,4.550272153353774,0.2101710197032957,0.0247476662069061,0.1568243359218399,-0.5181655714501971,0.478531489748832,0.5126305798056023,-3.165522432797104,-5.236273350002136,-4.745490412036077,3611.0,2.0,4.0,4.0,4.0,4.0,4.0,4.0,4.0,4.0,4.0,4.0,4.0,4.0,4.0,4.0,100.0,,,,,,,,,,,,,,,,,,,,,,,,,,,,,,,,,,,,,,,
14684,1754692309.30318,114.54020404815674,1754692309.384769,91.0,0.0,5.445354085571978,4.419441666751425,1.3055399983504117,1.623335778353919,2.288855719268156,-6.538942464598733,-4.205768186202533,-4.245347065478711,-4.031828258889675,0.3856873610711204,-1.1068232089815524,-6.315780090967621,3.7410007970301535,6.434929815182784,3544.0,2.0,4.0,4.0,4.0,4.0,4.0,4.0,4.0,4.0,4.0,4.0,4.0,4.0,4.0,4.0,100.0,,,,,,,,,,,,,,,,,,,,,,,,,,,,,,,,,,,,,,,
14685,1754692309.310983,114.54800701141356,1754692309.392672,92.0,0.0,5.886726529685404,3.573876774020448,-1.7547066743372284,4.144611696570394,-1.4107512813365588,-4.671046111888188,-6.42905651265977,-6.094457811262998,-4.329884680956127,0.9003591949977476,-0.4568961379831648,-0.6666088909755103,4.985887690640823,8.601348386905613,3562.0,2.0,4.0,4.0,4.0,4.0,4.0,4.0,4.0,4.0,4.0,4.0,4.0,4.0,4.0,4.0,100.0,0.6322683691978455,0.4073486328125,-0.5467529296875,0.367919921875,1.006363034248352,0.1030289158225059,0.0234378576278686,-47.40367889404297,-97.05043029785156,4.486152648925781,,,,,,,,,,,,,,,,,,,,,,,,,,,,,
14686,1754692309.318787,114.5558111667633,1754692309.400475,93.0,0.0,2.263389447879064,7.010192656904593,-4.715604026274804,4.775987558687604,-2.738382139754748,1.6778809857401311,-4.213411212287127,-1.829709537111256,1.1568924898947728,-2.921480875717833,1.1426934422215993,1.1327075791510026,1.4095950379417277,-1.9516778580832288,3319.0,2.0,4.0,4.0,4.0,4.0,4.0,4.0,4.0,4.0,4.0,4.0,4.0,4.0,4.0,4.0,100.0,,,,,,,,,,,,,,,,,,,,,,,,,,,,,,,,,,,,,,,
14687,1754692309.326589,114.56361317634584,1754692309.408278,94.0,0.0,-0.1172677300669988,11.312460240027974,-0.3448210522470276,0.2509573494239134,-5.033341488700501,2.873426267459706,-0.4491205454656324,-1.825576030598825,2.795728543179792,-6.4418088850671325,-0.1088471435223823,-4.2870469024615545,3.405986175723399,-0.2010533907028389,3611.0,2.0,4.0,4.0,4.0,4.0,4.0,4.0,4.0,4.0,4.0,4.0,4.0,4.0,4.0,4.0,100.0,,,,,,,,,,,,,,,,,,,,,,,,,,,,,,,,,,,,,,,
14688,1754692309.334392,114.57141613960266,1754692309.415982,95.0,0.0,-0.3339455899298968,8.894714694896777,2.5205126008932552,-1.21584525838756,-7.500938493729734,1.4760678685666448,-1.1735107997523642,-1.1633378293876715,1.043982202123118,-1.5155051024748332,-1.1539231941255252,-2.6391808325919897,2.835673728737504,3.496215906394866,3544.0,2.0,4.0,4.0,4.0,4.0,4.0,4.0,4.0,4.0,4.0,4.0,4.0,4.0,4.0,4.0,100.0,,,,,,,,,,,,,,,,,,,,,,,,,,,,,,,,,,,,,,,
14689,1754692309.342195,114.5792191028595,1754692309.423685,96.0,0.0,-1.3213919508300478,6.414951556636652,0.1567008704685122,-2.265033345439633,-5.983926292363549,-2.090834623238834,-6.784598969157059,3.3449143802965864,2.77501652747128,4.961464941111672,-1.251492469322102,3.039120979667814,-2.2836722202641795,0.9579140112230108,3562.0,2.0,4.0,4.0,4.0,4.0,4.0,4.0,4.0,4.0,4.0,4.0,4.0,4.0,4.0,4.0,100.0,0.6321519613265991,0.407470703125,-0.5465087890625,0.36834716796875,1.0005035400390625,0.1030289158225059,0.0239261463284492,-46.506446838378906,-97.94766235351562,6.43015193939209,,,,,,,,,,,,,,,,,,,,,,,,,,,,,
14690,1754692309.349998,114.58702206611632,1754692309.431488,97.0,0.0,-1.255240070116713,9.542466052522116,-0.7537188718071661,-7.990674607184417,-5.46389767178124,-5.363651985275908,-4.671918907765473,2.310381535951649,2.3655232636086225,2.912713007067225,1.1934833466951318,3.908424808420307,-2.101223303633276,5.348632956216363,3319.0,2.0,4.0,4.0,4.0,4.0,4.0,4.0,4.0,4.0,4.0,4.0,4.0,4.0,4.0,4.0,100.0,,,,,,,,,,,,,,,,,,,,,,,,,,,,,,,,,,,,,,,
14691,1754692309.357801,114.59482502937315,1754692309.439191,98.0,0.0,-1.842427342044175,13.602052087500851,1.5539336680685665,-6.099897408344987,-9.983079689845908,-5.059497973543785,0.3537861198774408,-2.291606379402765,-3.064319457794681,-2.648710248196039,4.96068243533955,4.43769470674215,3.501648932749504,8.312388634232775,3611.0,2.0,4.0,4.0,4.0,4.0,4.0,4.0,4.0,4.0,4.0,4.0,4.0,4.0,4.0,4.0,100.0,,,,,,,,,,,,,,,,,,,,,,,,,,,,,,,,,,,,,,,
14692,1754692309.365604,114.60262799263,1754692309.446995,99.0,0.0,-4.085801495049395,16.748238849834365,3.4395539404696365,3.854453173291063,-13.241824471052835,-5.127799422298608,-2.812837857781574,-1.2199042930755013,-5.332306511192087,-4.422395005661542,3.70629267657398,6.113062972518151,3.886439361176485,1.540638861233333,3544.0,2.0,4.0,4.0,4.0,4.0,4.0,4.0,4.0,4.0,4.0,4.0,4.0,4.0,4.0,4.0,100.0,,,,,,,,,,,,,,,,,,,,,,,,,,,,,,,,,,,,,,,
14693,1754692309.373407,114.61043095588684,1754692309.454698,100.0,0.0,-5.284790296922978,9.817493871289486,1.1639721331920612,2.2293251447130444,-14.263316670258604,-5.950979644059856,-0.9924093846535412,3.415165126258131,1.3327175017551838,-2.544971915858781,1.0063239134914568,4.923420106683267,1.2691807179363934,-3.464138110575817,3562.0,2.0,4.0,4.0,4.0,4.0,4.0,4.0,4.0,4.0,4.0,4.0,4.0,4.0,4.0,4.0,100.0,0.6316384077072144,0.40740966796875,-0.54644775390625,0.369384765625,0.9887846112251282,0.0937514305114746,0.0258793011307716,-47.85229110717773,-97.6485824584961,5.981536388397217,,,,,,,,,,,,,,,,,,,,,,,,,,,,,
14694,1754692309.38121,114.61823415756226,1754692309.462501,101.0,0.0,-6.124434750529758,-1.5938621259523416,0.2628471546782975,-7.138767159659324,-12.70992997181736,-5.017044233941192,2.993210186466172,4.825821577308602,5.307407125877603,0.3965773288174432,3.6834988395268056,3.97309075878195,2.23028867768528,-2.9555158272804647,3319.0,2.0,4.0,4.0,4.0,4.0,4.0,4.0,4.0,4.0,4.0,4.0,4.0,4.0,4.0,4.0,100.0,,,,,,,,,,,,,,,,,,,,,,,,,,,,,,,,,,,,,,,
14695,1754692309.389013,114.62603712081908,1754692309.470204,102.0,0.0,-4.1865776293819295,7.0819425305614345,5.247788346434106,-0.40828100760001,-5.704252332784847,-0.9349131623433208,-3.982570440840675,-0.7169824010305206,0.9314592030274866,-0.5473449768786054,1.2841451901619507,3.7434976875753705,0.5082106144965906,-0.1162934598335709,3611.0,2.0,4.0,4.0,4.0,4.0,4.0,4.0,4.0,4.0,4.0,4.0,4.0,4.0,4.0,4.0,100.0,,,,,,,,,,,,,,,,,,,,,,,,,,,,,,,,,,,,,,,
14696,1754692309.396816,114.63384008407591,1754692309.478008,103.0,0.0,2.031938418660019,26.63529481982866,4.689323743375979,10.985302583460424,0.3965515101776589,3.225831471806913,-6.34423424836362,-4.482821254073343,0.138955413661705,-3.841105955037648,-5.018044170984496,-0.1258931547486383,-3.8908001486391015,2.064522444119092,3544.0,2.0,4.0,4.0,4.0,4.0,4.0,4.0,4.0,4.0,4.0,4.0,4.0,4.0,4.0,4.0,100.0,,,,,,,,,,,,,,,,,,,,,,,,,,,,,,,,,,,,,,,
14697,1754692309.404619,114.64164304733276,1754692309.485811,104.0,0.0,3.0612873387706827,30.00200107780012,-0.150361943116593,11.86970316305434,1.5874463027183197,4.17442506145909,1.931476540715096,-1.4502083550402745,0.930741707953814,-9.93988499943424,-3.23004011275242,-3.095871604772753,-5.961267875918736,-2.814509987228292,3562.0,2.0,4.0,4.0,4.0,4.0,4.0,4.0,4.0,4.0,4.0,4.0,4.0,4.0,4.0,4.0,100.0,0.631314218044281,0.40716552734375,-0.5465087890625,0.3701171875,1.010269284248352,0.0786144807934761,0.0400396734476089,-47.2541389465332,-96.45227813720705,7.177844047546387,,,,,,,,,,,,,,,,,,,,,,,,,,,,,
14698,1754692309.412422,114.6494460105896,1754692309.493614,105.0,0.0,0.8672131352506085,25.977152702567423,2.938696097583147,13.311433207402048,3.495017423380091,5.179428723718615,2.638327499491538,-1.442628021797077,-5.109161340131664,-13.874914575077923,-2.2283660287952216,-1.1590987649814224,-6.830565425824602,-6.693608746402674,3319.0,2.0,4.0,4.0,4.0,4.0,4.0,4.0,4.0,4.0,4.0,4.0,4.0,4.0,4.0,4.0,100.0,,,,,,,,,,,,,,,,,,,,,,,,,,,,,,,,,,,,,,,
14699,1754692309.420225,114.65724897384644,1754692309.5014172,106.0,0.0,3.4406038128469163,26.03254646223797,6.797057313893333,17.045371593689765,13.695666152110448,6.116820480247156,0.6260314302404595,-4.626071980346183,-9.227514401832536,-8.450657511470467,-9.42130212592781,-1.419980068333075,-12.13391795620862,-2.4838034770781405,3611.0,2.0,4.0,4.0,4.0,4.0,4.0,4.0,4.0,4.0,4.0,4.0,4.0,4.0,4.0,4.0,100.0,,,,,,,,,,,,,,,,,,,,,,,,,,,,,,,,,,,,,,,
14700,1754692309.428028,114.66505217552184,1754692309.50922,107.0,0.0,6.134026579558451,19.218773673837006,2.386688778540304,15.626143278784696,20.170211329061715,0.6666826055080151,2.113417291514054,-4.350665496625823,-7.715484554707871,-2.0059440046060786,-17.041587039956937,-3.3813504244721457,-21.231238065150308,-1.5628553294167773,3544.0,2.0,4.0,4.0,4.0,4.0,4.0,4.0,4.0,4.0,4.0,4.0,4.0,4.0,4.0,4.0,100.0,,,,,,,,,,,,,,,,,,,,,,,,,,,,,,,,,,,,,,,
14701,1754692309.435831,114.67285513877869,1754692309.517024,108.0,0.0,5.73137801126677,15.938925437333635,1.829731144036032,15.883101257727049,14.587200359048891,1.5811441658515832,2.1880591510366685,-3.108719036651109,-7.308702831640403,-2.577982580781736,-14.253968189113492,0.9463424781092726,-20.99173235055264,-6.589953332867481,3562.0,2.0,4.0,4.0,4.0,4.0,4.0,4.0,4.0,4.0,4.0,4.0,4.0,4.0,4.0,4.0,100.0,0.6309066414833069,0.4071044921875,-0.54656982421875,0.37078857421875,0.9990386962890624,0.0791027694940567,0.0170901045203208,-47.40367889404297,-98.84489440917967,5.532921314239502,,,,,,,,,,,,,,,,,,,,,,,,,,,,,
14702,1754692309.443634,114.68065810203552,1754692309.524827,109.0,0.0,1.756440911959487,11.639221787182066,5.488125514839737,14.099579035941076,10.093088566910351,9.142482174243868,1.91844213246344,-5.039129543533875,-8.139997786304832,-5.813890734732979,-7.951750357782714,0.4992799025430372,-18.55495272975469,-10.576147293887118,3319.0,2.0,4.0,4.0,4.0,4.0,4.0,4.0,4.0,4.0,4.0,4.0,4.0,4.0,4.0,4.0,100.0,,,,,,,,,,,,,,,,,,,,,,,,,,,,,,,,,,,,,,,
14703,1754692309.451437,114.68846106529236,1754692309.53263,110.0,0.0,1.1683384616093235,-3.5763774153994063,5.795076620681243,8.118479884857493,15.52301066466714,9.75765057095657,3.3418744803451546,-0.6340704571958895,-3.866384808419412,-1.2223664083172707,-2.5650345508312284,-2.3074407308919263,-12.935799262931027,-5.004964710889112,3611.0,2.0,4.0,4.0,4.0,4.0,4.0,4.0,4.0,4.0,4.0,4.0,4.0,4.0,4.0,4.0,100.0,,,,,,,,,,,,,,,,,,,,,,,,,,,,,,,,,,,,,,,
14704,1754692309.45924,114.6962640285492,1754692309.5404332,111.0,0.0,0.2588929363962506,-18.958321268338523,-0.3088006323712307,0.3929724373217595,14.669318348876686,0.8917501701487254,-0.8341057796508267,0.3479712027399273,-3.816556400740183,4.884857931188208,-2.7783841945899894,2.293509798912737,-3.1518653217292467,2.029703860005384,3544.0,2.0,4.0,4.0,4.0,4.0,4.0,4.0,4.0,4.0,4.0,4.0,4.0,4.0,4.0,4.0,100.0,,,,,,,,,,,,,,,,,,,,,,,,,,,,,,,,,,,,,,,
14705,1754692309.467043,114.70406699180604,1754692309.5481372,112.0,0.0,-0.7995828569334265,-24.094788913173176,-5.213126812432307,-2.552386390045882,4.836280877103803,-3.122453575505148,-1.75809759939753,-1.1206786249687468,-0.8606601254774944,10.170399360891537,0.4427576700871611,6.427211270522406,3.9501573299181416,2.698490596817777,3562.0,2.0,4.0,4.0,4.0,4.0,4.0,4.0,4.0,4.0,4.0,4.0,4.0,4.0,4.0,4.0,100.0,0.3986378014087677,0.621826171875,-0.27862548828125,0.61383056640625,1.005874752998352,0.0830090790987014,0.0258793011307716,-47.10459899902344,-97.3495101928711,5.23384428024292,,,,,,,,,,,,,,,,,,,,,,,,,,,,,
14706,1754692309.474846,114.71186995506288,1754692309.55604,113.0,0.0,-1.812108028491081,-26.283592679355195,-5.639182772897755,-0.7155293755051275,-1.097918121752798,-3.088830287764438,-0.7710374258205661,0.3241181017900203,4.837966427317326,8.965942738432943,7.141633046407435,0.9915681884884292,5.348139589209325,-1.7570597660262024,3319.0,2.0,4.0,4.0,4.0,4.0,4.0,4.0,4.0,4.0,4.0,4.0,4.0,4.0,4.0,4.0,100.0,,,,,,,,,,,,,,,,,,,,,,,,,,,,,,,,,,,,,,,
14707,1754692309.482649,114.71967315673828,1754692309.563843,114.0,0.0,-0.1945506824711742,-28.166027608223715,-4.452484788637605,0.0212629567424187,3.363580416114189,-4.288218902884466,-5.387438055172254,0.383299606618209,5.26085519896759,3.1612227550942293,9.448351931479635,-1.6359421519280772,9.832885102847456,-0.8106539972853284,3611.0,2.0,4.0,4.0,4.0,4.0,4.0,4.0,4.0,4.0,4.0,4.0,4.0,4.0,4.0,4.0,100.0,,,,,,,,,,,,,,,,,,,,,,,,,,,,,,,,,,,,,,,
14708,1754692309.490452,114.72747611999512,1754692309.571646,115.0,0.0,1.0989543639682893,-30.521541204981247,-5.238486440618715,-4.77478273366404,3.683289926513055,-7.3524429507694435,-8.438709985743742,-2.000762337427375,2.610004095610577,5.77166653189289,5.115599946979103,1.062697400679383,9.426463789232288,3.559085724938825,3544.0,2.0,4.0,4.0,4.0,4.0,4.0,4.0,4.0,4.0,4.0,4.0,4.0,4.0,4.0,4.0,100.0,,,,,,,,,,,75.0,4.0,28.13585662841797,4.0,24.001873016357425,4.0,18.57330894470215,3.0,30.41967964172364,4.0,19.61427497863769,4.0,18.51121711730957,3.0,26.39887428283692,4.0,18.836780548095703,4.0,18.18665885925293,3.0,23.522674560546875,3.0,32.55132293701172,4.0,14.470414161682127,4.0,30.32819175720215,3.0,35.192325592041016
14709,1754692309.498255,114.73527908325195,1754692309.579349,116.0,0.0,0.0119237836344154,-31.23775278969731,-3.915067978927596,-8.817588782190683,-1.38409443531134,-4.3256311061257975,-2.9903273136213784,0.7958313547534317,2.6671904644923643,12.531683151731729,3.914200209778869,2.6810425199374777,5.206568462644668,2.1335016050426248,3562.0,2.0,4.0,4.0,4.0,4.0,4.0,4.0,4.0,4.0,4.0,4.0,4.0,4.0,4.0,4.0,100.0,0.3981160223484039,0.621826171875,-0.278564453125,0.61419677734375,1.0029449462890625,0.0893568322062492,0.0327153429388999,-48.59998321533203,-98.39627838134766,5.23384428024292,,,,,,,,,,,,,,,,,,,,,,,,,,,,,
14710,1754692309.506058,114.7430820465088,1754692309.587252,117.0,0.0,-4.160269884806951,-27.408608077174502,-2.36882378278284,-9.556792904892577,-5.174506693788828,0.5973184384847059,-0.9673971272955556,0.616938706853432,4.925306601567115,10.799123705944057,8.604686525171871,2.507510225270778,9.10626206456999,-1.1505831772906845,3319.0,2.0,4.0,4.0,4.0,4.0,4.0,4.0,4.0,4.0,4.0,4.0,4.0,4.0,4.0,4.0,100.0,,,,,,,,,,,,,,,,,,,,,,,,,,,,,,,,,,,,,,,
14711,1754692309.513861,114.75088500976562,1754692309.595056,118.0,0.0,-6.107611277133799,-24.620258299128125,-2.147842683184024,-6.742711371956318,-5.020661861595215,-0.0068652918748171,-2.1509052906789634,-3.6700405526834734,6.327287593717358,5.734017265103887,12.818729794869398,3.0192746839825872,14.800483642633992,4.24302373093002,3611.0,2.0,4.0,4.0,4.0,4.0,4.0,4.0,4.0,4.0,4.0,4.0,4.0,4.0,4.0,4.0,100.0,,,,,,,,,,,,,,,,,,,,,,,,,,,,,,,,,,,,,,,
14712,1754692309.521664,114.75868797302246,1754692309.602859,119.0,0.0,-4.301536103375895,-24.11690737240093,-3.8476664039336015,-8.627531668792528,-6.16624090843294,-2.3501740692382214,-1.0810640131749665,-0.7721423107146279,4.918440927598056,5.831310345022246,11.037360079488224,1.602831627817011,14.56651296352078,10.826912064886926,3544.0,2.0,4.0,4.0,4.0,4.0,4.0,4.0,4.0,4.0,4.0,4.0,4.0,4.0,4.0,4.0,100.0,,,,,,,,,,,,,,,,,,,,,,,,,,,,,,,,,,,,,,,
14713,1754692309.529467,114.76649117469788,1754692309.610662,120.0,0.0,-4.517055268193133,-17.038807316299142,-7.791013705511602,-16.68836807889619,-9.577121416148827,-3.2568334737476903,-0.7667248379158877,6.092951132124028,4.447151043649512,10.592829434135922,8.205466434415314,-0.8329600275885127,15.248086822628297,6.624485137183285,3562.0,2.0,4.0,4.0,4.0,4.0,4.0,4.0,4.0,4.0,4.0,4.0,4.0,4.0,4.0,4.0,100.0,0.3974099457263946,0.62200927734375,-0.27862548828125,0.61444091796875,1.0122225284576416,0.0839856564998626,0.0341802090406417,-46.20737075805664,-98.39627838134766,6.280613422393799,,,,,,,,,,,,,,,,,,,,,,,,,,,,,
14714,1754692309.53727,114.77429413795473,1754692309.6184652,121.0,0.0,-4.732337843933237,-10.241760777695164,-7.25592035180307,-18.72872646032647,-8.338385137048135,-2.121415012679336,-1.4905786209374128,8.060463163383702,7.86478103267018,11.40660595950203,9.35302043665024,0.6211328992594645,13.053975731962282,-0.9461252659602906,3319.0,2.0,4.0,4.0,4.0,4.0,4.0,4.0,4.0,4.0,4.0,4.0,4.0,4.0,4.0,4.0,100.0,,,,,,,,,,,,,,,,,,,,,,,,,,,,,,,,,,,,,,,
14715,1754692309.545073,114.78209710121156,1754692309.626268,122.0,0.0,-1.8502131178256604,-6.58327006825175,-4.607418970147137,-12.041998340449029,-6.416458711612904,-2.0330220803948578,-1.7108025666611866,5.515733489326976,7.656395332585816,6.771654161993865,6.298572120954759,1.2992165999830831,4.427348181823618,-1.0408415361048355,3611.0,2.0,4.0,4.0,4.0,4.0,4.0,4.0,4.0,4.0,4.0,4.0,4.0,4.0,4.0,4.0,100.0,,,,,,,,,,,,,,,,,,,,,,,,,,,,,,,,,,,,,,,
14716,1754692309.552876,114.78990006446838,1754692309.6339722,123.0,0.0,1.4964560243460596,-4.312207768465271,-4.465330644486642,-8.120975803348358,-6.708973294162263,-5.832685601873493,-0.095642986309997,4.470543378677974,1.6533632378240668,3.03475130897408,2.4339791506426423,0.2546316774750607,3.6554847055433015,4.368630277861882,3544.0,2.0,4.0,4.0,4.0,4.0,4.0,4.0,4.0,4.0,4.0,4.0,4.0,4.0,4.0,4.0,100.0,,,,,,,,,,,,,,,,,,,,,,,,,,,,,,,,,,,,,,,
14717,1754692309.560679,114.79770302772522,1754692309.641875,124.0,0.0,-0.0282265882959791,-6.543638738292316,-5.548911707145976,-12.573149197738417,-9.108573598908947,-9.806193191983198,0.2059208010697375,6.461510213015231,0.8951954527834687,4.505824021840567,5.886104000953424,0.6277327570870739,8.456926041685733,7.749813828369156,3562.0,2.0,4.0,4.0,4.0,4.0,4.0,4.0,4.0,4.0,4.0,4.0,4.0,4.0,4.0,4.0,100.0,0.3965659737586975,0.62213134765625,-0.27874755859375,0.61480712890625,1.007827877998352,0.0893568322062492,0.0356450751423835,-47.10459899902344,-98.39627838134766,5.23384428024292,,,,,,,,,,,,,,,,,,,,,,,,,,,,,
14718,1754692309.568482,114.80550599098206,1754692309.649678,125.0,0.0,-3.3292122391784176,-8.161262462998224,-5.320845454923386,-15.397132754518536,-11.6029777514685,-7.897477720208684,0.051829753925773,6.463273861381509,5.110340234526262,8.681833736883306,5.45637054204613,1.4475922783596218,5.317927282403076,4.619845865095755,3319.0,2.0,4.0,4.0,4.0,4.0,4.0,4.0,4.0,4.0,4.0,4.0,4.0,4.0,4.0,4.0,100.0,,,,,,,,,,,,,,,,,,,,,,,,,,,,,,,,,,,,,,,
14719,1754692309.576285,114.81330895423888,1754692309.6574812,126.0,0.0,1.3236450097780903,-1.3576176085383054,-3.897113707989149,-8.203402748152541,-6.849752559762521,-5.008414296891999,1.405314304103456,1.028839427180344,0.9158922295338812,9.603084037920496,-0.6112724892134906,1.3899834858354438,1.6499947700628468,1.2076436534131858,3611.0,2.0,4.0,4.0,4.0,4.0,4.0,4.0,4.0,4.0,4.0,4.0,4.0,4.0,4.0,4.0,100.0,,,,,,,,,,,,,,,,,,,,,,,,,,,,,,,,,,,,,,,
14720,1754692309.584088,114.8211121559143,1754692309.665185,127.0,0.0,7.163643921304384,3.5437513552901976,-2.4092726765624946,1.17603410718678,1.9135447920780564,-5.375999551295507,1.4308715136212695,-3.179480758899871,-9.38977112597192,2.0907999449309784,-4.875602958504231,-0.9837039917046866,0.7120675512731225,1.3399394630078234,52.0,2.0,4.0,4.0,4.0,4.0,4.0,4.0,4.0,4.0,4.0,4.0,4.0,4.0,4.0,4.0,100.0,,,,,,,,,,,,,,,,,,,,,,,,,,,,,,,,,,,,,,,
14721,1754692309.591891,114.82891511917114,1754692309.673088,0.0,0.0,1.9109058913976469,2.1688671430223394,-0.4114646101812695,1.7201510541066227,2.2263735060963654,-0.2677295568852287,3.0350378035221866,-0.2692532294419152,-8.613915915722032,-7.178932366768208,-2.4745209694252708,-1.8963359377518143,-2.709754824049128,1.6882473581812292,3343.0,2.0,4.0,4.0,4.0,4.0,4.0,4.0,4.0,4.0,4.0,4.0,4.0,4.0,4.0,4.0,100.0,0.3956260085105896,0.6221923828125,-0.27886962890625,0.61529541015625,0.992690920829773,0.0781261920928955,0.0258793011307716,-47.2541389465332,-98.24673461914062,5.831998348236084,,,,,,,,,,,,,,,,,,,,,,,,,,,,,
14722,1754692309.599694,114.83671808242798,1754692309.680891,1.0,0.0,-9.591800937157302,6.437147267641933,1.762641957012704,0.9908769264364424,-3.983752189679933,2.500174873911704,3.229566498884026,0.1734429452024528,-1.0923383806086235,-7.353342011400116,-0.0066530078694881,-2.4809929210306905,-1.8471523930545004,2.849869777865308,3496.0,2.0,4.0,4.0,4.0,4.0,4.0,4.0,4.0,4.0,4.0,4.0,4.0,4.0,4.0,4.0,100.0,,,,,,,,,,,,,,,,,,,,,,,,,,,,,,,,,,,,,,,
14723,1754692309.607497,114.8445210456848,1754692309.688694,2.0,0.0,-6.73818264641892,12.562317700841902,3.943509600428513,6.497704225172981,-1.3939352237376283,-0.3242461678924542,-1.4243854252472945,-3.4589817047809106,0.6257418914973982,-4.855862464801305,-1.6571387789886671,-2.225955099043915,3.477816445393671,2.92210235801889,3511.0,2.0,4.0,4.0,4.0,4.0,4.0,4.0,4.0,4.0,4.0,4.0,4.0,4.0,4.0,4.0,100.0,,,,,,,,,,,,,,,,,,,,,,,,,,,,,,,,,,,,,,,
14724,1754692309.6153,114.85232400894164,1754692309.696397,3.0,0.0,3.042112327261435,12.955960929390727,5.189527581546514,8.347280430802726,3.767409370533329,-0.9963415471978294,-5.628574177468494,-4.489475452720711,-3.047704436762473,-7.923616617297597,-4.728114755666724,-2.4693955766864235,2.968022243644469,1.2253730719282032,3601.0,2.0,4.0,4.0,4.0,4.0,4.0,4.0,4.0,4.0,4.0,4.0,4.0,4.0,4.0,4.0,100.0,,,,,,,,,,,,,,,,,,,,,,,,,,,,,,,,,,,,,,,
14725,1754692309.623103,114.86012697219849,1754692309.7043002,4.0,0.0,4.8965774968953895,8.726032679863039,6.041115113290999,7.749599712293076,0.8680981802060899,-0.4933718908712023,-2.2047886854972774,-6.132288430673924,-8.767726304756906,-10.619755130494667,-4.73884093674107,-2.0808297145106,0.2565873747116995,3.4965681758069707,3634.0,2.0,4.0,4.0,4.0,4.0,4.0,4.0,4.0,4.0,4.0,4.0,4.0,4.0,4.0,4.0,100.0,0.3948313891887665,0.6221923828125,-0.279052734375,0.61572265625,1.0029449462890625,0.0722667276859283,0.0268558785319328,-49.04859924316406,-98.09719848632812,6.729228496551514,,,,,,,,,,,,,,,,,,,,,,,,,,,,,
14726,1754692309.630906,114.8679301738739,1754692309.712104,5.0,0.0,7.393763321988501,1.7528138611265265,5.712583421000602,5.1548142194906745,-1.553534867646647,-0.796695865829804,-1.803827904104708,-10.810320239045213,-10.520965971109888,-7.972126420562233,-2.4408337206691044,0.4634900003703137,-0.7762257227372515,8.647405987030254,3504.0,2.0,4.0,4.0,4.0,4.0,4.0,4.0,4.0,4.0,4.0,4.0,4.0,4.0,4.0,4.0,100.0,,,,,,,,,,,,,,,,,,,,,,,,,,,,,,,,,,,,,,,
14727,1754692309.638709,114.87573313713074,1754692309.719907,6.0,0.0,17.402949215927663,0.4258284814383728,6.634682924163997,0.2164819326478095,2.0083135672736603,-0.6792605804733398,-4.375827624991246,-6.231458018185833,-6.124451682756273,-2.4133281789521,-0.3374706956195155,5.054602199796761,-4.2751667261116495,10.267207288776888,3506.0,2.0,4.0,4.0,4.0,4.0,4.0,4.0,4.0,4.0,4.0,4.0,4.0,4.0,4.0,4.0,100.0,,,,,,,,,,,,,,,,,,,,,,,,,,,,,,,,,,,,,,,
14728,1754692309.646512,114.88353610038756,1754692309.72761,7.0,0.0,17.198059192327264,1.0262443006733974,7.241177209088391,-2.028127633847589,-0.2252935243607225,-0.6052406933270049,-4.949852977082855,-1.7941359913363613,-6.278432828461746,-2.04260874696206,1.9786357586747272,4.809640786038244,-8.633043179716879,3.690526530485613,3497.0,2.0,4.0,4.0,4.0,4.0,4.0,4.0,4.0,4.0,4.0,4.0,4.0,4.0,4.0,4.0,100.0,,,,,,,,,,,,,,,,,,,,,,,,,,,,,,,,,,,,,,,
14729,1754692309.654315,114.8913390636444,1754692309.735513,8.0,0.0,6.9537555996707,1.6561103976536344,4.998085526310575,3.0849367349859733,-3.223325563468819,2.125413033844694,-6.638691141096928,-3.59140044991463,-4.482679645651473,-2.121964057264534,1.3093065746892592,1.636243792313877,-1.985841441537417,0.604057263769306,3618.0,2.0,4.0,4.0,4.0,4.0,4.0,4.0,4.0,4.0,4.0,4.0,4.0,4.0,4.0,4.0,100.0,0.3943649530410766,0.62213134765625,-0.2791748046875,0.61602783203125,1.010269284248352,0.0786144807934761,0.0322270542383194,-47.40367889404297,-99.14396667480467,6.729228496551514,,,,,,,,,,,,,,,,,,,,,,,,,,,,,
14730,1754692309.662118,114.89914202690125,1754692309.7433162,9.0,0.0,0.3286465603916326,1.3525390071287688,0.5772121960096115,4.892932959393136,0.4632463159352369,6.121343543872797,-5.791721143360348,-2.6235754764387025,2.2581070873736167,-2.7833411840354643,-4.280783089505633,-1.376277623426006,2.1411384910094853,-0.8629294706100268,3600.0,2.0,4.0,4.0,4.0,4.0,4.0,4.0,4.0,4.0,4.0,4.0,4.0,4.0,4.0,4.0,100.0,,,,,,,,,,,,,,,,,,,,,,,,,,,,,,,,,,,,,,,
14731,1754692309.669921,114.90694499015808,1754692309.75112,10.0,0.0,-0.5067565293792882,1.550186869342781,-3.4101529218164046,2.396797506007772,6.043378805109626,6.612398375421947,2.605758928755733,1.4346640038957617,4.099443334178943,-3.4698096983842674,-2.881620835093088,-3.108230587707965,-1.4907993558217072,-6.7119471065502125,3598.0,2.0,4.0,4.0,4.0,4.0,4.0,4.0,4.0,4.0,4.0,4.0,4.0,4.0,4.0,4.0,100.0,,,,,,,,,,,,,,,,,,,,,,,,,,,,,,,,,,,,,,,
14732,1754692309.677724,114.91474795341492,1754692309.7588232,11.0,0.0,0.514731589718366,-0.2637703307568984,-4.7894908954340565,2.3819065253346423,1.7082602572272378,2.716061550620424,2.04102826007599,2.7018270805728832,1.6010616252628722,-5.849798702055551,3.354153029638809,-4.18725686725341,-3.7959610596088,-8.486955691735176,3560.0,2.0,4.0,4.0,4.0,4.0,4.0,4.0,4.0,4.0,4.0,4.0,4.0,4.0,4.0,4.0,100.0,,,,,,,,,,,,,,,,,,,,,,,,,,,,,,,,,,,,,,,
14733,1754692309.685527,114.92255115509032,1754692309.766726,12.0,0.0,2.8223972553288377,-2.3354082477648035,-1.5037108294267227,0.38140231828595,-3.732926315243162,2.143967404316413,-3.818358330557999,2.5591597266567305,2.3194791615889017,-4.491503470662678,4.697943459593375,-2.0130004078044976,-0.7049139302092726,1.7121845310140316,3556.0,2.0,4.0,4.0,4.0,4.0,4.0,4.0,4.0,4.0,4.0,4.0,4.0,4.0,4.0,4.0,100.0,0.3941336870193481,0.6219482421875,-0.27923583984375,0.6163330078125,0.9985504150390624,0.0683604180812835,0.0312504768371582,-48.45044708251953,-97.4990463256836,4.635690689086914,,,,,,,,,,,,,,,,,,,,,,,,,,,,,
14734,1754692309.69333,114.93035411834715,1754692309.774529,13.0,0.0,-0.7494782612103563,-2.9535201351646947,-1.6585143419116548,-1.7960305456218748,-0.362417870219474,3.963884059048155,-1.82146471473618,0.6927385374355026,3.854783566110996,0.5701827621172697,-0.0393702088805412,-0.2766067532521674,1.8234661359214213,6.62569582058984,3322.0,2.0,4.0,4.0,4.0,4.0,4.0,4.0,4.0,4.0,4.0,4.0,4.0,4.0,4.0,4.0,100.0,,,,,,,,,,,,,,,,,,,,,,,,,,,,,,,,,,,,,,,
14735,1754692309.701133,114.938157081604,1754692309.7823322,14.0,0.0,-6.69926233096956,-5.687014933803113,-7.247767254753199,0.8773050677866365,2.0716644002961573,4.983149256727501,3.968283623545375,1.775976482287405,4.437124024121857,4.774721451318527,-4.392804628796313,-1.047845778779248,-2.103303961955163,-1.1492752043848498,3598.0,2.0,4.0,4.0,4.0,4.0,4.0,4.0,4.0,4.0,4.0,4.0,4.0,4.0,4.0,4.0,100.0,,,,,,,,,,,,,,,,,,,,,,,,,,,,,,,,,,,,,,,
14736,1754692309.708936,114.94596004486084,1754692309.790036,15.0,0.0,-3.930947066563874,-8.363430938234103,-5.716710885914324,-0.4322960315129762,-0.1027417300264801,6.814784438585832,10.79155840114896,9.646372691385352,7.373284810080861,3.553274936698529,-2.245714321785215,-0.4958215592823194,-5.479456172417883,-3.160538666113496,3560.0,2.0,4.0,4.0,4.0,4.0,4.0,4.0,4.0,4.0,4.0,4.0,4.0,4.0,4.0,4.0,100.0,,,,,,,,,,,,,,,,,,,,,,,,,,,,,,,,,,,,,,,
14737,1754692309.716739,114.95376300811768,1754692309.797939,16.0,0.0,-3.1352018054177506,-7.268772427573481,-1.5494054708307203,-7.223066633842905,2.5941626186676103,6.908852960597756,11.358641559426246,11.108215881910724,7.843183494124219,0.5133843114093679,-1.9141963628336496,-1.426726715072732,-8.166411072283495,-1.990869536519881,0.0,2.0,4.0,4.0,4.0,4.0,4.0,4.0,4.0,4.0,4.0,4.0,4.0,4.0,4.0,4.0,100.0,0.6282138228416443,0.4052734375,-0.54815673828125,0.375,1.0127108097076416,0.0805676355957984,0.0258793011307716,-47.85229110717773,-98.39627838134766,5.532921314239502,,,,,,,,,,,,,,,,,,,,,,,,,,,,,
14738,1754692309.724542,114.96156597137453,1754692309.805742,17.0,0.0,-4.3130746278807806,-3.22325243270285,-0.934430182878316,-0.2568377000512214,8.889884341886898,2.768008735579258,5.60984704846436,4.346437795644249,3.5696429397743827,1.4268014588710116,-3.2059425884240795,-2.0145606263918694,-5.466393626051342,-1.352682036479166,0.0,2.0,4.0,4.0,4.0,4.0,4.0,4.0,4.0,4.0,4.0,4.0,4.0,4.0,4.0,4.0,100.0,,,,,,,,,,,,,,,,,,,,,,,,,,,,,,,,,,,,,,,
14739,1754692309.732345,114.96936917304993,1754692309.813445,18.0,0.0,2.326143578018957,-1.2066002384873968,2.0105952412771444,9.764149749214369,5.66924680119638,-2.4464346778974573,3.009708408775907,-1.0110218669835265,-3.016971327363251,-0.3113564033666876,-1.2408140162821724,-1.1579528653825832,-2.4377646916020126,0.5910065712062647,0.0,2.0,4.0,4.0,4.0,4.0,4.0,4.0,4.0,4.0,4.0,4.0,4.0,4.0,4.0,4.0,100.0,,,,,,,,,,,,,,,,,,,,,,,,,,,,,,,,,,,,,,,
14740,1754692309.740148,114.97717213630676,1754692309.821249,19.0,0.0,7.266670892034995,-0.2732368435082435,5.880743598251115,3.0150443970350125,0.0162593642670572,-2.050874232717092,1.8751289332302576,-3.049744206197488,-2.079633020816914,-2.2881037045928,3.990328021835353,-0.2453355843255167,-0.4433211155688923,-1.8936649184125829,0.0,2.0,4.0,4.0,4.0,4.0,4.0,4.0,4.0,4.0,4.0,4.0,4.0,4.0,4.0,4.0,100.0,,,,,,,,,,,,,,,,,,,,,,,,,,,,,,,,,,,,,,,
14741,1754692309.747951,114.9849750995636,1754692309.828952,20.0,0.0,0.7191795365105804,-0.594494001966325,4.171686848824663,-2.579714180768008,0.3639370105401553,-1.4114996551743957,-1.5510827129265294,-2.3174727515416293,3.136894573513871,-0.1888293223078676,5.525528729333416,-0.474105428189489,7.219435631989143,-5.07667416730925,0.0,2.0,4.0,4.0,4.0,4.0,4.0,4.0,4.0,4.0,4.0,4.0,4.0,4.0,4.0,4.0,100.0,0.6281774640083313,0.40521240234375,-0.54803466796875,0.37530517578125,1.0117342472076416,0.0698252841830253,0.0244144350290298,-46.20737075805664,-98.09719848632812,5.23384428024292,,,,,,,,,,,,,,,,,,,,,,,,,,,,,
14742,1754692309.755754,114.99277806282043,1754692309.836755,21.0,0.0,-3.179605867823625,-0.676832484100828,2.5929503020662423,4.743755125939174,1.323934986041536,-2.0149688280019973,-0.5385960547054083,-0.957990589947144,0.1684042612806706,-0.7686668027412225,1.2054045461574106,0.2443421380149857,8.48584451044951,-1.8976888574101167,0.0,2.0,4.0,4.0,4.0,4.0,4.0,4.0,4.0,4.0,4.0,4.0,4.0,4.0,4.0,4.0,100.0,,,,,,,,,,,,,,,,,,,,,,,,,,,,,,,,,,,,,,,
14743,1754692309.763557,115.00058102607728,1754692309.844458,22.0,0.0,-0.1090562611359757,3.279159796032417,3.3606318435147102,5.450767447736524,0.6099647789598919,-0.1948060468933192,-1.6657646090996252,-5.092969308939956,-5.910043637806922,-7.333497280683588,-0.2391066038728979,1.224161332161401,1.371805562468552,-0.9971981525880268,0.0,2.0,4.0,4.0,4.0,4.0,4.0,4.0,4.0,4.0,4.0,4.0,4.0,4.0,4.0,4.0,100.0,,,,,,,,,,,,,,,,,,,,,,,,,,,,,,,,,,,,,,,
14744,1754692309.77136,115.0083839893341,1754692309.852262,23.0,0.0,0.6367526418591183,4.122659967628977,3.749929106042771,0.2649812912551965,3.0695022117990334,2.0000831097415244,-4.015927216353532,-7.126567722174798,-3.8380240425975103,-6.342932395246237,2.779643016039415,1.3421043672089468,-2.2045487876847005,-0.9809915958219904,0.0,2.0,4.0,4.0,4.0,4.0,4.0,4.0,4.0,4.0,4.0,4.0,4.0,4.0,4.0,4.0,100.0,,,,,,,,,,,,,,,,,,,,,,,,,,,,,,,,,,,,,,,
14745,1754692309.779163,115.01618695259094,1754692309.859965,24.0,0.0,-1.1568648756026505,-1.6309845997163848,2.077952535321174,-0.2961041853357073,1.8864209486548589,0.83745410129427,1.289018660818556,-1.774922968484816,0.3497700474965768,-1.0072860906004737,1.9603547938334032,-0.5772090681309692,0.0480320953276987,-0.6436755608699514,0.0,2.0,4.0,4.0,4.0,4.0,4.0,4.0,4.0,4.0,4.0,4.0,4.0,4.0,4.0,4.0,100.0,0.6278685331344604,0.4051513671875,-0.5479736328125,0.3759765625,1.0024566650390625,0.0688487067818641,0.0297856107354164,-47.10459899902344,-98.39627838134766,4.785229206085205,,,,,,,,,,,,,,,,,,,,,,,,,,,,,
14746,1754692309.786966,115.02399015426636,1754692309.867768,25.0,0.0,-0.7784133839551259,-2.7480750201626734,2.037373009937141,-0.1601557438599457,-2.5952090225520124,0.6362762642633015,2.268512764368893,4.293069133197491,-0.2838084444289279,-0.5544839500722674,-0.4721128432316845,-0.4246749086524914,2.660973617312152,-3.1781977211604726,0.0,2.0,4.0,4.0,4.0,4.0,4.0,4.0,4.0,4.0,4.0,4.0,4.0,4.0,4.0,4.0,100.0,,,,,,,,,,,,,,,,,,,,,,,,,,,,,,,,,,,,,,,
14747,1754692309.794769,115.0317931175232,1754692309.875471,26.0,0.0,-1.3579303503380231,0.8658688485833466,1.331097352411149,-2.806615868914008,-2.160399554323334,-0.053307481749556,0.0220147599115136,7.405560328786493,-1.506162606892843,3.767899303807468,-1.518640269825113,2.824860693859052,-0.4458191919623857,1.144238670036799,0.0,2.0,4.0,4.0,4.0,4.0,4.0,4.0,4.0,4.0,4.0,4.0,4.0,4.0,4.0,4.0,100.0,,,,,,,,,,,,,,,,,,,,,,,,,,,,,,,,,,,,,,,
14748,1754692309.802572,115.03959608078004,1754692309.883275,27.0,0.0,-3.5250786939181467,3.000615321915177,-1.6481375767365876,-3.0056157094463174,-0.9908098523941932,-2.561866012917505,1.807583804567514,4.795076153453522,1.4786375954486743,6.084977160888286,-5.306725574879636,1.919592429563238,-3.816446761386885,5.197199243256421,0.0,2.0,4.0,4.0,4.0,4.0,4.0,4.0,4.0,4.0,4.0,4.0,4.0,4.0,4.0,4.0,100.0,,,,,,,,,,,,,,,,,,,,,,,,,,,,,,,,,,,,,,,
14749,1754692309.810375,115.04739904403688,1754692309.890978,28.0,0.0,-1.4709916457588292,9.82528466209834,-1.4596679706289135,1.1772130653133104,2.798834392166839,0.3143796124002733,0.233764413415713,0.6425204694986064,2.966279138886705,0.5754910436651812,-8.35229182339043,-0.0127089879053414,-6.174209862978785,-2.881080872413065,0.0,2.0,4.0,4.0,4.0,4.0,4.0,4.0,4.0,4.0,4.0,4.0,4.0,4.0,4.0,4.0,100.0,0.6277338266372681,0.40496826171875,-0.548095703125,0.376220703125,0.993667483329773,0.0712901502847671,0.0292973220348358,-47.10459899902344,-98.84489440917967,4.187075614929199,,,,,,,,,,,,,,,,,,,,,,,,,,,,,
14750,1754692309.818178,115.0552020072937,1754692309.898781,29.0,0.0,3.127300762263076,9.51789081587458,0.2582484434924481,1.5690780210288722,3.2181170595040385,1.5045637695561709,-2.026650233948203,0.5803048953912366,-0.6826923854209781,-3.5971895598622723,-5.462903511293916,2.3943370497627257,-8.17721999435139,-6.269233769041875,0.0,2.0,4.0,4.0,4.0,4.0,4.0,4.0,4.0,4.0,4.0,4.0,4.0,4.0,4.0,4.0,100.0,,,,,,,,,,,,,,,,,,,,,,,,,,,,,,,,,,,,,,,
14751,1754692309.825981,115.06300497055054,1754692309.906484,30.0,0.0,1.1859472037189676,-0.3867276507444899,1.4033614533022387,-1.7093661362301305,-1.9586505925677216,-1.5403248180269316,1.9077611796587348,3.45093274096547,-2.1671007081804987,1.5959427302627205,-3.482060194445296,5.795682004260414,-4.3760181699565806,1.4098178102853467,0.0,2.0,4.0,4.0,4.0,4.0,4.0,4.0,4.0,4.0,4.0,4.0,4.0,4.0,4.0,4.0,100.0,,,,,,,,,,,,,,,,,,,,,,,,,,,,,,,,,,,,,,,
14752,1754692309.833784,115.07080817222597,1754692309.914288,31.0,0.0,-4.267717529799199,-1.5103880182720673,0.9571070509680908,-2.2770079225899167,-0.8910656427275967,-0.385010704435615,0.233266412127989,0.9526369234666276,-1.978247418043054,6.433484921073898,-3.189000869018571,3.5588283960181,2.893907711280974,2.621701396915625,0.0,2.0,4.0,4.0,4.0,4.0,4.0,4.0,4.0,4.0,4.0,4.0,4.0,4.0,4.0,4.0,100.0,,,,,,,,,,,,,,,,,,,,,,,,,,,,,,,,,,,,,,,
14753,1754692309.841587,115.0786111354828,1754692309.922091,32.0,0.0,-4.443444088623181,4.77609560675117,-0.944549805652258,0.0693871357673572,0.1660602172826486,1.03542790257805,-5.234640710233833,-2.534252187918554,1.07292769720587,7.257647776928735,0.7081391195386288,-0.722152866542018,0.5484859205121495,-0.860797623484558,0.0,2.0,4.0,4.0,4.0,4.0,4.0,4.0,4.0,4.0,4.0,4.0,4.0,4.0,4.0,4.0,100.0,0.6273843050003052,0.40496826171875,-0.54803466796875,0.37689208984375,1.007827877998352,0.0742198824882507,0.0283207446336746,-47.85229110717773,-98.09719848632812,5.23384428024292,,,,,,,,,,,,,,,,,,,,,,,,,,,,,
14754,1754692309.84939,115.08641409873962,1754692309.929894,33.0,0.0,-2.575724210697331,10.628554002592978,-2.779190162197551,-1.0770358550242918,-7.938796845962202,-1.8440301672634405,0.768528655518935,3.2559355794102203,7.587166902135891,8.02194539156983,4.00451167033691,-1.6286453496949207,-6.159445584080117,-0.903540322586082,0.0,2.0,4.0,4.0,4.0,4.0,4.0,4.0,4.0,4.0,4.0,4.0,4.0,4.0,4.0,4.0,100.0,,,,,,,,,,,,,,,,,,,,,,,,,,,,,,,,,,,,,,,
14755,1754692309.857193,115.09421706199646,1754692309.9376972,34.0,0.0,-3.538958608540355,16.853603062317603,-2.9649534524765784,-1.666666467634144,-12.601275908987276,-0.8542021689828232,3.927637392818639,6.054879394483947,9.193826073988845,2.712595988018535,4.521710244850425,-2.3237713110803213,-3.352350225513732,-5.250577424316447,0.0,2.0,4.0,4.0,4.0,4.0,4.0,4.0,4.0,4.0,4.0,4.0,4.0,4.0,4.0,4.0,100.0,,,,,,,,,,,,,,,,,,,,,,,,,,,,,,,,,,,,,,,
14756,1754692309.864996,115.1020200252533,1754692309.9455,35.0,0.0,-2.3774842845849946,17.69936544168658,-0.9782431683183006,2.745883505328578,-6.969407640606647,2.962253507719282,-2.389332019077216,1.229620464557314,6.489495995112151,-2.38357462511604,5.815699242269233,-2.425876018797595,1.190876619491377,-5.274996987869514,0.0,2.0,4.0,4.0,4.0,4.0,4.0,4.0,4.0,4.0,4.0,4.0,4.0,4.0,4.0,4.0,100.0,,,,,,,,,,,,,,,,,,,,,,,,,,,,,,,,,,,,,,,
14757,1754692309.872799,115.10982298851012,1754692309.9532042,36.0,0.0,-0.0131936655102435,11.106562664247122,-0.1500039575339542,0.5092734300446864,-11.724262946152066,-0.81672407151882,-6.281632597907901,-2.688221587423868,3.634704951296044,-3.418750816595093,3.793164024393264,-2.2358749693280515,2.8968366580375005,2.4979081632327507,0.0,2.0,4.0,4.0,4.0,4.0,4.0,4.0,4.0,4.0,4.0,4.0,4.0,4.0,4.0,4.0,100.0,0.6268920302391052,0.40484619140625,-0.5479736328125,0.3779296875,1.005874752998352,0.0654306858777999,0.0375982299447059,-47.85229110717773,-97.3495101928711,5.981536388397217,,,,,,,,,,,,,,,,,,,,,,,,,,,,,
14758,1754692309.880602,115.11762595176695,1754692309.961107,37.0,0.0,2.62953196517185,15.826404764898712,2.2629901743904384,-3.736959709250982,-9.92169316236584,0.511594207478197,-2.0839968045801243,-3.0675501389858937,-0.9213027558729436,-5.01788007496441,-1.013459506088452,1.6821928584869283,3.436012271381628,6.41057428238139,0.0,2.0,4.0,4.0,4.0,4.0,4.0,4.0,4.0,4.0,4.0,4.0,4.0,4.0,4.0,4.0,100.0,,,,,,,,,,,,,,,,,,,,,,,,,,,,,,,,,,,,,,,
14759,1754692309.888405,115.12542915344238,1754692309.96891,38.0,0.0,3.43161224124242,18.117172723458225,3.504292045648981,-0.9583935540954373,2.8719421246428283,3.910162815676813,1.2826930521346185,-5.089356653954837,-8.098755086645724,-9.739372522551548,-7.777053947949753,2.324241659227937,-4.975331966178601,1.1125930969810724,0.0,2.0,4.0,4.0,4.0,4.0,4.0,4.0,4.0,4.0,4.0,4.0,4.0,4.0,4.0,4.0,100.0,,,,,,,,,,,,,,,,,,,,,,,,,,,,,,,,,,,,,,,
14760,1754692309.896208,115.13323211669922,1754692309.9767132,39.0,0.0,5.107801008449201,7.227472056962483,3.781814510671097,1.3581675590729674,2.1482469989849733,-1.4825710772717002,2.969341747573594,-2.6815936541139536,-5.190447046127815,-7.858560297556892,-8.978651356481464,1.8395561371233955,-8.881832377599608,1.0392993347585389,0.0,2.0,4.0,4.0,4.0,4.0,4.0,4.0,4.0,4.0,4.0,4.0,4.0,4.0,4.0,4.0,100.0,,,,,,,,,,,,,,,,,,,,,,,,,,,,,,,,,,,,,,,
14761,1754692309.904011,115.14103507995604,1754692309.984516,40.0,0.0,6.341934213929989,5.274332554431538,4.524240233806239,-3.9780688742553423,-6.034505664788895,-6.166981713181059,1.9055713226902924,-0.6000307246386285,-1.2740208346235988,-5.636080737258027,-2.9572743757817364,4.805743801113266,-2.4261605483104915,7.77255955444204,0.0,2.0,4.0,4.0,4.0,4.0,4.0,4.0,4.0,4.0,4.0,4.0,4.0,4.0,4.0,4.0,100.0,0.6262826919555664,0.40472412109375,-0.54779052734375,0.37933349609375,1.010757565498352,0.055664911866188,0.0419928282499313,-47.40367889404297,-98.84489440917967,5.532921314239502,,,,,,,,,,,,,,,,,,,,,,,,,,,,,
14762,1754692309.911814,115.14883804321288,1754692309.99232,41.0,0.0,4.1314906848281225,11.514155991307916,3.4092528829276034,-5.991756130773183,-3.625927811350493,-3.6638346089810057,-4.222686599320014,-6.024523157108661,-2.7916126730185624,-4.1798149783583085,2.8833047679515857,6.340397692493525,3.837141736001058,7.352530682556107,0.0,2.0,4.0,4.0,4.0,4.0,4.0,4.0,4.0,4.0,4.0,4.0,4.0,4.0,4.0,4.0,100.0,,,,,,,,,,,,,,,,,,,,,,,,,,,,,,,,,,,,,,,
14763,1754692309.919617,115.15664100646973,1754692310.000123,42.0,0.0,0.5650543445017036,4.64560613196997,0.8679044816999237,-3.076905074414782,2.119809278215115,-1.971089433535809,-4.966172545283399,-7.166534324878768,-2.369064092243235,0.381657463180062,0.4038165320707492,3.926513363522616,0.0019114261114907,2.2623474097676706,0.0,2.0,4.0,4.0,4.0,4.0,4.0,4.0,4.0,4.0,4.0,4.0,4.0,4.0,4.0,4.0,100.0,,,,,,,,,,,,,,,,,,,,,,,,,,,,,,,,,,,,,,,
14764,1754692309.92742,115.16444396972656,1754692310.008026,43.0,0.0,0.1871311533234916,-5.19235356921871,1.7343984972501971,0.6619771226854141,4.502182910378281,-1.3496209186702686,0.7672239437263784,-0.3512345696410079,0.0084463208680176,-3.0115458661541084,-1.6583215495422223,3.1513257614890904,-3.1841274431394027,3.6693504053812944,0.0,2.0,4.0,4.0,4.0,4.0,4.0,4.0,4.0,4.0,4.0,4.0,4.0,4.0,4.0,4.0,100.0,,,,,,,,,,,,,,,,,,,,,,,,,,,,,,,,,,,,,,,
14765,1754692309.935223,115.17224717140198,1754692310.015929,44.0,0.0,-2.300093883529144,-6.524912374477708,1.4577641359489917,3.4147423871074807,7.039162594013078,0.2321565625295534,-1.1489645527296943,0.8238737038061572,-1.5493774100425526,-5.199060885690187,-1.862786475995336,3.0295217621990105,-0.9821877257161304,3.4648198940465136,0.0,2.0,4.0,4.0,4.0,4.0,4.0,4.0,4.0,4.0,4.0,4.0,4.0,4.0,4.0,4.0,100.0,0.6260245442390442,0.40447998046875,-0.54754638671875,0.38037109375,1.0014801025390625,0.0571297779679298,0.0361333638429641,-47.85229110717773,-99.44304656982422,5.981536388397217,,,,,,,,,,,,,,,,,,,,,,,,,,,,,
14766,1754692309.943026,115.1800501346588,1754692310.0237322,45.0,0.0,-5.158254899819752,-8.718295751809677,0.6062403204151963,3.0451196820219195,6.365975708226557,1.3620159986232068,-6.360818336163305,-1.9099177885408096,-2.532429809370882,3.1157419228417496,-2.239850729343601,2.0517923518351893,2.532790200369078,0.1293594560126223,0.0,2.0,4.0,4.0,4.0,4.0,4.0,4.0,4.0,4.0,4.0,4.0,4.0,4.0,4.0,4.0,100.0,,,,,,,,,,,,,,,,,,,,,,,,,,,,,,,,,,,,,,,
14767,1754692309.950829,115.18785309791564,1754692310.0315351,46.0,0.0,-2.912027901130216,-11.90928246986715,-1.3600936173568812,0.5843049382403365,1.1654517180424475,0.3835740785004304,-6.63284053605895,-1.2159074093422646,1.171964876413938,1.79615218910493,1.3329089006680874,-0.8880066139952874,6.244555513115017,0.1587120294972805,0.0,2.0,4.0,4.0,4.0,4.0,4.0,4.0,4.0,4.0,4.0,4.0,4.0,4.0,4.0,4.0,100.0,,,,,,,,,,,,,,,,,,,,,,,,,,,,,,,,,,,,,,,
14768,1754692309.958632,115.19565606117249,1754692310.0392392,47.0,0.0,-0.8955355008250763,-10.99039597583021,-5.3395205270370525,2.2397707751921416,3.840777204113351,-0.2576114823995112,-3.9895380292122127,0.2929305496410279,2.708893222710344,-3.095849251101185,3.9931835634726,-2.893465935220206,7.913255878822497,1.9008676220024647,0.0,2.0,4.0,4.0,4.0,4.0,4.0,4.0,4.0,4.0,4.0,4.0,4.0,4.0,4.0,4.0,100.0,,,,,,,,,,,,,,,,,,,,,,,,,,,,,,,,,,,,,,,
14769,1754692309.966435,115.20345902442932,1754692310.047142,48.0,0.0,-3.400815686188281,-12.84617125839489,-5.929489441271045,3.270369469930273,8.023603670498204,-0.2234506793911634,-0.2035045051589179,0.8390121501474539,1.6543230609595128,5.606126963632931,0.8267893487613662,-1.8319660303104968,-0.0348260210169257,-1.026377323990829,0.0,2.0,4.0,4.0,4.0,4.0,4.0,4.0,4.0,4.0,4.0,4.0,4.0,4.0,4.0,4.0,100.0,0.3904782831668854,0.62017822265625,-0.28033447265625,0.61993408203125,1.005386471748352,0.058106355369091,0.0351567864418029,-46.80552291870117,-99.59258270263672,5.831998348236084,,,,,,,,,,,,,,,,,,,,,,,,,,,,,
14770,1754692309.974238,115.21126198768616,1754692310.054945,49.0,0.0,-3.2879512720534194,-15.41481164090294,-1.7885431730234131,0.2067129383761994,7.082742341111384,1.5662953762611096,5.91361821265707,2.6029799449523807,2.180068547703172,8.351694568992912,-1.8058192736990577,-0.485306152614271,-9.486239913300665,-2.47638820795612,0.0,2.0,4.0,4.0,4.0,4.0,4.0,4.0,4.0,4.0,4.0,4.0,4.0,4.0,4.0,4.0,100.0,,,,,,,,,,,,,,,,,,,,,,,,,,,,,,,,,,,,,,,
14771,1754692309.982041,115.219064950943,1754692310.0627482,50.0,0.0,-2.1368390341692134,-14.956266697253056,-0.6767430690303513,-0.3253515112552918,7.448736627645587,1.1530936490156023,5.31203319441039,1.722389114641203,2.359575939983017,2.9323293923947062,-0.383827474681027,-2.53858484917481,-4.573299491154501,-1.7122976145039388,0.0,2.0,4.0,4.0,4.0,4.0,4.0,4.0,4.0,4.0,4.0,4.0,4.0,4.0,4.0,4.0,100.0,,,,,,,,,,,,,,,,,,,,,,,,,,,,,,,,,,,,,,,
14772,1754692309.989844,115.2268681526184,1754692310.070452,51.0,0.0,-0.6293235129199957,-18.263150879099044,-2.657436995471812,2.2273386406665168,12.444361510898148,-0.1782247476234033,-1.260028226154077,-0.9410588309609692,0.549490659362732,7.435187989418978,1.4950976786450385,-1.5898483229206022,2.973509004268749,-1.2632916610158418,0.0,2.0,4.0,4.0,4.0,4.0,4.0,4.0,4.0,4.0,4.0,4.0,4.0,4.0,4.0,4.0,100.0,,,,,,,,,,,83.33333587646484,4.0,23.30057716369629,4.0,21.78512954711914,4.0,15.417518615722656,3.0,28.463520050048828,4.0,18.895694732666016,4.0,17.23772430419922,3.0,24.664152145385746,4.0,17.8790340423584,4.0,17.609548568725586,4.0,21.998023986816406,4.0,28.43281364440918,4.0,13.42033576965332,4.0,28.62068557739257,4.0,29.81690788269043
14773,1754692309.997647,115.23467111587524,1754692310.078355,52.0,0.0,4.056413104733281,-19.565765773155647,-1.812096157760891,4.079372573660464,11.945241088005048,-0.5290474383076003,-2.9960750271464462,-2.1581059991488587,-6.411457269124924,3.8979632125698913,0.0151408295379837,-0.8438016612906836,0.4117098795697416,1.0182373348304168,0.0,2.0,4.0,4.0,4.0,4.0,4.0,4.0,4.0,4.0,4.0,4.0,4.0,4.0,4.0,4.0,100.0,0.390381395816803,0.62005615234375,-0.28033447265625,0.6201171875,1.003921627998352,0.062989242374897,0.0322270542383194,-46.65598678588867,-98.09719848632812,6.729228496551514,,,,,,,,,,,,,,,,,,,,,,,,,,,,,
14774,1754692310.00545,115.24247407913208,1754692310.086158,53.0,0.0,8.282474595671204,-11.780170634984358,0.160593076904945,7.22151906961227,7.524410214859756,0.72848006696114,-0.5265695187583219,-1.97397117609097,-7.926776291614431,-4.010452206530488,0.738751698633962,-2.1812140930398414,-1.5436894350097532,4.597619380398839,0.0,2.0,4.0,4.0,4.0,4.0,4.0,4.0,4.0,4.0,4.0,4.0,4.0,4.0,4.0,4.0,100.0,,,,,,,,,,,,,,,,,,,,,,,,,,,,,,,,,,,,,,,
14775,1754692310.013253,115.25027704238892,1754692310.093961,54.0,0.0,5.610094306693327,-9.96401094042244,-0.4974898315065275,6.591550772770688,3.128821619438213,-0.6382926347566809,-1.7836604574301873,-1.455045763005046,-4.692557476874526,1.061459076028541,2.234596810094672,-1.1501956716963375,-2.097354109605476,2.2286284722715664,0.0,2.0,4.0,4.0,4.0,4.0,4.0,4.0,4.0,4.0,4.0,4.0,4.0,4.0,4.0,4.0,100.0,,,,,,,,,,,,,,,,,,,,,,,,,,,,,,,,,,,,,,,
14776,1754692310.021056,115.25808000564577,1754692310.101664,55.0,0.0,2.4473712174714137,-12.558011085094565,-1.5010512384136518,2.4047465553504708,-1.682342797560409,-2.2204654534301653,-3.650011239884293,3.18565068540886,1.4605559759262403,10.604790199708646,3.9486168544477778,1.014334898986931,-2.469749608512416,-1.9231491583308296,0.0,2.0,4.0,4.0,4.0,4.0,4.0,4.0,4.0,4.0,4.0,4.0,4.0,4.0,4.0,4.0,100.0,,,,,,,,,,,,,,,,,,,,,,,,,,,,,,,,,,,,,,,
14777,1754692310.028859,115.2658829689026,1754692310.1095672,56.0,0.0,0.7309577054883221,-10.033248952347662,-2.041397441544291,1.920766558313403,-6.173722946436214,-0.426027590486342,-3.693284308896296,4.146971705052124,6.50968901090107,5.554464632277245,3.096422770092317,-0.4036224116035782,-0.4160929151718164,-2.461006675088015,0.0,2.0,4.0,4.0,4.0,4.0,4.0,4.0,4.0,4.0,4.0,4.0,4.0,4.0,4.0,4.0,100.0,0.3903905749320984,0.619873046875,-0.28045654296875,0.6202392578125,1.0019683837890625,0.0703135728836059,0.0429694056510925,-46.65598678588867,-97.3495101928711,5.532921314239502,,,,,,,,,,,,,,,,,,,,,,,,,,,,,
14778,1754692310.036662,115.273686170578,1754692310.117371,57.0,0.0,0.4918103003290639,-4.898224733505401,-0.4005121546071564,5.971644132424274,-4.759639007376961,2.465409058508442,-0.4537810956846329,-0.2966950586275629,6.07882475902835,-5.740738225700795,2.355127497843853,-3.3545658268787406,3.698113636025768,-0.8067927208832657,0.0,2.0,4.0,4.0,4.0,4.0,4.0,4.0,4.0,4.0,4.0,4.0,4.0,4.0,4.0,4.0,100.0,,,,,,,,,,,,,,,,,,,,,,,,,,,,,,,,,,,,,,,
14779,1754692310.044465,115.28148913383484,1754692310.125174,58.0,0.0,2.398813930001211,-2.9470505504719995,-2.2895870934331697,3.811449870951378,-1.4299571792131474,1.7210475378518597,1.5577839737164825,0.5471636977307526,0.3193164068142096,-5.202798555002232,2.960699822344281,-3.866665836962625,1.3188188796888198,-1.7445862231558067,0.0,2.0,4.0,4.0,4.0,4.0,4.0,4.0,4.0,4.0,4.0,4.0,4.0,4.0,4.0,4.0,100.0,,,,,,,,,,,,,,,,,,,,,,,,,,,,,,,,,,,,,,,
14780,1754692310.052268,115.28929209709167,1754692310.132877,59.0,0.0,3.222799627959944,-2.027460758090342,-0.623045189984964,-2.8751632246647887,-3.3397103328842377,-0.2364818686399985,4.869047422400513,6.3338106932448,-0.2483196609813376,2.5769272759467867,3.106231699170735,0.3273117272439094,-4.471218713961093,-3.5463808464327258,0.0,2.0,4.0,4.0,4.0,4.0,4.0,4.0,4.0,4.0,4.0,4.0,4.0,4.0,4.0,4.0,100.0,,,,,,,,,,,,,,,,,,,,,,,,,,,,,,,,,,,,,,,
14781,1754692310.060071,115.29709506034852,1754692310.14078,60.0,0.0,-1.4819213394729047,-3.292713682568177,2.298374387850941,-6.742696114783797,-6.4723532224323606,-1.6507819076067278,7.319475929895049,5.507570945595631,3.508400272054274,3.198498840336157,0.630794176197611,2.410356231811562,-2.112606706548462,-6.381502999144999,0.0,2.0,4.0,4.0,4.0,4.0,4.0,4.0,4.0,4.0,4.0,4.0,4.0,4.0,4.0,4.0,100.0,0.3903464674949646,0.61968994140625,-0.280517578125,0.62042236328125,0.9946441054344176,0.0625009536743164,0.0424811169505119,-47.702754974365234,-98.9944305419922,6.878767013549805,,,,,,,,,,,,,,,,,,,,,,,,,,,,,
14782,1754692310.067874,115.30489802360536,1754692310.1485832,61.0,0.0,-3.344191333591482,-0.8293651361091747,-0.3280225530234588,-5.055112589453131,-1.5148828515253283,-0.3892496509166108,6.109439182851418,3.8246113145195855,1.5322112948992412,1.125197271034665,-0.8091939824990391,2.91183011905963,1.2133056081397058,-2.011673215258781,0.0,2.0,4.0,4.0,4.0,4.0,4.0,4.0,4.0,4.0,4.0,4.0,4.0,4.0,4.0,4.0,100.0,,,,,,,,,,,,,,,,,,,,,,,,,,,,,,,,,,,,,,,
14783,1754692310.075677,115.31270098686218,1754692310.156487,62.0,0.0,-0.7511068954619304,5.442467194076812,-3.004909609068477,-4.122077455085787,-0.6984085372688469,0.9613650714990172,2.9511994826306136,3.857363889527619,-2.319146213609315,-0.0086341804341145,-0.7393897460252674,3.121646628265694,-6.7526138356375895,0.6041210186698436,0.0,2.0,4.0,4.0,4.0,4.0,4.0,4.0,4.0,4.0,4.0,4.0,4.0,4.0,4.0,4.0,100.0,,,,,,,,,,,,,,,,,,,,,,,,,,,,,,,,,,,,,,,
14784,1754692310.08348,115.32050395011902,1754692310.1642902,63.0,0.0,0.4821921266647564,6.918108170199446,1.0845943268904534,-5.789284792381352,-6.0909673452707125,2.3541491495329296,2.844052377838068,4.589576334098126,1.196374996873999,-0.5291858827541205,-1.1728155726401042,2.373975647813438,-6.4019141765705285,-6.759260803389736,0.0,2.0,4.0,4.0,4.0,4.0,4.0,4.0,4.0,4.0,4.0,4.0,4.0,4.0,4.0,4.0,100.0,,,,,,,,,,,,,,,,,,,,,,,,,,,,,,,,,,,,,,,
14785,1754692310.091283,115.32830715179443,1754692310.172193,64.0,0.0,-2.6042657886979725,5.471599404543071,-0.1897508155185789,-6.20089494550453,-2.8584260469130243,1.6089172847249245,3.018589170842773,4.777684359686504,6.364213441074611,3.227184410094964,-3.928945685855666,-3.848150262263204,1.645902047730118,-12.357483985084995,3340.0,2.0,4.0,4.0,4.0,4.0,4.0,4.0,4.0,4.0,4.0,4.0,4.0,4.0,4.0,4.0,100.0,0.3904523253440857,0.6195068359375,-0.2806396484375,0.6204833984375,0.9980621337890624,0.0703135728836059,0.0429694056510925,-46.65598678588867,-99.14396667480467,5.532921314239502,,,,,,,,,,,,,,,,,,,,,,,,,,,,,
14786,1754692310.099086,115.33611011505128,1754692310.179996,65.0,0.0,-2.4299464188001423,8.073106209894007,-4.178169294255355,0.1182946380455121,3.9682673016955903,1.818367606608348,1.6706587512604472,0.4920764134772923,3.855955793454626,4.608919450233856,-3.547086870008485,-6.524447182510272,-1.9783199140375984,-8.782616510379654,3504.0,2.0,4.0,4.0,4.0,4.0,4.0,4.0,4.0,4.0,4.0,4.0,4.0,4.0,4.0,4.0,100.0,,,,,,,,,,,,,,,,,,,,,,,,,,,,,,,,,,,,,,,
14787,1754692310.106889,115.3439130783081,1754692310.187899,66.0,0.0,0.5816971835128015,12.018778120601723,2.6868832460053227,9.972745522364562,2.545972756007245,5.443884165431314,1.6474320645410216,-3.9777347279388096,-2.3536622368006874,-3.899480808271278,-1.1581844302342006,-0.050657774760225,-7.0858102360031125,-5.666274923277911,3505.0,2.0,4.0,4.0,4.0,4.0,4.0,4.0,4.0,4.0,4.0,4.0,4.0,4.0,4.0,4.0,100.0,,,,,,,,,,,,,,,,,,,,,,,,,,,,,,,,,,,,,,,
14788,1754692310.114692,115.35171604156494,1754692310.195702,67.0,0.0,-3.107290699489994,10.482492258809572,8.086968365720196,7.806315331140041,-1.1379808506139568,3.961719827409553,-1.682265509095913,-3.6666095513419066,-3.2153913007009294,-4.64589876732768,-0.042297231873789,3.7746460351641247,1.4488597292009049,-5.667607184855541,3613.0,2.0,4.0,4.0,4.0,4.0,4.0,4.0,4.0,4.0,4.0,4.0,4.0,4.0,4.0,4.0,100.0,,,,,,,,,,,,,,,,,,,,,,,,,,,,,,,,,,,,,,,
14789,1754692310.122495,115.35951900482178,1754692310.203406,68.0,0.0,-7.151924938696368,5.705621753322873,5.278308462441316,-0.277653931215184,-2.9701514513115512,-2.0038770413569296,-4.547765819460267,-6.36618259246535,-0.698665138012359,-1.063621092849928,3.0696296132684324,2.802931166876249,5.641841216631462,1.1414078746012706,3629.0,2.0,4.0,4.0,4.0,4.0,4.0,4.0,4.0,4.0,4.0,4.0,4.0,4.0,4.0,4.0,100.0,0.3905054330825805,0.6195068359375,-0.28070068359375,0.62042236328125,1.008316159248352,0.0600595101714134,0.0424811169505119,-47.10459899902344,-98.39627838134766,5.532921314239502,,,,,,,,,,,,,,,,,,,,,,,,,,,,,
14790,1754692310.130298,115.3673219680786,1754692310.211209,69.0,0.0,-4.748033500447434,4.510534401535608,4.377917352654151,3.755144320940474,-1.150498343154993,1.5437153039902682,-1.0502882670634222,-8.664278257025614,-2.5997979648286105,-8.170861773123704,2.155991819908252,1.431374213932088,-4.085641083724056,7.252408091711516,3514.0,2.0,4.0,4.0,4.0,4.0,4.0,4.0,4.0,4.0,4.0,4.0,4.0,4.0,4.0,4.0,100.0,,,,,,,,,,,,,,,,,,,,,,,,,,,,,,,,,,,,,,,
14791,1754692310.138101,115.37512516975404,1754692310.218912,70.0,0.0,-2.1123341291724387,5.431930462764569,3.3835526492987924,8.504036923835713,2.644805709634795,8.738284671361555,1.7481824785889444,-3.890976093964298,-5.434070782401875,-9.024996891974013,-5.283182072222814,0.6608510604754088,-6.625378561629702,2.8491003973616102,3505.0,2.0,4.0,4.0,4.0,4.0,4.0,4.0,4.0,4.0,4.0,4.0,4.0,4.0,4.0,4.0,100.0,,,,,,,,,,,,,,,,,,,,,,,,,,,,,,,,,,,,,,,
14792,1754692310.145904,115.38292813301086,1754692310.226715,71.0,0.0,-3.036466336087244,3.986319351161171,-1.841096432797542,-1.0232867848956744,1.4907128441033706,4.817320423360968,0.6285812171478824,-1.3505625406176591,-2.805974945786886,1.743502777438323,-3.0437688785335126,0.2520370145081756,3.899788054695989,0.100111905113124,3509.0,2.0,4.0,4.0,4.0,4.0,4.0,4.0,4.0,4.0,4.0,4.0,4.0,4.0,4.0,4.0,100.0,,,,,,,,,,,,,,,,,,,,,,,,,,,,,,,,,,,,,,,
14793,1754692310.153707,115.3907310962677,1754692310.234419,72.0,0.0,-2.64882071357357,-1.2408348539452732,-1.8322369626908424,-8.593828890275347,-1.2423728431259065,-0.196557145398458,-0.5002599278796538,-2.6076691396074807,1.425371722108082,3.955305601475573,3.144193146775649,0.4426968641564031,8.50802238777095,5.282587535270011,3598.0,2.0,4.0,4.0,4.0,4.0,4.0,4.0,4.0,4.0,4.0,4.0,4.0,4.0,4.0,4.0,100.0,0.390646368265152,0.61956787109375,-0.2806396484375,0.62030029296875,1.0000152587890625,0.0634775310754776,0.0463874265551567,-46.05783081054688,-97.4990463256836,5.831998348236084,,,,,,,,,,,,,,,,,,,,,,,,,,,,,
14794,1754692310.16151,115.39853405952454,1754692310.242222,73.0,0.0,1.353045625559446,-6.349144997355722,0.9003125702575403,-3.612067638133283,-0.0598440541979812,1.6546241759679674,0.3271255278896774,0.2437810432180072,2.574538007092599,-1.802705547841413,-2.61758526192574,-0.0485013309198052,-0.9132138339654716,4.715113203098156,3617.0,2.0,4.0,4.0,4.0,4.0,4.0,4.0,4.0,4.0,4.0,4.0,4.0,4.0,4.0,4.0,100.0,,,,,,,,,,,,,,,,,,,,,,,,,,,,,,,,,,,,,,,
14795,1754692310.169313,115.40633702278136,1754692310.2499251,74.0,0.0,4.96474249543337,-4.937832453323949,-2.508229174182248,-1.6070260414666109,1.998810572226489,0.5947222514079158,3.630102627774818,5.212138565591999,0.289022819567549,-0.964947661322526,-4.851835993990676,1.7686650256015355,-6.440303300921528,0.4289822081678949,3605.0,2.0,4.0,4.0,4.0,4.0,4.0,4.0,4.0,4.0,4.0,4.0,4.0,4.0,4.0,4.0,100.0,,,,,,,,,,,,,,,,,,,,,,,,,,,,,,,,,,,,,,,
14796,1754692310.177116,115.4141399860382,1754692310.257728,75.0,0.0,6.167953489686056,-3.688565937194767,-5.401571342949524,-5.635972673863421,1.5018038329111505,-4.180561479341236,4.414662865835794,2.979298972756056,-0.6323842750922495,4.642984881046118,-0.7171979038122345,2.6291567563879426,-2.610992939119683,0.5388814931637853,3565.0,2.0,4.0,4.0,4.0,4.0,4.0,4.0,4.0,4.0,4.0,4.0,4.0,4.0,4.0,4.0,100.0,,,,,,,,,,,,,,,,,,,,,,,,,,,,,,,,,,,,,,,
14797,1754692310.184919,115.42194318771362,1754692310.265432,76.0,0.0,7.556206410574674,-3.0914806931956207,-3.404842585008822,-2.799661777297473,1.6398099804277138,-1.3971467549609713,1.5916596041810465,0.710027068685946,3.3524532636241986,13.105688574206766,-3.4108288383591514,-0.6945920350941321,2.225116326496078,-1.2752124124382078,3558.0,2.0,4.0,4.0,4.0,4.0,4.0,4.0,4.0,4.0,4.0,4.0,4.0,4.0,4.0,4.0,100.0,0.390593409538269,0.61962890625,-0.28057861328125,0.62030029296875,1.006363034248352,0.0737315937876701,0.0390630960464477,-47.40367889404297,-99.89166259765624,4.486152648925781,,,,,,,,,,,,,,,,,,,,,,,,,,,,,
14798,1754692310.192722,115.42974615097046,1754692310.273235,77.0,0.0,5.317852386912989,-3.2749142547862107,-4.5910584548485645,-0.6167316843901176,-0.9241397971161972,2.0274059315362933,0.0002128537445855,3.213147531366019,3.2795791919049293,15.370902665706751,-6.597637385544942,-4.6898745851966055,7.098556424622245,-3.7045597722593016,3330.0,2.0,4.0,4.0,4.0,4.0,4.0,4.0,4.0,4.0,4.0,4.0,4.0,4.0,4.0,4.0,100.0,,,,,,,,,,,,,,,,,,,,,,,,,,,,,,,,,,,,,,,
14799,1754692310.200525,115.4375491142273,1754692310.280938,78.0,0.0,2.597203956956889,-1.354335896771829,-3.965263218264738,-2.4948040303088987,-0.7206666381417222,2.0046051503213107,-0.3672486905161918,6.626168458615155,1.4751819149541348,8.392232188413288,-2.2899918232283767,-5.234410839758368,5.607004848979329,-1.344747973574215,3605.0,2.0,4.0,4.0,4.0,4.0,4.0,4.0,4.0,4.0,4.0,4.0,4.0,4.0,4.0,4.0,100.0,,,,,,,,,,,,,,,,,,,,,,,,,,,,,,,,,,,,,,,
14800,1754692310.208328,115.44535207748412,1754692310.288741,79.0,0.0,0.9332251366100196,1.538886678136862,-1.4308410183265892,-1.8479643436780293,1.055915151102056,3.609201912882384,-1.343275823654437,3.3750185028648616,5.555008132677415,3.035273694729824,-1.9412194749197056,-6.717595174373344,-6.727821872593893,-3.455759499161047,3565.0,2.0,4.0,4.0,4.0,4.0,4.0,4.0,4.0,4.0,4.0,4.0,4.0,4.0,4.0,4.0,100.0,,,,,,,,,,,,,,,,,,,,,,,,,,,,,,,,,,,,,,,
14801,1754692310.216131,115.45315504074097,1754692310.296545,80.0,0.0,-1.3122388505112212,1.6742860375643431,-1.904364986196469,0.2802989782453551,2.565780479728801,5.617253598833031,3.655867586968725,-1.8053096779322004,6.854589384059636,2.8407103815952723,-2.33916236249388,-4.0289991365220885,-9.791780219658447,-3.6633229018452766,3558.0,2.0,4.0,4.0,4.0,4.0,4.0,4.0,4.0,4.0,4.0,4.0,4.0,4.0,4.0,4.0,100.0,0.390496551990509,0.61968994140625,-0.28057861328125,0.62030029296875,0.9961089491844176,0.0639658197760582,0.0224612802267074,-47.2541389465332,-99.29351043701172,6.878767013549805,,,,,,,,,,,,,,,,,,,,,,,,,,,,,
14802,1754692310.223934,115.4609580039978,1754692310.304348,81.0,0.0,-1.250737426371046,1.838171710199191,-3.3626881010632985,-2.706911803221004,3.3222092599748123,-1.0570970782387974,4.668462415151595,-1.6682160665464778,-4.054394091790158,-2.56748373583568,0.5106387808354214,2.8622763921961507,1.403635878485744,2.7910879374716444,3330.0,2.0,4.0,4.0,4.0,4.0,4.0,4.0,4.0,4.0,4.0,4.0,4.0,4.0,4.0,4.0,100.0,,,,,,,,,,,,,,,,,,,,,,,,,,,,,,,,,,,,,,,
14803,1754692310.231737,115.46876096725464,1754692310.3121512,82.0,0.0,3.937767855810364,3.909127898291047,-0.4953241975167088,-2.9643188583203823,0.2657477149023748,-9.471469430725335,-3.691632034538941,-1.56796186778314,-9.456529702581918,-5.765505735440399,1.327960627403229,3.216400717562521,5.734986717853246,5.880882189691022,3605.0,2.0,4.0,4.0,4.0,4.0,4.0,4.0,4.0,4.0,4.0,4.0,4.0,4.0,4.0,4.0,100.0,,,,,,,,,,,,,,,,,,,,,,,,,,,,,,,,,,,,,,,
14804,1754692310.23954,115.47656416893004,1754692310.320054,83.0,0.0,7.332879938204229,2.461628183422277,3.605541231639023,2.579555796029041,-3.626596481302016,-7.863809527577445,-7.0728756813524285,-2.1875152395360544,-2.9955728587129613,-1.1219635919611337,0.3806451760805487,0.6952331018245843,0.1879894328536977,6.656927541217925,3565.0,2.0,4.0,4.0,4.0,4.0,4.0,4.0,4.0,4.0,4.0,4.0,4.0,4.0,4.0,4.0,100.0,,,,,,,,,,,,,,,,,,,,,,,,,,,,,,,,,,,,,,,
14805,1754692310.247343,115.48436713218688,1754692310.3279572,84.0,0.0,3.377492966104456,1.0699214918799953,5.508237745150382,2.9276208964879515,-4.661905701880187,-3.1051784805354146,-2.8292326718315053,-3.2615956116342204,1.7829209988499315,-0.999278339603734,0.7091000165419246,0.4441260882108508,-3.9025199514387614,4.383275421107555,3558.0,2.0,4.0,4.0,4.0,4.0,4.0,4.0,4.0,4.0,4.0,4.0,4.0,4.0,4.0,4.0,100.0,0.390637457370758,0.61981201171875,-0.280517578125,0.6201171875,0.992202639579773,0.0473640039563179,0.0424811169505119,-46.80552291870117,-99.29351043701172,6.43015193939209,,,,,,,,,,,,,,,,,,,,,,,,,,,,,
14806,1754692310.255146,115.49217009544373,1754692310.33576,85.0,0.0,0.3978509115504494,7.388772320564385,5.007008579475496,2.7901430570764205,-1.3708352550547716,0.7729397978905581,-0.5175954578726305,-3.146114556961493,2.5292603492989656,-4.102625836085736,2.0583420285897773,-1.252663851410034,-6.889470547848987,-2.6172985229923142,3330.0,2.0,4.0,4.0,4.0,4.0,4.0,4.0,4.0,4.0,4.0,4.0,4.0,4.0,4.0,4.0,100.0,,,,,,,,,,,,,,,,,,,,,,,,,,,,,,,,,,,,,,,
14807,1754692310.262949,115.49997305870056,1754692310.343564,86.0,0.0,0.1268868325992116,9.58444437083108,1.052161095415613,6.134317276947968,2.128787842514157,3.136974469620327,-1.361094544110074,-1.895742465868807,0.4029192502848673,-1.3434586732801108,0.1322936145015774,-1.1384954179252418,-5.719674772380131,-3.111313079500178,3605.0,2.0,4.0,4.0,4.0,4.0,4.0,4.0,4.0,4.0,4.0,4.0,4.0,4.0,4.0,4.0,100.0,,,,,,,,,,,,,,,,,,,,,,,,,,,,,,,,,,,,,,,
14808,1754692310.270752,115.5077760219574,1754692310.351367,87.0,0.0,-2.09388369425426,4.54409818719239,-0.5156356923481553,4.951983958710002,-0.7701708696196192,1.0249168671219877,-3.9025568378239086,-4.661142717946973,-2.0123185298676844,-1.1327796690126206,1.295161167069068,1.6433018588458026,4.452460649191494,0.4675248678112211,3565.0,2.0,4.0,4.0,4.0,4.0,4.0,4.0,4.0,4.0,4.0,4.0,4.0,4.0,4.0,4.0,100.0,,,,,,,,,,,,,,,,,,,,,,,,,,,,,,,,,,,,,,,
14809,1754692310.278555,115.51557898521423,1754692310.35917,88.0,0.0,-2.8112274141429907,3.7656864568072015,1.4190021434793607,1.3647822369877076,-2.7073034395633613,-1.5624525430888525,-3.897522997163719,-4.921556825066432,0.7196362645451018,-4.221062958440484,8.4122927504078,3.271014289280288,8.641057360489299,0.3065484625027466,3558.0,2.0,4.0,4.0,4.0,4.0,4.0,4.0,4.0,4.0,4.0,4.0,4.0,4.0,4.0,4.0,100.0,0.6264559626579285,0.40435791015625,-0.54705810546875,0.3804931640625,0.991226077079773,0.0566414892673492,0.0317387655377388,-45.908294677734375,-98.09719848632812,6.729228496551514,,,,,,,,,,,,,,,,,,,,,,,,,,,,,
14810,1754692310.286358,115.52338218688963,1754692310.3669732,89.0,0.0,-0.9637129289023392,2.043450662898352,-1.088951344044915,2.79260288550978,0.3003489269493116,-1.5023491261510458,-0.4927342174370892,-3.047203972277373,0.1297940204643168,-1.394159633188508,6.539468292575577,1.383113266513476,3.710928923017775,-1.3113083864411124,3330.0,2.0,4.0,4.0,4.0,4.0,4.0,4.0,4.0,4.0,4.0,4.0,4.0,4.0,4.0,4.0,100.0,,,,,,,,,,,,,,,,,,,,,,,,,,,,,,,,,,,,,,,
14811,1754692310.294161,115.53118515014648,1754692310.374776,90.0,0.0,0.983539996034608,-0.0816298441415597,-1.5886960023455572,4.3888160237737,0.6845926041340249,0.3317780173236428,0.5534282641099821,-4.213865121858532,-4.197046254934492,0.8516440460301169,-1.6293109710770182,1.4207912607451476,-0.5042477135731929,-0.246869371537457,3605.0,2.0,4.0,4.0,4.0,4.0,4.0,4.0,4.0,4.0,4.0,4.0,4.0,4.0,4.0,4.0,100.0,,,,,,,,,,,,,,,,,,,,,,,,,,,,,,,,,,,,,,,
14812,1754692310.301964,115.53898811340332,1754692310.3826802,91.0,0.0,2.83877984394411,-0.1042487843099593,7.004353469988644,1.1081578378422705,-1.627772370314517,-0.5717230474045323,0.0284729514511923,-2.899696947363111,-1.8691663222264765,0.370801660739005,-1.8237709088342056,2.6200826608307466,-4.831960495521173,2.877820772519214,3565.0,2.0,4.0,4.0,4.0,4.0,4.0,4.0,4.0,4.0,4.0,4.0,4.0,4.0,4.0,4.0,100.0,,,,,,,,,,,,,,,,,,,,,,,,,,,,,,,,,,,,,,,
14813,1754692310.309767,115.54679107666016,1754692310.390583,92.0,0.0,0.6857683202119915,-4.026441658544627,6.95605485791566,-2.0062356359062505,-2.010688058692267,-2.8243287319996853,-0.1743600167415024,3.765699286203926,0.3339096280160447,0.9104171692547424,1.0886690901015754,1.172519503755666,-5.865577083706285,5.067114589211542,3558.0,2.0,4.0,4.0,4.0,4.0,4.0,4.0,4.0,4.0,4.0,4.0,4.0,4.0,4.0,4.0,100.0,0.6268238425254822,0.4044189453125,-0.54705810546875,0.37982177734375,0.9965972304344176,0.0712901502847671,0.030273899435997,-47.702754974365234,-98.9944305419922,5.383382797241211,,,,,,,,,,,,,,,,,,,,,,,,,,,,,
14814,1754692310.31757,115.554594039917,1754692310.398386,93.0,0.0,-2.639907815491142,-1.438166709628831,-0.6202252278219476,0.0635298823433458,-1.5228750781500366,-1.7862976663079737,1.12521737649854,7.182634306302816,-2.5972654262857304,-0.2116158709711726,0.5731866226785769,3.8829237015140734,2.030949005051525,3.312569466292871,3330.0,2.0,4.0,4.0,4.0,4.0,4.0,4.0,4.0,4.0,4.0,4.0,4.0,4.0,4.0,4.0,100.0,,,,,,,,,,,,,,,,,,,,,,,,,,,,,,,,,,,,,,,
14815,1754692310.325373,115.56239700317384,1754692310.406189,94.0,0.0,-2.676017476262416,5.204383576358566,0.3211884679196259,0.9844487236857162,-1.8639443121176669,-1.048777855531,1.36839918584036,2.572744442453029,-2.208474848337403,-0.6844289754465649,-1.7985514423237987,2.618216484840275,4.1393778348657975,-1.7150225465973676,3605.0,2.0,4.0,4.0,4.0,4.0,4.0,4.0,4.0,4.0,4.0,4.0,4.0,4.0,4.0,4.0,100.0,,,,,,,,,,,,,,,,,,,,,,,,,,,,,,,,,,,,,,,
14816,1754692310.333176,115.57019996643066,1754692310.413892,95.0,0.0,-4.248323305983234,5.257062199604803,0.5911198191026017,-0.6295028529342233,-1.1322879114817113,0.1294695269495207,-1.1350997207094622,1.609823332375214,3.0564334717084023,1.1347121084915273,0.9741560713920592,-3.849432147413921,-0.4515237894921426,-0.6161429720276317,3565.0,2.0,4.0,4.0,4.0,4.0,4.0,4.0,4.0,4.0,4.0,4.0,4.0,4.0,4.0,4.0,100.0,,,,,,,,,,,,,,,,,,,,,,,,,,,,,,,,,,,,,,,
14817,1754692310.340979,115.57800316810608,1754692310.4217951,96.0,0.0,-7.812243941373083,5.198397969833138,-3.884836569457832,-2.887928899863539,-2.281126397384753,3.3326832299187004,-2.9845704585807766,5.790939039657758,5.400575879167434,-0.1247633523669833,5.048382483126886,-4.538426871573677,-5.405242820166734,3.782159964608297,3558.0,2.0,4.0,4.0,4.0,4.0,4.0,4.0,4.0,4.0,4.0,4.0,4.0,4.0,4.0,4.0,100.0,0.6273019313812256,0.4046630859375,-0.5467529296875,0.37921142578125,1.0029449462890625,0.0698252841830253,0.0439459830522537,-48.15137100219727,-98.39627838134766,4.785229206085205,,,,,,,,,,,,,,,,,,,,,,,,,,,,,
14818,1754692310.348782,115.58580613136292,1754692310.429599,97.0,0.0,-4.201526784076805,7.969290253316785,-1.0490808395209117,-4.647071732404356,-5.531289516280367,2.3481814779790966,-0.387556293255102,5.635127317036904,3.54091450170813,-1.474285307573382,2.660223470703613,0.7142666792226464,-9.129802281878028,1.389777596520844,3330.0,2.0,4.0,4.0,4.0,4.0,4.0,4.0,4.0,4.0,4.0,4.0,4.0,4.0,4.0,4.0,100.0,,,,,,,,,,,,,,,,,,,,,,,,,,,,,,,,,,,,,,,
14819,1754692310.356585,115.59360909461977,1754692310.437402,98.0,0.0,2.370841967308081,8.81181353793778,4.26690471373837,-5.049057330854737,-6.935965050797165,-1.987193004189919,3.680802175730207,0.5352092149228724,1.545371006498101,-1.2423289245670617,-0.8793785746601657,0.6358363925097024,-2.988843037704953,-0.9783580778216106,3605.0,2.0,4.0,4.0,4.0,4.0,4.0,4.0,4.0,4.0,4.0,4.0,4.0,4.0,4.0,4.0,100.0,,,,,,,,,,,,,,,,,,,,,,,,,,,,,,,,,,,,,,,
14820,1754692310.364388,115.6014120578766,1754692310.445105,99.0,0.0,1.4009230784047872,10.450622229426074,2.509687458093424,-3.047275566612541,-7.774533831699216,-1.1637983894863169,5.150033990707755,-2.1382688927948834,1.6021985062241697,-5.359223997444303,-2.740320807860087,-1.4161178658015956,3.884184555084687,1.945696913220501,3565.0,2.0,4.0,4.0,4.0,4.0,4.0,4.0,4.0,4.0,4.0,4.0,4.0,4.0,4.0,4.0,100.0,,,,,,,,,,,,,,,,,,,,,,,,,,,,,,,,,,,,,,,
14821,1754692310.372191,115.60921502113342,1754692310.4530082,100.0,0.0,-0.9299749206784896,10.385203492821743,-1.229182153079421,-1.3363792968403343,-5.163042475740497,2.396883816496427,4.294535263000341,0.4337962725120974,1.760084818333269,-7.591221802616531,-5.985222679172296,-0.5215763747629012,0.2645799867172513,1.5586516677985287,3558.0,2.0,4.0,4.0,4.0,4.0,4.0,4.0,4.0,4.0,4.0,4.0,4.0,4.0,4.0,4.0,100.0,0.6271494030952454,0.40496826171875,-0.54644775390625,0.37957763671875,1.0029449462890625,0.0712901502847671,0.0336919203400611,-46.05783081054688,-97.94766235351562,6.878767013549805,,,,,,,,,,,,,,,,,,,,,,,,,,,,,
14822,1754692310.379994,115.61701798439026,1754692310.4608111,101.0,0.0,1.495545868414638,5.532976376249508,-0.9877853360897006,-5.988451388736166,-2.563174016666153,3.883996451091434,5.702272051874616,1.995106329897908,1.91447198807532,-1.7814967019787673,-7.767372434017716,0.4148129243596941,-3.387591958258099,-0.487481056012939,3330.0,2.0,4.0,4.0,4.0,4.0,4.0,4.0,4.0,4.0,4.0,4.0,4.0,4.0,4.0,4.0,100.0,,,,,,,,,,,,,,,,,,,,,,,,,,,,,,,,,,,,,,,
14823,1754692310.387797,115.62482118606567,1754692310.4687152,102.0,0.0,1.6881789441021624,3.834897395372934,0.5805998842128588,-12.30145552145865,-4.473290861612497,0.4387727039197102,3.2720385332585806,1.6641694488207008,0.1198924051131484,-0.3565603628867961,-7.442101338844225,3.4427168584342667,-3.522894424808385,-0.6121585984733997,3605.0,2.0,4.0,4.0,4.0,4.0,4.0,4.0,4.0,4.0,4.0,4.0,4.0,4.0,4.0,4.0,100.0,,,,,,,,,,,,,,,,,,,,,,,,,,,,,,,,,,,,,,,
14824,1754692310.3956,115.63262414932252,1754692310.4765182,103.0,0.0,2.0268757256558843,9.04613797483313,0.8457570624819368,-6.433845491925638,-0.4040658981270439,-3.3134070130954,-0.7660708939642404,3.9453500416703378,-0.6114082952507829,-2.45389084131142,-0.6165017502234491,8.43266412186,0.4040559097507525,-0.8786418603230572,3565.0,2.0,4.0,4.0,4.0,4.0,4.0,4.0,4.0,4.0,4.0,4.0,4.0,4.0,4.0,4.0,100.0,,,,,,,,,,,,,,,,,,,,,,,,,,,,,,,,,,,,,,,
14825,1754692310.403403,115.64042711257936,1754692310.484421,104.0,0.0,1.406861263037797,7.869816655175043,-1.968210793475748,-1.503442143345012,0.9867825434836844,-4.035306779214636,-5.828050325219294,1.2468146141633838,-1.100263945909603,-3.3927422960890112,3.562740595256116,5.861144836282335,5.860515398579025,-2.631282133210618,3558.0,2.0,4.0,4.0,4.0,4.0,4.0,4.0,4.0,4.0,4.0,4.0,4.0,4.0,4.0,4.0,100.0,0.6270751953125,0.4051513671875,-0.546142578125,0.37994384765625,0.9961089491844176,0.0664072632789611,0.0327153429388999,-47.702754974365234,-98.24673461914062,5.084306240081787,,,,,,,,,,,,,,,,,,,,,,,,,,,,,
14826,1754692310.411206,115.64823007583618,1754692310.492224,105.0,0.0,2.747835538621871,1.933067788043332,-1.0893459801114886,-4.061831340749563,-1.270158370914146,-2.091124814981072,-5.435408574878352,-1.288326401227209,0.2201666343693205,-5.986748753563575,2.3805795017145783,5.454522629443886,7.390229221328923,1.2051416431066857,3330.0,2.0,4.0,4.0,4.0,4.0,4.0,4.0,4.0,4.0,4.0,4.0,4.0,4.0,4.0,4.0,100.0,,,,,,,,,,,,,,,,,,,,,,,,,,,,,,,,,,,,,,,
14827,1754692310.419009,115.65603303909302,1754692310.500127,106.0,0.0,-0.3695534160717102,-4.159193289249458,-1.5766587806803614,-4.173387722754512,-1.0267771824584884,1.2206239387244864,-1.0207982965050064,1.8220303726787392,2.5328220476502,-7.216922095436246,0.6020793695873294,6.697068339346345,1.2627244087105396,0.908359958693211,3605.0,2.0,4.0,4.0,4.0,4.0,4.0,4.0,4.0,4.0,4.0,4.0,4.0,4.0,4.0,4.0,100.0,,,,,,,,,,,,,,,,,,,,,,,,,,,,,,,,,,,,,,,
14828,1754692310.426812,115.66383600234984,1754692310.50793,107.0,0.0,-4.814643225341484,-6.086355379743424,-6.196303607359283,3.276563245533083,3.405200736656383,6.142279115856212,-1.1057875600571665,2.738411003992127,6.179093617475331,-0.502653811272836,1.0446870787123714,0.7628183875995944,-1.399395119165689,-6.835263922167002,3565.0,2.0,4.0,4.0,4.0,4.0,4.0,4.0,4.0,4.0,4.0,4.0,4.0,4.0,4.0,4.0,100.0,,,,,,,,,,,,,,,,,,,,,,,,,,,,,,,,,,,,,,,
14829,1754692310.434615,115.67163896560668,1754692310.515933,108.0,0.0,-0.6341020992942958,-6.924293428042574,-5.318535750843466,6.673740655709253,5.852576283207554,4.671800385769302,-2.747346819320456,-0.1643819424973571,7.065696611573685,3.426772783986735,0.2827591625803052,-5.234275461929656,0.3987739907054219,-6.135045396990108,3558.0,2.0,4.0,4.0,4.0,4.0,4.0,4.0,4.0,4.0,4.0,4.0,4.0,4.0,4.0,4.0,100.0,0.6273312568664551,0.4052734375,-0.54571533203125,0.3800048828125,0.9965972304344176,0.0673838406801223,0.0375982299447059,-48.0018310546875,-97.94766235351562,5.084306240081787,,,,,,,,,,,,,,,,,,,,,,,,,,,,,
14830,1754692310.442418,115.6794421672821,1754692310.5237372,109.0,0.0,2.7207419462527014,-9.466787413065733,-0.3025521289471271,3.999971013860659,5.716446390144256,-1.4397333983713452,-0.916248358166058,-0.1784361227375939,0.6500309700629714,-1.1986089004738003,-2.216957526295801,-1.5398340647000168,1.2200524293882609,2.1654955092446926,3330.0,2.0,4.0,4.0,4.0,4.0,4.0,4.0,4.0,4.0,4.0,4.0,4.0,4.0,4.0,4.0,100.0,,,,,,,,,,,,,,,,,,,,,,,,,,,,,,,,,,,,,,,
14831,1754692310.450221,115.68724513053894,1754692310.5315402,110.0,0.0,-0.7448779354840269,-14.203469563220978,1.512140959623622,3.904966908649413,6.819274064647772,-1.0020891642757022,1.7064599161472245,-1.0611626832992158,-3.976478585830563,-1.4069157224120945,-0.7451752066981214,3.5651277209085777,-0.7965357005043359,1.1312398144905558,3605.0,2.0,4.0,4.0,4.0,4.0,4.0,4.0,4.0,4.0,4.0,4.0,4.0,4.0,4.0,4.0,100.0,,,,,,,,,,,,,,,,,,,,,,,,,,,,,,,,,,,,,,,
14832,1754692310.458024,115.69504809379578,1754692310.539443,111.0,0.0,-1.8031403519377136,-20.222462492336604,2.0400434211222773,4.449650691501461,7.730318479978791,-0.1845714915476719,0.9337897444632972,-4.322200437587185,-0.107388395190469,3.1214400467023324,0.3983119482426218,0.7499313154606853,-2.026976190613027,-5.732802800799732,3565.0,2.0,4.0,4.0,4.0,4.0,4.0,4.0,4.0,4.0,4.0,4.0,4.0,4.0,4.0,4.0,100.0,,,,,,,,,,,,,,,,,,,,,,,,,,,,,,,,,,,,,,,
14833,1754692310.465827,115.7028510570526,1754692310.547246,112.0,0.0,-0.7908372060743147,-22.714034712895767,1.2382436966367152,2.256040831273282,8.303882002365214,-5.528206250147463,-0.0742625082717438,0.6324672957333917,3.6647162802472906,2.8902099627970586,2.3226914559221825,-5.029737100468623,-0.5546064647508899,-5.042013795879569,3558.0,2.0,4.0,4.0,4.0,4.0,4.0,4.0,4.0,4.0,4.0,4.0,4.0,4.0,4.0,4.0,100.0,0.6273649334907532,0.405517578125,-0.54541015625,0.380126953125,1.004898190498352,0.0703135728836059,0.0405279621481895,-48.0018310546875,-98.24673461914062,5.383382797241211,,,,,,,,,,,,,,,,,,,,,,,,,,,,,
14834,1754692310.47363,115.71065402030943,1754692310.555149,113.0,0.0,-0.9310205810692196,-18.74938744266808,-2.8353710846030253,-1.7441777275492996,6.17152263655646,-4.349376880062096,4.190976060631897,6.992109573526818,1.3168707838550515,5.734833537161308,0.4572876094313187,-2.365420171462006,-6.5415871000017205,1.910855110765283,3330.0,2.0,4.0,4.0,4.0,4.0,4.0,4.0,4.0,4.0,4.0,4.0,4.0,4.0,4.0,4.0,100.0,,,,,,,,,,,,,,,,,,,,,,,,,,,,,,,,,,,,,,,
14835,1754692310.481433,115.71845698356628,1754692310.562952,114.0,0.0,-0.9884321255942724,-17.450826892448504,-6.17522452731032,-2.7749010626714607,4.970821050925906,0.7076563119410366,5.632900563832436,5.730613534457689,-1.352516526487534,8.63812069071514,-5.403627612477749,0.652813910656505,-11.152730169433198,4.188186053707568,3605.0,2.0,4.0,4.0,4.0,4.0,4.0,4.0,4.0,4.0,4.0,4.0,4.0,4.0,4.0,4.0,100.0,,,,,,,,,,,,,,,,,,,,,,,,,,,,,,,,,,,,,,,
14836,1754692310.489236,115.7262601852417,1754692310.5708551,115.0,0.0,-0.6138931356789783,-19.26296310854005,-4.0026610463091,0.8922222436304708,7.208642088220671,0.0728115427783393,3.727991312669559,1.6985810420511314,1.528756930803496,5.666573644167869,-3.5757430875873126,-3.4105804388172203,-0.2891022136224421,0.1212040288552032,3565.0,2.0,4.0,4.0,4.0,4.0,4.0,4.0,4.0,4.0,4.0,4.0,4.0,4.0,4.0,4.0,100.0,,,,,,,,,,,100.0,4.0,17.26569175720215,4.0,17.868385314941406,4.0,12.29690170288086,4.0,17.59970474243164,4.0,13.876653671264648,4.0,13.5444974899292,4.0,17.706558227539062,4.0,15.584396362304688,4.0,15.992912292480469,4.0,19.136417388916016,4.0,22.50853538513184,4.0,13.088051795959473,4.0,25.27974510192871,4.0,20.39841651916504
14837,1754692310.497039,115.73406314849854,1754692310.578659,116.0,0.0,0.6282385049291292,-16.757533820531364,-0.3511427509723148,2.223927585181798,7.35996001096845,-6.352886982881785,-1.6903769598428084,-1.1744433413248885,1.0469922813110202,4.9826698973399175,1.4302126064760046,-4.389881182299007,9.961170374138362,-2.11340792575794,3558.0,2.0,4.0,4.0,4.0,4.0,4.0,4.0,4.0,4.0,4.0,4.0,4.0,4.0,4.0,4.0,100.0,0.6273897290229797,0.40557861328125,-0.545166015625,0.38037109375,1.008804440498352,0.0703135728836059,0.0424811169505119,-47.702754974365234,-98.24673461914062,6.131074905395508,,,,,,,,,,,,,,,,,,,,,,,,,,,,,
14838,1754692310.504842,115.74186611175536,1754692310.5865622,117.0,0.0,2.9926477545251657,-11.258778975243189,-1.137316825471629,0.3890181261932923,6.135317235081999,-10.078406283469434,-4.939085551982174,-3.3802338241265204,-3.4926811387025225,6.2382940726003255,3.2500828513063027,0.0226489471171191,3.209469711362459,1.3964472491026356,3330.0,2.0,4.0,4.0,4.0,4.0,4.0,4.0,4.0,4.0,4.0,4.0,4.0,4.0,4.0,4.0,100.0,,,,,,,,,,,,,,,,,,,,,,,,,,,,,,,,,,,,,,,
14839,1754692310.512645,115.7496690750122,1754692310.5943651,118.0,0.0,3.837463383972306,-6.356367036584118,0.1347236608409616,4.065103836785227,7.745809126949268,-2.991091526320645,-0.3055787813416941,-4.133944670400808,-3.581572145338044,6.268808317261289,0.5388789002683438,0.8922006180166022,-6.677806480478068,1.4749758899021683,3605.0,2.0,4.0,4.0,4.0,4.0,4.0,4.0,4.0,4.0,4.0,4.0,4.0,4.0,4.0,4.0,100.0,,,,,,,,,,,,,,,,,,,,,,,,,,,,,,,,,,,,,,,
14840,1754692310.520448,115.75747203826904,1754692310.602268,119.0,0.0,2.901633487803508,-2.294519409381621,2.452638423572523,8.971285237630752,4.73446260911004,4.624431226813783,1.078260027237036,-5.824817388314671,-2.470391420303997,1.8966806124587376,-1.2600970412443644,-2.3042046801418223,-4.468831891909133,-3.323712448918116,3565.0,2.0,4.0,4.0,4.0,4.0,4.0,4.0,4.0,4.0,4.0,4.0,4.0,4.0,4.0,4.0,100.0,,,,,,,,,,,,,,,,,,,,,,,,,,,,,,,,,,,,,,,
14841,1754692310.528251,115.76527500152588,1754692310.6100712,120.0,0.0,0.2531483774026526,4.179124713144887,3.009226589240683,5.888027943104902,-3.0870078767067355,3.3800419751736115,-2.7013876703205426,-9.74879462110917,-5.020227345513973,-2.2110167503593914,3.1492375219989697,-4.893125072983054,2.803043664260344,-1.215243855515979,3558.0,2.0,4.0,4.0,4.0,4.0,4.0,4.0,4.0,4.0,4.0,4.0,4.0,4.0,4.0,4.0,100.0,0.3931805193424225,0.61883544921875,-0.28033447265625,0.61956787109375,1.0175936222076416,0.0732433050870895,0.0463874265551567,-47.85229110717773,-98.09719848632812,6.729228496551514,,,,,,,,,,,,,,,,,,,,,,,,,,,,,
14842,1754692310.536054,115.77307796478271,1754692310.617974,121.0,0.0,-2.559886928190622,9.87604114638964,2.020440789348072,4.509415459405886,-4.37343032728802,-0.9592944706913612,-0.7765014996015225,-10.612173954760578,-6.449929548552404,-2.537950289345531,5.326424407219406,-6.460501609519611,5.673429262973627,4.677207266363098,3330.0,2.0,4.0,4.0,4.0,4.0,4.0,4.0,4.0,4.0,4.0,4.0,4.0,4.0,4.0,4.0,100.0,,,,,,,,,,,,,,,,,,,,,,,,,,,,,,,,,,,,,,,
14843,1754692310.543857,115.78088116645812,1754692310.625778,122.0,0.0,-1.0274121666497535,10.472044818529923,0.982589093014724,6.697776159778243,1.7761401847492948,0.0894513220001158,3.2546511577539263,-6.189621945828492,-5.102200180219313,-2.57897905236672,0.8000287410109763,-3.1604285789771325,-1.514306928637268,1.47248880687863,3605.0,2.0,4.0,4.0,4.0,4.0,4.0,4.0,4.0,4.0,4.0,4.0,4.0,4.0,4.0,4.0,100.0,,,,,,,,,,,,,,,,,,,,,,,,,,,,,,,,,,,,,,,
14844,1754692310.55166,115.78868412971497,1754692310.633681,123.0,0.0,0.8389357095784931,8.20125285088767,1.8025032934666,0.7116682478063581,3.1186470918174223,3.89439102346347,2.188691722021815,-0.8546869445048628,-2.228007170195667,-2.789656296173632,-3.619164707411926,0.3305514380008958,-8.793843669688101,-3.0172995738298027,3565.0,2.0,4.0,4.0,4.0,4.0,4.0,4.0,4.0,4.0,4.0,4.0,4.0,4.0,4.0,4.0,100.0,,,,,,,,,,,,,,,,,,,,,,,,,,,,,,,,,,,,,,,
14845,1754692310.559463,115.7964870929718,1754692310.641484,124.0,0.0,-1.876864255602868,10.202585289219767,2.838442779058824,-2.463109706412524,-2.990954891422461,4.429449693631796,1.662488494567242,0.2638346429566809,3.621690728578869,-1.2193418847841713,-0.3221922383413584,-1.8573924746274315,-3.990344457836727,0.511024936773083,3558.0,2.0,4.0,4.0,4.0,4.0,4.0,4.0,4.0,4.0,4.0,4.0,4.0,4.0,4.0,4.0,100.0,0.39323291182518,0.61871337890625,-0.2803955078125,0.61962890625,1.011245846748352,0.0742198824882507,0.0449225604534149,-46.80552291870117,-97.19996643066406,5.831998348236084,,,,,,,,,,,,,,,,,,,,,,,,,,,,,
14846,1754692310.567266,115.80429005622864,1754692310.6493871,125.0,0.0,-6.214637432545231,11.212869446054384,1.0222615480920751,2.6567241896532607,-5.440993344498082,-0.1203362385144544,-0.3673355270752552,-2.950779344839219,7.290711746994958,-0.8180119148377969,2.9190379053229947,-5.659056033514816,0.6890496523635932,-0.1115723648422033,3330.0,2.0,4.0,4.0,4.0,4.0,4.0,4.0,4.0,4.0,4.0,4.0,4.0,4.0,4.0,4.0,100.0,,,,,,,,,,,,,,,,,,,,,,,,,,,,,,,,,,,,,,,
14847,1754692310.575069,115.81209301948547,1754692310.65719,126.0,0.0,-4.60967803512429,7.779490596251179,-0.1764149016969725,7.538888746440733,-1.6882107793033183,-0.7435331392978526,-2.108189207796187,-2.5929728963022,7.310813626642101,-1.3745548339163918,5.924312336867587,-3.940282795166951,2.7595634214453355,-6.281040231058597,3605.0,2.0,4.0,4.0,4.0,4.0,4.0,4.0,4.0,4.0,4.0,4.0,4.0,4.0,4.0,4.0,100.0,,,,,,,,,,,,,,,,,,,,,,,,,,,,,,,,,,,,,,,
14848,1754692310.582872,115.81989598274232,1754692310.6650932,127.0,0.0,-2.9776532692571323,4.0393217060146185,-2.027375251342108,1.4773820997648386,-4.060437356299588,1.097523370188867,0.201100330821248,-1.2278188267131895,4.058044545121504,-1.3196766619293498,3.7251593250385326,-1.9262943858288395,5.342169028721685,-4.390066407121537,52.0,2.0,4.0,4.0,4.0,4.0,4.0,4.0,4.0,4.0,4.0,4.0,4.0,4.0,4.0,4.0,100.0,,,,,,,,,,,,,,,,,,,,,,,,,,,,,,,,,,,,,,,
14849,1754692310.590675,115.82769918441772,1754692310.672896,0.0,0.0,-2.9116293017752923,4.719845100263001,-1.3498981833456585,-4.299214612142578,-7.151859310107511,-0.4479453287779051,-0.5159641919228761,2.276612320040158,2.254469033696523,-1.2665829414047494,0.2161089154712954,-1.1667996237567877,7.037467821648079,4.60086517420018,3332.0,2.0,4.0,4.0,4.0,4.0,4.0,4.0,4.0,4.0,4.0,4.0,4.0,4.0,4.0,4.0,100.0,0.3934344053268432,0.6187744140625,-0.280517578125,0.619384765625,0.991226077079773,0.0776379033923149,0.0322270542383194,-48.0018310546875,-98.9944305419922,5.084306240081787,,,,,,,,,,,,,,,,,,,,,,,,,,,,,
14850,1754692310.598478,115.83550214767456,1754692310.6808,1.0,0.0,-2.810661137571458,6.005495037957701,0.9565791870518864,-0.590229373580712,-6.108160415958025,-2.579153892481316,-7.64013774137851,1.7358012058644476,2.406223874134014,1.4496534287050622,0.3694149750677411,-0.138091502538316,-0.1208328495412729,0.6526600273169265,3507.0,2.0,4.0,4.0,4.0,4.0,4.0,4.0,4.0,4.0,4.0,4.0,4.0,4.0,4.0,4.0,100.0,,,,,,,,,,,,,,,,,,,,,,,,,,,,,,,,,,,,,,,
14851,1754692310.606281,115.8433051109314,1754692310.6886032,2.0,0.0,1.16259303083001,5.608127885420743,1.873817764899684,4.742290622320013,-4.661281831008694,-0.762377083609465,-6.464396531279874,-2.3990589239074893,1.2989495264363882,7.331180835072644,0.5652085750015772,1.313329172682586,-4.6043907013554985,-3.0524620623332908,3500.0,2.0,4.0,4.0,4.0,4.0,4.0,4.0,4.0,4.0,4.0,4.0,4.0,4.0,4.0,4.0,100.0,,,,,,,,,,,,,,,,,,,,,,,,,,,,,,,,,,,,,,,
14852,1754692310.614084,115.85110807418825,1754692310.696506,3.0,0.0,3.8129499545717054,1.1074940763615473,-1.1130646961727848,1.0779876767788323,-1.8400867833719872,-1.8915850770376323,1.6620459399414926,0.0911781582440767,-4.056388297542469,4.227361585415622,-2.1481484580880874,-0.800523146005105,-0.185031225776072,3.629196346923493,3614.0,2.0,4.0,4.0,4.0,4.0,4.0,4.0,4.0,4.0,4.0,4.0,4.0,4.0,4.0,4.0,100.0,,,,,,,,,,,,,,,,,,,,,,,,,,,,,,,,,,,,,,,
14853,1754692310.621887,115.85891103744508,1754692310.704309,4.0,0.0,-0.0988552102753317,-0.4545368084090739,-0.838014941197315,-0.3970225048051077,5.509842742479151,-2.953384820240416,3.7689415429831854,5.4539367820025575,-4.706184975277182,-0.101571297939671,-2.957134685430418,-3.530856365633525,1.0744440398837298,3.9653020574283175,3626.0,2.0,4.0,4.0,4.0,4.0,4.0,4.0,4.0,4.0,4.0,4.0,4.0,4.0,4.0,4.0,100.0,0.3940013349056244,0.6187744140625,-0.2803955078125,0.61907958984375,1.0009918212890625,0.0590829327702522,0.0327153429388999,-47.702754974365234,-98.24673461914062,6.878767013549805,,,,,,,,,,,,,,,,,,,,,,,,,,,,,
14854,1754692310.62969,115.8667140007019,1754692310.712212,5.0,0.0,-3.276895978023447,-1.384590886477497,0.3792673739229144,3.197584595396449,4.193740801447177,-1.0136743878767334,2.1168071544405507,1.7789493420148688,-0.2029138656495774,1.3272157101862945,-1.9461134574950727,-1.808220793096723,-1.0066976505401612,0.1224443644198913,3507.0,2.0,4.0,4.0,4.0,4.0,4.0,4.0,4.0,4.0,4.0,4.0,4.0,4.0,4.0,4.0,100.0,,,,,,,,,,,,,,,,,,,,,,,,,,,,,,,,,,,,,,,
14855,1754692310.637493,115.87451696395874,1754692310.720015,6.0,0.0,0.2179461411521401,-6.121240973584747,1.2811762490584329,-1.0407857672756222,-2.7861202131728646,2.7983470445203125,5.765839953066177,-1.3886699419052206,-1.222679051042462,0.3056010183397006,-0.7276793263288823,2.5750906780019136,-2.796706705010422,3.4739916178925228,3501.0,2.0,4.0,4.0,4.0,4.0,4.0,4.0,4.0,4.0,4.0,4.0,4.0,4.0,4.0,4.0,100.0,,,,,,,,,,,,,,,,,,,,,,,,,,,,,,,,,,,,,,,
14856,1754692310.645296,115.88232016563416,1754692310.727918,7.0,0.0,1.2166947861987012,-5.196392108890535,-0.1998876992807652,-4.910380922884627,-0.7103441737227456,4.490053666756836,7.850917517312069,4.086760515285647,-4.410417162851076,-2.006612116077207,-0.3358613540263775,0.7202904612576333,-2.771040419634886,4.763517567108835,3502.0,2.0,4.0,4.0,4.0,4.0,4.0,4.0,4.0,4.0,4.0,4.0,4.0,4.0,4.0,4.0,100.0,,,,,,,,,,,,,,,,,,,,,,,,,,,,,,,,,,,,,,,
14857,1754692310.653099,115.890123128891,1754692310.735822,8.0,0.0,-0.8634852491301785,1.013873102541595,-4.17513445349158,-0.055451348770191,3.0081906098196782,2.357537853309452,1.1875262400902216,6.9377329488023065,-2.841511799971784,-0.1069683871766642,-2.456830797761711,-2.660621517631341,2.0895523545680703,-0.808215914361142,3602.0,2.0,4.0,4.0,4.0,4.0,4.0,4.0,4.0,4.0,4.0,4.0,4.0,4.0,4.0,4.0,100.0,0.394245445728302,0.61895751953125,-0.28045654296875,0.61871337890625,1.0000152587890625,0.0732433050870895,0.0395513847470283,-46.506446838378906,-98.54581451416016,6.43015193939209,,,,,,,,,,,,,,,,,,,,,,,,,,,,,
14858,1754692310.660902,115.89792609214784,1754692310.7436252,9.0,0.0,2.928470802805691,1.96069018716878,-1.839473070302688,-0.3802534769862404,-2.075581980571428,2.3885770852770065,-1.9535334405396725,3.697607669707736,-2.0760526454388355,-1.2250501710587969,-3.193267929708896,2.699131677320452,3.3192818886310533,-1.65008879087884,3610.0,2.0,4.0,4.0,4.0,4.0,4.0,4.0,4.0,4.0,4.0,4.0,4.0,4.0,4.0,4.0,100.0,,,,,,,,,,,,,,,,,,,,,,,,,,,,,,,,,,,,,,,
14859,1754692310.668705,115.90572905540466,1754692310.751528,10.0,0.0,4.736048731375576,1.6570253911265524,4.492721194548466,-2.464684601634673,-5.451016276999127,2.14860682295668,-1.876953690669125,-0.8242698688025314,-3.013807028002958,-3.227651112293444,-0.3780325990271933,5.596983864874545,-1.354331437387856,3.092639983438147,3609.0,2.0,4.0,4.0,4.0,4.0,4.0,4.0,4.0,4.0,4.0,4.0,4.0,4.0,4.0,4.0,100.0,,,,,,,,,,,,,,,,,,,,,,,,,,,,,,,,,,,,,,,
14860,1754692310.676508,115.9135320186615,1754692310.759331,11.0,0.0,-1.6992756381386869,3.795492489983218,2.818282298592777,3.105451761787691,-0.2396294909831056,-1.14233887836005,-6.532779538145377,-3.931903355912226,-1.0365269771372994,-2.1231670453171034,2.743515296477682,-0.0718483819327673,-0.8745526688546477,2.320656738928875,3555.0,2.0,4.0,4.0,4.0,4.0,4.0,4.0,4.0,4.0,4.0,4.0,4.0,4.0,4.0,4.0,100.0,,,,,,,,,,,,,,,,,,,,,,,,,,,,,,,,,,,,,,,
14861,1754692310.684311,115.92133498191832,1754692310.767234,12.0,0.0,-2.5064354097293062,0.8805774336689183,-2.992965927356977,3.0521277572553345,0.3343748514090521,-0.7240416709186093,-5.309270547951087,-1.932203277084113,4.229938935465839,-1.1573523137366235,6.248707263481833,1.3514199178181343,3.85434038073015,-1.8049026984120928,3559.0,2.0,4.0,4.0,4.0,4.0,4.0,4.0,4.0,4.0,4.0,4.0,4.0,4.0,4.0,4.0,100.0,0.3947673141956329,0.61895751953125,-0.2803955078125,0.618408203125,0.9990386962890624,0.0727550163865089,0.0375982299447059,-46.506446838378906,-100.04119873046876,6.131074905395508,,,,,,,,,,,,,,,,,,,,,,,,,,,,,
14862,1754692310.692114,115.92913818359376,1754692310.775037,13.0,0.0,-0.5338017193354005,-2.4025805843376418,-4.504979039712083,-3.1928589275495085,-3.873797041972552,2.9206956941160627,1.4165154881456203,2.3291104434314605,8.197410663104534,-0.2508788921196299,3.126552920799355,6.3783165186504505,-0.7866037758461459,-2.6924566540543253,3319.0,2.0,4.0,4.0,4.0,4.0,4.0,4.0,4.0,4.0,4.0,4.0,4.0,4.0,4.0,4.0,100.0,,,,,,,,,,,,,,,,,,,,,,,,,,,,,,,,,,,,,,,
14863,1754692310.699917,115.9369411468506,1754692310.78294,14.0,0.0,-1.171162172446941,-1.7377286154126637,-0.1440846980379433,-2.8586240446155102,1.0387302460459864,2.617692525352311,4.42130445847323,3.171482218508743,4.277230727249105,-1.780420858267746,-4.506653920144629,2.563137389548672,-7.501592233548365,-1.386163816781675,3609.0,2.0,4.0,4.0,4.0,4.0,4.0,4.0,4.0,4.0,4.0,4.0,4.0,4.0,4.0,4.0,100.0,,,,,,,,,,,,,,,,,,,,,,,,,,,,,,,,,,,,,,,
14864,1754692310.70772,115.94474411010742,1754692310.790744,15.0,0.0,2.520721006828353,-5.118463222647279,3.702500937537934,-1.9170777062436173,6.645689958241746,2.642776406072244,5.97667801786065,2.8817252482735967,-3.165147940937913,-4.898621671946785,-4.609753046948299,3.520904992923533,-6.878378573175496,-1.874148959967897,3555.0,2.0,4.0,4.0,4.0,4.0,4.0,4.0,4.0,4.0,4.0,4.0,4.0,4.0,4.0,4.0,100.0,,,,,,,,,,,,,,,,,,,,,,,,,,,,,,,,,,,,,,,
14865,1754692310.715523,115.95254707336426,1754692310.7986472,16.0,0.0,2.832067929456912,-9.565094439631707,0.7970962786374685,-2.272594942368982,3.1358587054058944,3.1305332967193635,6.277481665922437,1.1416829758221638,-4.403791803709851,-5.418130814234814,1.2670493855720224,6.299648178712573,-4.481928987985498,-2.4920431201290967,0.0,2.0,4.0,4.0,4.0,4.0,4.0,4.0,4.0,4.0,4.0,4.0,4.0,4.0,4.0,4.0,100.0,0.3953227698802948,0.618896484375,-0.2801513671875,0.61822509765625,1.004409909248352,0.0712901502847671,0.0424811169505119,-47.702754974365234,-98.54581451416016,7.626459121704102,,,,,,,,,,,,,,,,,,,,,,,,,,,,,
14866,1754692310.723326,115.9603500366211,1754692310.80645,17.0,0.0,-2.843752707754589,-5.451682313689304,-2.8174159453657523,1.5852043082998932,0.3967527462721989,1.9244538979472448,4.096648344707631,-0.6995749003523599,1.5719551379223446,-2.126041010550267,4.2432308191203845,0.168855505646519,0.1281604550809731,-1.025312242319302,0.0,2.0,4.0,4.0,4.0,4.0,4.0,4.0,4.0,4.0,4.0,4.0,4.0,4.0,4.0,4.0,100.0,,,,,,,,,,,,,,,,,,,,,,,,,,,,,,,,,,,,,,,
14867,1754692310.731129,115.96815299987792,1754692310.814353,18.0,0.0,-6.553310819399599,-3.5082792747731446,-2.4604189989469205,-0.707897370561227,0.6522070147710792,1.7389177494732166,2.112711916597505,2.9077425631952565,4.004451424382182,-0.2392736524076326,1.540437787127189,-5.972183624908325,2.389410913044117,-2.6366844460532093,0.0,2.0,4.0,4.0,4.0,4.0,4.0,4.0,4.0,4.0,4.0,4.0,4.0,4.0,4.0,4.0,100.0,,,,,,,,,,,,,,,,,,,,,,,,,,,,,,,,,,,,,,,
14868,1754692310.738932,115.97595596313477,1754692310.8221562,19.0,0.0,-5.112565654696311,-7.223789809110542,-1.1102084058236985,-5.813988182644437,2.234546535069228,1.890051227490119,4.180785528028707,3.6647894958497886,1.902724094939174,1.470130394627347,2.826021356760691,-3.2477750734458937,-1.6829080488735713,-1.4565607239827043,0.0,2.0,4.0,4.0,4.0,4.0,4.0,4.0,4.0,4.0,4.0,4.0,4.0,4.0,4.0,4.0,100.0,,,,,,,,,,,,,,,,,,,,,,,,,,,,,,,,,,,,,,,
14869,1754692310.746735,115.98375916481018,1754692310.830059,20.0,0.0,-0.7246612490943676,-5.056927459397173,0.0804914508608476,-2.0321651766925584,5.370239378694407,-4.091778725227357,4.7633363401346855,-4.249667871322288,-0.0477659007887609,6.691522529645738,2.598203981750032,2.0338585402415106,-4.6483182870553605,2.183817078950653,0.0,2.0,4.0,4.0,4.0,4.0,4.0,4.0,4.0,4.0,4.0,4.0,4.0,4.0,4.0,4.0,100.0,0.3957046270370483,0.61871337890625,-0.2801513671875,0.6181640625,1.0136873722076416,0.0664072632789611,0.050782024860382,-46.05783081054688,-98.9944305419922,5.383382797241211,,,,,,,,,,,,,,,,,,,,,,,,,,,,,
14870,1754692310.754538,115.99156212806702,1754692310.837863,21.0,0.0,0.8794015044175012,-3.291542408923533,-0.3559733986273841,-0.3592045879806846,0.5874154754071697,-9.779826410128637,-0.8616643081652455,-5.123289689027615,-1.6177619588281686,6.055932179150886,0.8117501325389185,4.698627350622473,0.9160371412378936,1.6302331963772758,0.0,2.0,4.0,4.0,4.0,4.0,4.0,4.0,4.0,4.0,4.0,4.0,4.0,4.0,4.0,4.0,100.0,,,,,,,,,,,,,,,,,,,,,,,,,,,,,,,,,,,,,,,
14871,1754692310.762341,115.99936509132384,1754692310.845766,22.0,0.0,1.5335389621338322,-4.959452213395082,-0.3113481237299424,-1.1475100770570066,-3.384851922888004,-4.1562088644630535,-3.623449582144815,2.3521676617608023,-0.0907997073475712,-1.3930602421435765,8.585310249117526,6.2069355370464905,11.513649309777918,2.441863449271466,0.0,2.0,4.0,4.0,4.0,4.0,4.0,4.0,4.0,4.0,4.0,4.0,4.0,4.0,4.0,4.0,100.0,,,,,,,,,,,,,,,,,,,,,,,,,,,,,,,,,,,,,,,
14872,1754692310.770144,116.00716805458067,1754692310.853569,23.0,0.0,2.844163538426642,-5.876683104115159,0.7601708320254374,-0.8253307330509188,-1.3895239803663344,0.3896626388051345,-4.236934306327726,-0.5599241498129004,-0.5920321877077868,-4.597021949561054,9.745810583033858,1.7742194235621582,6.0055345897202415,0.4427581565452101,0.0,2.0,4.0,4.0,4.0,4.0,4.0,4.0,4.0,4.0,4.0,4.0,4.0,4.0,4.0,4.0,100.0,,,,,,,,,,,,,,,,,,,,,,,,,,,,,,,,,,,,,,,
14873,1754692310.777947,116.01497101783752,1754692310.861472,24.0,0.0,4.1529387878671855,0.4764114623062028,2.1426143452535484,2.06752817404589,2.7847423364764268,0.926496864480157,-3.4605897533675147,-3.446109231380035,-0.8725670157041918,0.4545770395997692,-0.5440622394499428,-0.0598359915111927,-3.995388248382653,-2.448548293766692,0.0,2.0,4.0,4.0,4.0,4.0,4.0,4.0,4.0,4.0,4.0,4.0,4.0,4.0,4.0,4.0,100.0,0.3960427045822143,0.61865234375,-0.28021240234375,0.61798095703125,0.9834134578704834,0.0766613259911537,0.0473640039563179,-47.702754974365234,-97.94766235351562,6.131074905395508,,,,,,,,,,,,,,,,,,,,,,,,,,,,,
14874,1754692310.78575,116.02277398109436,1754692310.869275,25.0,0.0,1.908961333790273,6.828353453654188,0.123130338713679,6.364595239820289,3.2510451456557234,0.6255035064634171,-2.185166458000652,1.110467588743802,-4.059382592924351,-2.726725488889599,-6.817172224347644,1.540565457038781,-2.7163719515477283,-0.4070898152015729,0.0,2.0,4.0,4.0,4.0,4.0,4.0,4.0,4.0,4.0,4.0,4.0,4.0,4.0,4.0,4.0,100.0,,,,,,,,,,,,,,,,,,,,,,,,,,,,,,,,,,,,,,,
14875,1754692310.793553,116.03057718276978,1754692310.8771782,26.0,0.0,3.032291871394335,7.324881106721222,-0.063002934760135,7.679651514982396,-0.0454760073737645,-0.5368623381562259,-5.055900801576428,1.8650546461915096,-6.104563468163434,-6.15504930590194,-5.328823557159723,1.0899613375647448,0.4995383408149507,2.246687757295348,0.0,2.0,4.0,4.0,4.0,4.0,4.0,4.0,4.0,4.0,4.0,4.0,4.0,4.0,4.0,4.0,100.0,,,,,,,,,,,,,,,,,,,,,,,,,,,,,,,,,,,,,,,
14876,1754692310.801356,116.0383801460266,1754692310.8849812,27.0,0.0,3.457934284541522,5.64675749627412,0.3099953052525848,4.305832072018973,-4.397659076647244,-1.8806535422798447,-10.859953397353197,-3.449548277160659,0.8813028678334263,4.645652100650921,-1.3458117594958026,-0.852976236853749,-0.909524793123012,0.3397338741248745,0.0,2.0,4.0,4.0,4.0,4.0,4.0,4.0,4.0,4.0,4.0,4.0,4.0,4.0,4.0,4.0,100.0,,,,,,,,,,,,,,,,,,,,,,,,,,,,,,,,,,,,,,,
14877,1754692310.809159,116.04618310928343,1754692310.892885,28.0,0.0,-5.27681998210798,5.3240227771644015,-0.8343630967133038,4.195997853541968,-4.736214627999715,-1.2705052719956882,-10.84579021730994,-7.50249810547345,3.3028315524325365,5.953160911075912,4.764435676992463,-1.1801016077738211,-1.852064272323986,2.374419470832009,0.0,2.0,4.0,4.0,4.0,4.0,4.0,4.0,4.0,4.0,4.0,4.0,4.0,4.0,4.0,4.0,100.0,0.6294496059417725,0.4066162109375,-0.54388427734375,0.377685546875,1.0014801025390625,0.0903334096074104,0.0390630960464477,-45.31013870239258,-97.94766235351562,4.635690689086914,,,,,,,,,,,,,,,,,,,,,,,,,,,,,
14878,1754692310.816962,116.05398607254028,1754692310.9006882,29.0,0.0,-11.353288868533127,9.231526563603891,-0.706547207305448,6.163433828275629,-2.0639840678168184,-0.0975304773533025,-5.727568966648505,-7.594749507569304,-3.262076455028364,-4.8172553587924085,6.244099961927532,1.801959122773951,3.305124329776845,5.840310113745545,0.0,2.0,4.0,4.0,4.0,4.0,4.0,4.0,4.0,4.0,4.0,4.0,4.0,4.0,4.0,4.0,100.0,,,,,,,,,,,,,,,,,,,,,,,,,,,,,,,,,,,,,,,
14879,1754692310.824765,116.06178903579712,1754692310.908391,30.0,0.0,-6.690696453404826,16.18315460339477,0.7716180797985999,4.81985299121402,-3.5053676859554344,2.0149202366831105,-4.730047596337727,-2.878207450480886,-2.6667380247356505,-3.7128323017011553,0.7673944579539693,1.2155149848829296,7.637012334181008,4.280865401853362,0.0,2.0,4.0,4.0,4.0,4.0,4.0,4.0,4.0,4.0,4.0,4.0,4.0,4.0,4.0,4.0,100.0,,,,,,,,,,,,,,,,,,,,,,,,,,,,,,,,,,,,,,,
14880,1754692310.832568,116.06959199905396,1754692310.916294,31.0,0.0,-2.6883728041624977,20.92151326454137,1.2942058063009083,1.8719292055980643,-6.89856783009094,1.6784703785206716,-6.077141438440265,0.322069674681245,2.299017660734592,-1.1901147385482886,-1.6454474745332277,-4.721042274333229,0.3572599521431243,2.087322235292561,0.0,2.0,4.0,4.0,4.0,4.0,4.0,4.0,4.0,4.0,4.0,4.0,4.0,4.0,4.0,4.0,100.0,,,,,,,,,,,,,,,,,,,,,,,,,,,,,,,,,,,,,,,
14881,1754692310.840371,116.0773949623108,1754692310.924097,32.0,0.0,-0.5482327958050632,18.780609913824435,2.609833832416996,1.0490678060834284,-6.477331705323024,-1.6471390797940444,-1.3150626240401948,2.426625456411045,2.078052812042813,-2.487706614846332,0.4443950399483469,-3.4682898962417426,-10.416189221718298,2.79280561234026,0.0,2.0,4.0,4.0,4.0,4.0,4.0,4.0,4.0,4.0,4.0,4.0,4.0,4.0,4.0,4.0,100.0,0.6298652291297913,0.40667724609375,-0.5438232421875,0.37701416015625,0.9995269775390624,0.0849622339010238,0.0395513847470283,-47.85229110717773,-98.84489440917967,5.981536388397217,,,,,,,,,,,,,,,,,,,,,,,,,,,,,
14882,1754692310.848174,116.0851981639862,1754692310.9320002,33.0,0.0,-0.6304498857006138,12.180022251547712,3.9141030702477337,-1.0996928961966432,-5.102043202632444,0.2061084188309223,1.8161294973598388,1.907763272906891,-0.7543613509627676,-1.1099188447241204,-1.3656133854841528,3.554725296468064,-8.96307085139199,-0.3355782115135071,0.0,2.0,4.0,4.0,4.0,4.0,4.0,4.0,4.0,4.0,4.0,4.0,4.0,4.0,4.0,4.0,100.0,,,,,,,,,,,,,,,,,,,,,,,,,,,,,,,,,,,,,,,
14883,1754692310.855977,116.09300112724304,1754692310.939804,34.0,0.0,-0.5956694930991375,13.456775537901253,2.361453709192176,0.5632486308196007,-1.8681293836324928,3.869620171313784,-1.5708299237402912,-0.977373397029112,1.1492272973064814,-4.818393866972144,-2.732262400462276,1.7663771502039367,0.3180691545381364,-0.6530494189996148,0.0,2.0,4.0,4.0,4.0,4.0,4.0,4.0,4.0,4.0,4.0,4.0,4.0,4.0,4.0,4.0,100.0,,,,,,,,,,,,,,,,,,,,,,,,,,,,,,,,,,,,,,,
14884,1754692310.86378,116.10080409049988,1754692310.9477072,35.0,0.0,2.6650567381628605,17.286130570147037,-3.625941176214525,4.723828504365741,-2.0256489169561576,-0.4540425510760144,-1.713876205507546,1.4390378180172263,4.549405916323707,-8.741027001383515,-2.624014320456496,-5.838453010918926,0.914022719720009,1.799464718096118,0.0,2.0,4.0,4.0,4.0,4.0,4.0,4.0,4.0,4.0,4.0,4.0,4.0,4.0,4.0,4.0,100.0,,,,,,,,,,,,,,,,,,,,,,,,,,,,,,,,,,,,,,,
14885,1754692310.871583,116.10860705375671,1754692310.95551,36.0,0.0,4.80733660327698,15.707514759264283,-4.559957602986998,1.1501071323266103,-5.954096724632819,-1.5655495556118524,7.366906148697325,6.845662380499306,3.1316238710039386,1.164822401906548,-6.317861973077726,-4.005229533047697,-2.8210740956942857,-1.862036824160242,0.0,2.0,4.0,4.0,4.0,4.0,4.0,4.0,4.0,4.0,4.0,4.0,4.0,4.0,4.0,4.0,100.0,0.6297721266746521,0.40692138671875,-0.5435791015625,0.37725830078125,0.9990386962890624,0.0869153887033462,0.0439459830522537,-48.15137100219727,-99.44304656982422,4.785229206085205,,,,,,,,,,,,,,,,,,,,,,,,,,,,,
14886,1754692310.879386,116.11641001701356,1754692310.963413,37.0,0.0,0.8872504066696365,10.33428093571706,-0.7028405502694568,-5.488998075687732,-4.513964147724209,4.322539918894336,10.209639704177109,6.680053591674323,-0.1555331209631276,6.427660380608131,-10.456620610926848,-0.7761148115275773,-5.784867708380943,-6.736691550860769,0.0,2.0,4.0,4.0,4.0,4.0,4.0,4.0,4.0,4.0,4.0,4.0,4.0,4.0,4.0,4.0,100.0,,,,,,,,,,,,,,,,,,,,,,,,,,,,,,,,,,,,,,,
14887,1754692310.887189,116.1242129802704,1754692310.971216,38.0,0.0,-1.6104140908921067,6.643149785160688,0.5625226835985018,-3.301136916191524,-0.3652957146297808,6.067282087108026,5.650282501641243,6.464904412035423,2.33837130997091,-1.393143705116188,-7.924988211502011,-1.881186068381055,-4.5201394914133175,-6.065521903962406,0.0,2.0,4.0,4.0,4.0,4.0,4.0,4.0,4.0,4.0,4.0,4.0,4.0,4.0,4.0,4.0,100.0,,,,,,,,,,,,,,,,,,,,,,,,,,,,,,,,,,,,,,,
14888,1754692310.894992,116.1320161819458,1754692310.979119,39.0,0.0,1.9548020498598648,3.5895488452968323,-0.5895635770836805,-0.152451185103672,-2.6230888473407674,3.0705799877207767,8.32028814245794,4.320248421460093,3.483547572257777,-6.761833082206721,-2.604710711156457,-3.045028162806119,-2.539115289153841,-7.085110645525418,0.0,2.0,4.0,4.0,4.0,4.0,4.0,4.0,4.0,4.0,4.0,4.0,4.0,4.0,4.0,4.0,100.0,,,,,,,,,,,,,,,,,,,,,,,,,,,,,,,,,,,,,,,
14889,1754692310.902795,116.13981914520264,1754692310.986923,40.0,0.0,2.819688080733215,2.665371619235032,0.0849403468487821,-2.7538589889285845,-1.862896320080324,3.040478483375921,14.336373561049696,-1.2429329554901756,2.9269491680570923,-8.330641446265815,1.6008095036182226,-5.190629807209405,-1.3111212859361672,-8.883614512962538,0.0,2.0,4.0,4.0,4.0,4.0,4.0,4.0,4.0,4.0,4.0,4.0,4.0,4.0,4.0,4.0,100.0,0.6298409104347229,0.40692138671875,-0.54345703125,0.3773193359375,0.992690920829773,0.0776379033923149,0.0468757152557373,-47.2541389465332,-97.19996643066406,6.43015193939209,,,,,,,,,,,,,,,,,,,,,,,,,,,,,
14890,1754692310.910598,116.14762210845949,1754692310.994826,41.0,0.0,2.203899681117093,0.3691815514117138,-1.325811226743042,-2.318112228730513,2.2296916462601644,3.537262289546163,9.334007862691635,-2.272561261749104,6.401421467897819,-5.85043787201306,1.9116460068385663,-4.828573860748236,-0.7979341684048791,-5.4390030411831845,0.0,2.0,4.0,4.0,4.0,4.0,4.0,4.0,4.0,4.0,4.0,4.0,4.0,4.0,4.0,4.0,100.0,,,,,,,,,,,,,,,,,,,,,,,,,,,,,,,,,,,,,,,
14891,1754692310.918401,116.15542507171632,1754692311.002629,42.0,0.0,7.300606863686255,-9.388343979288663,-3.9996883091454833,-0.8482667880923032,-0.8796833858838795,1.9686309572533105,2.128890412321482,2.3135796576319194,5.334980831138466,1.631061898600194,-3.1657720121090165,-0.5619505795581858,-8.018477147989131,-0.2729105025316016,0.0,2.0,4.0,4.0,4.0,4.0,4.0,4.0,4.0,4.0,4.0,4.0,4.0,4.0,4.0,4.0,100.0,,,,,,,,,,,,,,,,,,,,,,,,,,,,,,,,,,,,,,,
14892,1754692310.926204,116.16322803497314,1754692311.010532,43.0,0.0,10.372752463221955,-11.304975416870375,-1.7001654894086755,-4.82735763692682,0.4490268144733704,1.892121369156655,7.11498266218922,1.818202703206396,-1.6613331307692647,5.602114470710319,-4.109870971106659,1.3543670419864495,-9.146650917914087,1.9576516624617284,0.0,2.0,4.0,4.0,4.0,4.0,4.0,4.0,4.0,4.0,4.0,4.0,4.0,4.0,4.0,4.0,100.0,,,,,,,,,,,,,,,,,,,,,,,,,,,,,,,,,,,,,,,
14893,1754692310.934007,116.17103099822998,1754692311.018335,44.0,0.0,5.445239089125721,-9.95153746648282,1.376331028037498,-11.244067679054638,7.202846670043186,-0.0941216932450288,5.929607089180649,-2.265503932129718,-1.8976399030847235,0.7351319821215156,0.4002203444939596,0.6141047503953132,1.1314774234111835,-2.470511740861525,0.0,2.0,4.0,4.0,4.0,4.0,4.0,4.0,4.0,4.0,4.0,4.0,4.0,4.0,4.0,4.0,100.0,0.6300164461135864,0.406982421875,-0.5433349609375,0.37713623046875,1.010269284248352,0.090821698307991,0.0371099412441253,-47.2541389465332,-97.19996643066406,5.831998348236084,,,,,,,,,,,,,,,,,,,,,,,,,,,,,
14894,1754692310.94181,116.17883396148682,1754692311.026238,45.0,0.0,2.089940875563628,-16.01717657921421,1.946858452847266,-13.116364327418012,4.11226211250829,-4.158301793267526,-4.168842161137434,1.200667613518874,2.968762426186061,-0.2581954544711493,0.838150933759664,2.509721533186678,4.310474152435347,-8.264269952189295,0.0,2.0,4.0,4.0,4.0,4.0,4.0,4.0,4.0,4.0,4.0,4.0,4.0,4.0,4.0,4.0,100.0,,,,,,,,,,,,,,,,,,,,,,,,,,,,,,,,,,,,,,,
14895,1754692310.949613,116.18663716316225,1754692311.034141,46.0,0.0,4.869965163274003,-18.305625775137003,0.112563035906362,-11.61644678274223,1.47018136699063,-6.101306209861548,-4.261704862117028,6.005644537340515,2.05773268364311,5.8771164669749965,0.5819438491119513,4.125076327407271,-2.597290976539796,-1.4885014244025,0.0,2.0,4.0,4.0,4.0,4.0,4.0,4.0,4.0,4.0,4.0,4.0,4.0,4.0,4.0,4.0,100.0,,,,,,,,,,,,,,,,,,,,,,,,,,,,,,,,,,,,,,,
14896,1754692310.957416,116.19444012641908,1754692311.041945,47.0,0.0,3.7716909444608007,-15.82390670703117,-1.9489067267640223,-10.653328162332317,1.696250120048802,-8.260965553260036,-1.0331534851401614,0.9609138494407432,-3.5373748915816634,6.779849203709631,2.1770556493348465,1.5761776783448056,0.1090378063166497,6.473915830483833,0.0,2.0,4.0,4.0,4.0,4.0,4.0,4.0,4.0,4.0,4.0,4.0,4.0,4.0,4.0,4.0,100.0,,,,,,,,,,,,,,,,,,,,,,,,,,,,,,,,,,,,,,,
14897,1754692310.965219,116.2022430896759,1754692311.0497482,48.0,0.0,1.3954954396229482,-15.87749511266628,-0.4999125930659716,-1.5743753345952314,1.7141359714512987,-6.381759614869395,-1.7613450145719869,-2.8209929208557583,-5.0474500663401045,5.123305791533596,3.303424711124819,0.2435697408898818,6.839778045079186,3.616644763513534,0.0,2.0,4.0,4.0,4.0,4.0,4.0,4.0,4.0,4.0,4.0,4.0,4.0,4.0,4.0,4.0,100.0,0.6303084492683411,0.406982421875,-0.5433349609375,0.37664794921875,0.991714358329773,0.0869153887033462,0.0395513847470283,-45.75875473022461,-99.29351043701172,6.131074905395508,,,,,,,,,,,,,,,,,,,,,,,,,,,,,
14898,1754692310.973022,116.21004605293274,1754692311.057651,49.0,0.0,2.0211993385410665,-20.54067727495016,0.646687013990288,7.342582491819542,0.5820975495153675,-5.416312087523181,-2.98350289179956,-4.149902634008356,-5.363228444637059,3.843148536503179,4.269507857246992,2.074246243266373,1.5475231049059062,0.261652275588915,0.0,2.0,4.0,4.0,4.0,4.0,4.0,4.0,4.0,4.0,4.0,4.0,4.0,4.0,4.0,4.0,100.0,,,,,,,,,,,,,,,,,,,,,,,,,,,,,,,,,,,,,,,
14899,1754692310.980825,116.21784901618958,1754692311.065454,50.0,0.0,2.384283173505281,-21.651011781573544,1.7896377445633505,7.864656042801215,-2.520013486702084,-7.22314690778083,-2.5369132214630383,-5.0980872483699216,-7.090005994456789,5.362167754427645,3.496096077809142,7.040200708458286,-2.761567776751264,5.246564737408534,0.0,2.0,4.0,4.0,4.0,4.0,4.0,4.0,4.0,4.0,4.0,4.0,4.0,4.0,4.0,4.0,100.0,,,,,,,,,,,,,,,,,,,,,,,,,,,,,,,,,,,,,,,
14900,1754692310.988628,116.2256519794464,1754692311.073157,51.0,0.0,1.8768443719425816,-21.37465063214012,3.1786313469918355,4.433359720194687,0.3677175905839362,-8.593119285605724,-1.374332005975873,-4.487237483461456,-8.913684153580277,4.364549879804883,-1.8046771614983184,8.004385141736577,-2.121496538387589,7.311182064577963,0.0,2.0,4.0,4.0,4.0,4.0,4.0,4.0,4.0,4.0,4.0,4.0,4.0,4.0,4.0,4.0,100.0,,,,,,,,,,,100.0,4.0,13.740458488464355,4.0,16.927021026611328,4.0,12.151654243469238,4.0,13.858345985412598,4.0,12.306371688842772,4.0,12.092350006103516,4.0,15.01391315460205,4.0,13.57406997680664,4.0,15.997570037841797,4.0,19.14330101013184,4.0,21.87890243530273,4.0,14.660321235656738,4.0,25.0152645111084,4.0,16.841861724853516
14901,1754692310.996431,116.23345518112184,1754692311.080961,52.0,0.0,2.3526523882279378,-19.00573067187534,3.725533260849801,3.3604837464505124,4.406876335986084,-3.438580910443221,2.436647902443468,-5.473080580553329,-7.837238509364312,-1.325368153804817,-3.817212699977887,2.166243329186358,-1.7348656020823512,5.286864066668016,0.0,2.0,4.0,4.0,4.0,4.0,4.0,4.0,4.0,4.0,4.0,4.0,4.0,4.0,4.0,4.0,100.0,0.630464494228363,0.4071044921875,-0.54327392578125,0.3763427734375,1.0146639347076416,0.0815442129969596,0.0434576943516731,-47.40367889404297,-97.6485824584961,7.028305530548096,,,,,,,,,,,,,,,,,,,,,,,,,,,,,
14902,1754692311.004234,116.24125814437866,1754692311.088664,53.0,0.0,0.2597441702885419,-12.055164593583612,1.0255764348369496,5.02950571892714,3.4254387453341053,2.5266808562858216,2.052807776825176,-7.902427642326728,-3.641895845003745,-3.940505806989876,-0.4347797196143972,-2.4323779256062323,0.6442442519878853,4.549314048096022,0.0,2.0,4.0,4.0,4.0,4.0,4.0,4.0,4.0,4.0,4.0,4.0,4.0,4.0,4.0,4.0,100.0,,,,,,,,,,,,,,,,,,,,,,,,,,,,,,,,,,,,,,,
14903,1754692311.012037,116.2490611076355,1754692311.0965672,54.0,0.0,-3.3234171591820427,-6.161222200782902,-2.774659811134768,6.361364614408615,6.952287694899553,1.267245270154092,-4.2080029081134285,-3.866613279149476,1.1688153942314443,-0.8057150847197931,3.395954679357658,-1.281237227314648,3.903920727110801,2.3530139386080577,0.0,2.0,4.0,4.0,4.0,4.0,4.0,4.0,4.0,4.0,4.0,4.0,4.0,4.0,4.0,4.0,100.0,,,,,,,,,,,,,,,,,,,,,,,,,,,,,,,,,,,,,,,
14904,1754692311.01984,116.25686407089232,1754692311.10437,55.0,0.0,-6.502367320293843,-5.897392828495185,-3.67417911677444,3.831435380807534,9.60663515809415,-0.0444087861308162,-3.058296195408502,1.6125341619615483,1.3460021497069192,0.4261494370446144,1.146143420415001,0.6087098741666068,1.7659177701407316,-2.036834061755372,0.0,2.0,4.0,4.0,4.0,4.0,4.0,4.0,4.0,4.0,4.0,4.0,4.0,4.0,4.0,4.0,100.0,,,,,,,,,,,,,,,,,,,,,,,,,,,,,,,,,,,,,,,
14905,1754692311.027643,116.26466703414916,1754692311.112273,56.0,0.0,-7.486792920239196,-6.036711962661258,-4.011481153889719,0.3784565189307329,1.966625436743897,3.912973729002687,2.918491590352432,3.981775613583494,1.63300541336136,-0.5615888604775421,-0.1462016064870397,-0.9730423236242416,0.6282599826656394,-2.9255145611128057,0.0,2.0,4.0,4.0,4.0,4.0,4.0,4.0,4.0,4.0,4.0,4.0,4.0,4.0,4.0,4.0,100.0,0.6300340294837952,0.40728759765625,-0.543212890625,0.376953125,0.9956206679344176,0.0747081711888313,0.0502937361598014,-47.702754974365234,-98.9944305419922,6.43015193939209,,,,,,,,,,,,,,,,,,,,,,,,,,,,,
14906,1754692311.035446,116.272469997406,1754692311.1200762,57.0,0.0,-5.568114445899283,-1.9277926395737093,-6.216173989003693,-0.9042175031625276,-3.234389941772662,3.855125548361883,1.3559817079569427,3.7500385853893192,3.687377814511109,0.7162243465101881,3.036844903625223,-6.050895392564399,2.138629724273841,-1.1812805978572951,0.0,2.0,4.0,4.0,4.0,4.0,4.0,4.0,4.0,4.0,4.0,4.0,4.0,4.0,4.0,4.0,100.0,,,,,,,,,,,,,,,,,,,,,,,,,,,,,,,,,,,,,,,
14907,1754692311.043249,116.28027296066284,1754692311.12798,58.0,0.0,-1.4274240225802828,-3.5397055760075204,-3.488431196353588,-3.2520728648667614,1.993416455956492,-1.1579547114141064,-1.3045490185730273,2.622866352886547,2.4826460103365093,4.124663349695027,2.2641116725105235,-6.825470785090886,4.228819370607823,0.4018264786306531,0.0,2.0,4.0,4.0,4.0,4.0,4.0,4.0,4.0,4.0,4.0,4.0,4.0,4.0,4.0,4.0,100.0,,,,,,,,,,,,,,,,,,,,,,,,,,,,,,,,,,,,,,,
14908,1754692311.051052,116.28807616233826,1754692311.1357832,59.0,0.0,-4.7873931967452,-4.140369697641347,-1.1349026372777755,-3.521288417380731,1.8964606618318955,0.4304234927039374,1.0900836912814498,3.3653855388374154,1.3089864236362132,6.897577867450252,-1.85288897773404,-2.806231121775511,4.036132823580317,1.0680684673338303,0.0,2.0,4.0,4.0,4.0,4.0,4.0,4.0,4.0,4.0,4.0,4.0,4.0,4.0,4.0,4.0,100.0,,,,,,,,,,,,,,,,,,,,,,,,,,,,,,,,,,,,,,,
14909,1754692311.058855,116.29587912559508,1754692311.143686,60.0,0.0,-9.373609386856543,3.426540225099842,-5.061761974247958,-1.155998702239259,-0.5280667319021006,2.22513378880646,-3.0774814308870475,2.615271731790898,1.1138065165464184,4.70928661409377,0.0671645840247663,-3.964569505575156,-0.3136349456129039,1.6690769212636667,0.0,2.0,4.0,4.0,4.0,4.0,4.0,4.0,4.0,4.0,4.0,4.0,4.0,4.0,4.0,4.0,100.0,0.6300500631332397,0.40704345703125,-0.5433349609375,0.37701416015625,1.006851315498352,0.0805676355957984,0.0439459830522537,-47.40367889404297,-97.05043029785156,5.981536388397217,,,,,,,,,,,,,,,,,,,,,,,,,,,,,
14910,1754692311.066658,116.30368208885191,1754692311.151489,61.0,0.0,-3.127948627226374,10.586783672678962,-3.3680490470700306,3.0217021681424967,3.1889105204005546,1.065651358641503,-5.56573006207725,-3.23173393943614,1.9660617902192143,-5.5902142032254005,6.7180677612224144,-2.916197022667234,0.0335537519259787,5.117198653144101,0.0,2.0,4.0,4.0,4.0,4.0,4.0,4.0,4.0,4.0,4.0,4.0,4.0,4.0,4.0,4.0,100.0,,,,,,,,,,,,,,,,,,,,,,,,,,,,,,,,,,,,,,,
14911,1754692311.074461,116.31148505210876,1754692311.159392,62.0,0.0,-2.293746743703309,9.97580999200852,-0.2871329793239283,5.065949369255463,0.7086857508091953,3.3105462674337787,0.0304628794973496,-9.043513553611888,-0.9747200383932296,-14.476939476187567,1.7886996382766256,-2.649077133534888,-0.7039308548452254,1.731682347682522,0.0,2.0,4.0,4.0,4.0,4.0,4.0,4.0,4.0,4.0,4.0,4.0,4.0,4.0,4.0,4.0,100.0,,,,,,,,,,,,,,,,,,,,,,,,,,,,,,,,,,,,,,,
14912,1754692311.082264,116.3192880153656,1754692311.167195,63.0,0.0,-3.090160140752033,11.619286363300231,1.628094152025113,6.486231663966663,1.322032411029994,7.62402520796806,5.762179433448381,-0.9532571939032836,-1.307240608952526,-6.4756731753507495,-3.677081610895385,-2.248846322024093,-1.1128017308715528,-3.701642292679282,0.0,2.0,4.0,4.0,4.0,4.0,4.0,4.0,4.0,4.0,4.0,4.0,4.0,4.0,4.0,4.0,100.0,,,,,,,,,,,,,,,,,,,,,,,,,,,,,,,,,,,,,,,
14913,1754692311.090067,116.32709097862244,1754692311.1750982,64.0,0.0,-1.804175273414728,9.276320122238817,-0.1693226193487476,3.726683276220285,3.730273989241653,1.6226453658633204,3.0536052786306414,3.85773872604392,-2.278267237070338,-0.5324136766252536,-7.559198313283503,-3.61875511425518,-10.22828856298355,-9.003537768129206,3340.0,2.0,4.0,4.0,4.0,4.0,4.0,4.0,4.0,4.0,4.0,4.0,4.0,4.0,4.0,4.0,100.0,0.3974419236183166,0.61846923828125,-0.27984619140625,0.617431640625,0.992690920829773,0.0878919661045074,0.0288090333342552,-46.65598678588867,-97.6485824584961,6.280613422393799,,,,,,,,,,,,,,,,,,,,,,,,,,,,,
14914,1754692311.09787,116.33489418029784,1754692311.182902,65.0,0.0,0.4258181608417999,7.128228737588188,0.7074219083758635,1.7387771424334917,5.468005186496839,-0.500334610332402,6.07401417216056,1.5791524789681262,-1.1693277015463082,-1.2264855963946957,-4.138112289953142,-1.5550217823458752,-13.836271941994257,-5.466278820916386,3501.0,2.0,4.0,4.0,4.0,4.0,4.0,4.0,4.0,4.0,4.0,4.0,4.0,4.0,4.0,4.0,100.0,,,,,,,,,,,,,,,,,,,,,,,,,,,,,,,,,,,,,,,
14915,1754692311.105673,116.34269714355467,1754692311.190805,66.0,0.0,-0.8600206131588948,5.943788468014418,2.4259480152275046,-0.0552659283268894,-0.0994815334145187,-0.5910975945150767,3.7102668808863655,-0.4616885288353387,-0.6439663444086818,-1.463683939543671,3.5445013943319736,0.2855725274318956,-2.668826151066241,-1.157259457164173,3512.0,2.0,4.0,4.0,4.0,4.0,4.0,4.0,4.0,4.0,4.0,4.0,4.0,4.0,4.0,4.0,100.0,,,,,,,,,,,,,,,,,,,,,,,,,,,,,,,,,,,,,,,
14916,1754692311.113476,116.35050010681152,1754692311.1986082,67.0,0.0,1.128510109765216,3.146385291365391,1.4114539443500007,-0.3592596991242089,-3.207310850193039,-3.3080817429435,-4.831253624943543,0.8903838697461879,-0.0634572872198759,-0.1469272808971027,2.1363567411791564,-0.661318596313663,4.64434025406365,-2.199385060306554,3601.0,2.0,4.0,4.0,4.0,4.0,4.0,4.0,4.0,4.0,4.0,4.0,4.0,4.0,4.0,4.0,100.0,,,,,,,,,,,,,,,,,,,,,,,,,,,,,,,,,,,,,,,
14917,1754692311.121279,116.35830307006836,1754692311.206511,68.0,0.0,5.83039115407999,5.284857296156844,-1.3240153197145617,2.307295170436447,1.052198203115296,-0.7903968604966565,-5.7136909140642445,1.357730528873418,1.142156103236431,0.424796239079825,-3.527760372092615,-0.279147555472008,-1.5833213386217435,-1.6445033642841906,3645.0,2.0,4.0,4.0,4.0,4.0,4.0,4.0,4.0,4.0,4.0,4.0,4.0,4.0,4.0,4.0,100.0,0.397347092628479,0.61846923828125,-0.27984619140625,0.61749267578125,0.991226077079773,0.0727550163865089,0.0424811169505119,-46.80552291870117,-98.9944305419922,6.131074905395508,,,,,,,,,,,,,,,,,,,,,,,,,,,,,
14918,1754692311.129082,116.3661060333252,1754692311.214314,69.0,0.0,4.075474330756663,7.005452669446697,-2.470735212498255,4.78019090524009,0.8390815880916875,-2.0696328105759108,-3.954994374481828,-2.193913526288213,0.3744680396371791,5.554895982399614,-1.8527787371999125,1.6249331965505576,-4.996758214992894,-0.7976320809720505,3505.0,2.0,4.0,4.0,4.0,4.0,4.0,4.0,4.0,4.0,4.0,4.0,4.0,4.0,4.0,4.0,100.0,,,,,,,,,,,,,,,,,,,,,,,,,,,,,,,,,,,,,,,
14919,1754692311.136885,116.37390899658205,1754692311.222217,70.0,0.0,-1.6638930177195732,3.096639153760435,-2.238883646837138,4.984265177689878,-3.21899212801506,-9.08249645669045,-3.451381061058754,-3.6405474377961298,2.7898992107930383,3.673421780843938,4.809731084148581,3.309913132129651,1.3766983569474007,-5.071705394069312,3520.0,2.0,4.0,4.0,4.0,4.0,4.0,4.0,4.0,4.0,4.0,4.0,4.0,4.0,4.0,4.0,100.0,,,,,,,,,,,,,,,,,,,,,,,,,,,,,,,,,,,,,,,
14920,1754692311.144688,116.38171195983888,1754692311.2301202,71.0,0.0,-2.6742952996054896,2.917915418123414,-0.7985763888859196,6.28829315840909,-4.346073807094342,-3.371549641965828,-0.3009602754063394,-1.8841682811443548,3.4948856944166096,-6.415600532542101,6.98083539067062,2.572388170589022,4.844183226452572,-3.327189038086942,3500.0,2.0,4.0,4.0,4.0,4.0,4.0,4.0,4.0,4.0,4.0,4.0,4.0,4.0,4.0,4.0,100.0,,,,,,,,,,,,,,,,,,,,,,,,,,,,,,,,,,,,,,,
14921,1754692311.152491,116.38951516151428,1754692311.237924,72.0,0.0,0.3190355525743484,1.0424748186223385,-0.1865426474233231,5.43944348755889,-4.905471865673064,3.3145571479394107,0.7755825412045283,-4.797086609089604,-5.3053462041303305,-3.5520628913164387,1.0300848400560767,-0.364289277831233,0.9357170641137031,3.2915979869057423,3608.0,2.0,4.0,4.0,4.0,4.0,4.0,4.0,4.0,4.0,4.0,4.0,4.0,4.0,4.0,4.0,100.0,0.397104948759079,0.61865234375,-0.27978515625,0.61749267578125,1.0146639347076416,0.0800793468952179,0.0439459830522537,-45.45967864990234,-99.14396667480467,5.981536388397217,,,,,,,,,,,,,,,,,,,,,,,,,,,,,
14922,1754692311.160294,116.39731812477112,1754692311.245827,73.0,0.0,0.812138684791563,-3.6356023204393466,-0.8133792087409972,3.444522245302352,-1.0793706828098664,-0.3742797069603227,1.6381160576202376,-3.7391450820609577,-6.2857835052154485,9.340215313577149,-0.493660128772234,3.736788983518665,-1.91958539629124,2.230020381162859,3599.0,2.0,4.0,4.0,4.0,4.0,4.0,4.0,4.0,4.0,4.0,4.0,4.0,4.0,4.0,4.0,100.0,,,,,,,,,,,,,,,,,,,,,,,,,,,,,,,,,,,,,,,
14923,1754692311.168097,116.40512108802795,1754692311.2536302,74.0,0.0,-3.22161904844333,-4.667212989904414,-2.416626646021172,-0.5432143317921998,2.1275429895494256,-2.8587249292851027,1.8039400878004983,2.2280047273042385,0.3565855542832707,5.837755209755784,4.070678746123036,4.53898221506816,-0.697507451838959,-6.230223793876206,3605.0,2.0,4.0,4.0,4.0,4.0,4.0,4.0,4.0,4.0,4.0,4.0,4.0,4.0,4.0,4.0,100.0,,,,,,,,,,,,,,,,,,,,,,,,,,,,,,,,,,,,,,,
14924,1754692311.1759,116.4129240512848,1754692311.261533,75.0,0.0,-0.1840570683540363,0.3633481003402039,-1.0206928802864468,-0.9496009736354836,-2.467278480232949,1.8531915912225256,-0.3277183026981447,-0.3077708807246608,3.082909385925973,-2.0259622094282577,7.23808811956485,0.5733004141360425,7.490086099246241,-7.156058660226449,3569.0,2.0,4.0,4.0,4.0,4.0,4.0,4.0,4.0,4.0,4.0,4.0,4.0,4.0,4.0,4.0,100.0,,,,,,,,,,,,,,,,,,,,,,,,,,,,,,,,,,,,,,,
14925,1754692311.183703,116.42072701454164,1754692311.269336,76.0,0.0,5.141416176006999,-0.5409793442060504,-0.0152799089857467,-1.210968944412059,-7.375808099676476,3.224904714145225,-2.96806681899551,-5.5539988161523866,1.3373355529896005,-0.4553086812676952,5.721416136008713,0.6283634307322359,8.732440850537216,-3.0159905040706576,3556.0,2.0,4.0,4.0,4.0,4.0,4.0,4.0,4.0,4.0,4.0,4.0,4.0,4.0,4.0,4.0,100.0,0.3969577252864837,0.6187744140625,-0.27972412109375,0.61749267578125,1.005874752998352,0.0786144807934761,0.0405279621481895,-48.15137100219727,-98.84489440917967,5.981536388397217,,,,,,,,,,,,,,,,,,,,,,,,,,,,,
14926,1754692311.191506,116.42852997779846,1754692311.277239,77.0,0.0,2.2725400900339423,-2.890833462555804,-1.1160082028014244,-2.0646882414035304,-4.22822263629547,2.219709656817884,0.9770631964333348,0.6620879540905094,0.9254635317242332,-1.5951988325687694,3.911289797485949,2.6508096045794787,-0.0084290622922367,-3.715116938254198,3323.0,2.0,4.0,4.0,4.0,4.0,4.0,4.0,4.0,4.0,4.0,4.0,4.0,4.0,4.0,4.0,100.0,,,,,,,,,,,,,,,,,,,,,,,,,,,,,,,,,,,,,,,
14927,1754692311.199309,116.43633317947388,1754692311.285043,78.0,0.0,0.1608590283696571,0.1236360131348988,-0.2224859138157739,-0.2030504680349736,-0.6673411685431461,2.5701108025711505,3.9962663698744905,5.558118301872298,2.321944120109663,-0.8248629853440548,-0.6886986258762704,-1.6427356115789848,-3.806775948096004,-5.713654171210067,3605.0,2.0,4.0,4.0,4.0,4.0,4.0,4.0,4.0,4.0,4.0,4.0,4.0,4.0,4.0,4.0,100.0,,,,,,,,,,,,,,,,,,,,,,,,,,,,,,,,,,,,,,,
14928,1754692311.207112,116.44413614273073,1754692311.292846,79.0,0.0,4.0192125749968,-0.4768617296263073,1.5758136978961377,-1.00235498819211,-3.0578985838769768,0.839695073519124,-0.2271026716503001,2.8272151583114464,6.416176227558026,6.2575713954806815,-3.3954493392166114,-3.754942514846789,-1.3373005216203635,-2.1991040186376267,3569.0,2.0,4.0,4.0,4.0,4.0,4.0,4.0,4.0,4.0,4.0,4.0,4.0,4.0,4.0,4.0,100.0,,,,,,,,,,,,,,,,,,,,,,,,,,,,,,,,,,,,,,,
14929,1754692311.214915,116.45193910598756,1754692311.300549,80.0,0.0,4.707016725109071,-4.457810108326584,2.6046721050484223,-4.390400370494234,-6.254821037953178,-1.8362561281587373,-2.234875128346601,4.528575958815992,6.498368512261123,6.114759825733046,-2.612061940759276,2.9004562796131097,-2.678648268300293,-0.6718628779126163,3556.0,2.0,4.0,4.0,4.0,4.0,4.0,4.0,4.0,4.0,4.0,4.0,4.0,4.0,4.0,4.0,100.0,0.3966723680496216,0.618896484375,-0.27972412109375,0.6175537109375,1.0029449462890625,0.0751964598894119,0.0405279621481895,-46.506446838378906,-97.94766235351562,5.084306240081787,,,,,,,,,,,,,,,,,,,,,,,,,,,,,
14930,1754692311.222718,116.45974206924438,1754692311.308352,81.0,0.0,4.247392869011037,-2.6938247051230064,4.6577505986088,-3.260224345096958,-2.234140864083656,-2.2777913945751607,2.120276901289344,8.415861218579721,0.5263328565074517,3.3735411057487,-5.964319309139228,5.13666563310062,-8.417326159511504,-3.0617867687747093,3323.0,2.0,4.0,4.0,4.0,4.0,4.0,4.0,4.0,4.0,4.0,4.0,4.0,4.0,4.0,4.0,100.0,,,,,,,,,,,,,,,,,,,,,,,,,,,,,,,,,,,,,,,
14931,1754692311.230521,116.46754503250122,1754692311.316056,82.0,0.0,4.425643010353099,0.8696364084547099,3.687744259012391,-2.2472768614463234,3.0754886040720635,-1.8789636069147373,4.366719862972616,5.222505108627331,-4.023521289586995,-1.3998630453931469,-9.393024801394574,-1.6825108325676297,-14.371512977557302,-0.4242549252173262,3605.0,2.0,4.0,4.0,4.0,4.0,4.0,4.0,4.0,4.0,4.0,4.0,4.0,4.0,4.0,4.0,100.0,,,,,,,,,,,,,,,,,,,,,,,,,,,,,,,,,,,,,,,
14932,1754692311.238324,116.47534799575806,1754692311.323859,83.0,0.0,3.417296040002896,-0.4468459253166088,4.026285971470827,-1.0054269729816383,1.6865201402097796,-1.2686518007221252,2.1714066149343694,4.612424032593992,-2.7703094487387148,-6.4054382921730735,-1.7839886473879574,-4.641612342725182,-9.839113775021076,4.147506320684499,3569.0,2.0,4.0,4.0,4.0,4.0,4.0,4.0,4.0,4.0,4.0,4.0,4.0,4.0,4.0,4.0,100.0,,,,,,,,,,,,,,,,,,,,,,,,,,,,,,,,,,,,,,,
14933,1754692311.246127,116.48315095901488,1754692311.331562,84.0,0.0,2.348553510829163,-1.1370525093504398,4.766760948885633,2.715663664442957,-2.737451600495831,0.9998090589754725,-3.035199267315136,1.250441171068644,-1.1630835345010269,-4.468409032162242,2.542292402552277,-2.10350849907826,2.7201965904640133,-6.087370767168238,3556.0,2.0,4.0,4.0,4.0,4.0,4.0,4.0,4.0,4.0,4.0,4.0,4.0,4.0,4.0,4.0,100.0,0.3964824378490448,0.61883544921875,-0.27972412109375,0.61773681640625,0.992202639579773,0.0839856564998626,0.0429694056510925,-45.908294677734375,-99.14396667480467,5.532921314239502,,,,,,,,,,,,,,,,,,,,,,,,,,,,,
14934,1754692311.25393,116.49095416069032,1754692311.339365,85.0,0.0,2.0738099642257453,4.680461781570955,5.178049364344531,3.0763630925866323,-0.9672070500528775,2.6856605775082585,-5.305039867850667,-6.5574531991538265,-4.287913158722915,0.8318906521253098,-2.697455355805744,-0.7151487218644093,4.228486627410973,-14.672966746219627,3323.0,2.0,4.0,4.0,4.0,4.0,4.0,4.0,4.0,4.0,4.0,4.0,4.0,4.0,4.0,4.0,100.0,,,,,,,,,,,,,,,,,,,,,,,,,,,,,,,,,,,,,,,
14935,1754692311.261733,116.49875712394714,1754692311.347069,86.0,0.0,4.43792269126493,11.555105426388993,7.798825867318328,8.005734032340797,4.930889216955393,0.343577841576689,-1.664976603999321,-5.474263875828228,-4.377739790611258,-1.163918727054579,-2.205240192304018,-0.3005144358278357,-6.382538400672047,-6.128274047918467,3605.0,2.0,4.0,4.0,4.0,4.0,4.0,4.0,4.0,4.0,4.0,4.0,4.0,4.0,4.0,4.0,100.0,,,,,,,,,,,,,,,,,,,,,,,,,,,,,,,,,,,,,,,
14936,1754692311.269536,116.50656008720398,1754692311.354972,87.0,0.0,5.039789236769764,8.615395413306658,8.502316653192963,14.537717250276444,4.605587386742343,-3.93361469426992,-3.1222553135151543,-5.820243146385849,-1.3861667194703955,-6.45347861322972,1.0904467980264485,-1.6684755255321877,-6.742731391651262,-0.6253111687508977,3569.0,2.0,4.0,4.0,4.0,4.0,4.0,4.0,4.0,4.0,4.0,4.0,4.0,4.0,4.0,4.0,100.0,,,,,,,,,,,,,,,,,,,,,,,,,,,,,,,,,,,,,,,
14937,1754692311.277339,116.51436305046082,1754692311.362875,88.0,0.0,0.6699831537121668,1.9330614535229529,7.613166105714356,-6.614069641979256,-0.5145770838066142,-0.4733537221695201,-6.760159208286893,-9.181998534932916,-0.3866304627007935,-1.3746816409888538,1.846712653074576,-0.6323613632925458,6.718402516467734,0.8649084661715847,3556.0,2.0,4.0,4.0,4.0,4.0,4.0,4.0,4.0,4.0,4.0,4.0,4.0,4.0,4.0,4.0,100.0,0.3962061405181885,0.6187744140625,-0.27984619140625,0.617919921875,0.9741359353065492,0.0795910581946373,0.0351567864418029,-46.65598678588867,-97.3495101928711,5.23384428024292,,,,,,,,,,,,,,,,,,,,,,,,,,,,,
14938,1754692311.285142,116.52216601371764,1754692311.3706782,89.0,0.0,-3.9198143558021457,1.3808807078373777,3.496336339879917,-23.842100983413506,-2.6902274128231056,2.239825735412296,-2.8722551096295774,-6.231320715065294,-0.7325060586947529,3.2122236347111084,-0.0111491674567787,-0.5267923293565673,8.738066822299743,3.4605004640031893,3323.0,2.0,4.0,4.0,4.0,4.0,4.0,4.0,4.0,4.0,4.0,4.0,4.0,4.0,4.0,4.0,100.0,,,,,,,,,,,,,,,,,,,,,,,,,,,,,,,,,,,,,,,
14939,1754692311.292945,116.52996897697447,1754692311.378581,90.0,0.0,-1.501599233307644,4.36503479399309,1.213124629543671,-33.141359249999624,-0.0806811716140885,0.3520296454755396,1.3263255281223962,-0.3253302006721981,1.5652676155520735,-0.7801196960706704,-0.4272420820473428,-1.4758426843175414,-1.278106652737307,4.01555656077764,3605.0,2.0,4.0,4.0,4.0,4.0,4.0,4.0,4.0,4.0,4.0,4.0,4.0,4.0,4.0,4.0,100.0,,,,,,,,,,,,,,,,,,,,,,,,,,,,,,,,,,,,,,,
14940,1754692311.300748,116.5377721786499,1754692311.386484,91.0,0.0,-0.0466836273358239,3.614725540814561,2.2204180053854543,-17.49738347250377,0.1445033738887104,-0.9712066899469392,-0.4898813704517124,-0.2726902324639013,1.5834219749854128,-5.970688948318639,-2.1678814340612007,2.5753635639161985,-9.05377217843693,3.3450376082587354,3569.0,2.0,4.0,4.0,4.0,4.0,4.0,4.0,4.0,4.0,4.0,4.0,4.0,4.0,4.0,4.0,100.0,,,,,,,,,,,,,,,,,,,,,,,,,,,,,,,,,,,,,,,
14941,1754692311.308551,116.54557514190674,1754692311.394287,92.0,0.0,-2.8585067465157863,1.858181269372153,2.2689205400745323,-12.715750244465426,1.7852207246367016,-1.8092769272150235,1.3498647617550432,2.062848148337025,0.2200752648934667,-2.60840649526358,-3.20976609933291,4.087237804283859,-8.255915757593812,4.24594963795812,3556.0,2.0,4.0,4.0,4.0,4.0,4.0,4.0,4.0,4.0,4.0,4.0,4.0,4.0,4.0,4.0,100.0,0.3960679173469543,0.61871337890625,-0.2799072265625,0.6180419921875,0.9873197674751282,0.0776379033923149,0.0297856107354164,-47.2541389465332,-98.9944305419922,5.383382797241211,,,,,,,,,,,,,,,,,,,,,,,,,,,,,
14942,1754692311.316354,116.55337810516356,1754692311.40219,93.0,0.0,-5.91646540844431,2.608962770262224,-1.6982069554514965,-11.060725899755198,3.8944953859372617,-2.659492679649702,3.5337829731952297,3.287982886702593,1.5586127968845176,0.7430417626528651,0.3588944676516803,-1.827694867801256,-2.931469778010751,0.9158827054511676,3323.0,2.0,4.0,4.0,4.0,4.0,4.0,4.0,4.0,4.0,4.0,4.0,4.0,4.0,4.0,4.0,100.0,,,,,,,,,,,,,,,,,,,,,,,,,,,,,,,,,,,,,,,
14943,1754692311.324157,116.5611810684204,1754692311.409994,94.0,0.0,-7.943512711650726,4.986487992191144,-2.4418045471770142,0.2547639077825465,2.193923596344177,3.3221053930220137,3.660863898465834,0.5676482824310938,-0.0834188970183618,-5.104822736045605,0.7944731800899376,-4.993414263797092,-0.9676276430536176,-0.3179578793987616,3605.0,2.0,4.0,4.0,4.0,4.0,4.0,4.0,4.0,4.0,4.0,4.0,4.0,4.0,4.0,4.0,100.0,,,,,,,,,,,,,,,,,,,,,,,,,,,,,,,,,,,,,,,
14944,1754692311.33196,116.56898403167725,1754692311.417897,95.0,0.0,-6.157740133432128,8.636096146251873,-1.7394966518186834,6.986507493002534,-2.2688471221813984,7.413785778181079,4.062160425801665,1.0961477189206903,-5.149053480160603,-7.9009523598293185,-1.971871319586228,-4.032909934087513,-2.1316906100510664,7.654271579493013,3569.0,2.0,4.0,4.0,4.0,4.0,4.0,4.0,4.0,4.0,4.0,4.0,4.0,4.0,4.0,4.0,100.0,,,,,,,,,,,,,,,,,,,,,,,,,,,,,,,,,,,,,,,
14945,1754692311.339763,116.57678699493408,1754692311.4257002,96.0,0.0,0.4834827104015744,13.855858971487748,-3.1525827484104525,7.069460147296184,-5.331691957026862,1.0661680639711335,1.9093786908007928,2.237147069293485,-6.552631588430188,-6.011600785683925,-2.3095302474205823,1.242679070877955,-1.4767426095139058,13.264409860314288,3556.0,2.0,4.0,4.0,4.0,4.0,4.0,4.0,4.0,4.0,4.0,4.0,4.0,4.0,4.0,4.0,100.0,0.3957389891147613,0.61859130859375,-0.27996826171875,0.61834716796875,1.0214999914169312,0.0820325016975402,0.0410162508487701,-47.2541389465332,-97.94766235351562,6.43015193939209,,,,,,,,,,,,,,,,,,,,,,,,,,,,,
14946,1754692311.347566,116.58458995819092,1754692311.4335032,97.0,0.0,3.929414883323119,14.977823719285738,-2.401355852128887,5.744994281883777,-8.757438186224277,-4.441012443639153,-0.5844743070285006,1.8216461427344648,-7.439198017384712,-7.100308215177535,-1.1139779826618508,4.9855184869973925,-2.195758927596586,10.289513626551384,3323.0,2.0,4.0,4.0,4.0,4.0,4.0,4.0,4.0,4.0,4.0,4.0,4.0,4.0,4.0,4.0,100.0,,,,,,,,,,,,,,,,,,,,,,,,,,,,,,,,,,,,,,,
14947,1754692311.355369,116.59239315986632,1754692311.441406,98.0,0.0,1.1471249589777417,12.815308568810082,-1.5245531035288025,6.835117711994911,-5.641933469520069,0.1263432970641531,2.728619363199954,-0.4606869707953649,-5.3744904599615495,-6.970879238013282,-3.3194700453872485,2.001336675290162,-0.6987141748205943,7.901448494684331,3605.0,2.0,4.0,4.0,4.0,4.0,4.0,4.0,4.0,4.0,4.0,4.0,4.0,4.0,4.0,4.0,100.0,,,,,,,,,,,,,,,,,,,,,,,,,,,,,,,,,,,,,,,
14948,1754692311.363172,116.60019612312315,1754692311.4492102,99.0,0.0,-3.783272662490191,11.217388318620095,-3.981544242154115,10.081742000844288,-0.5486393942865391,4.371065982170848,4.001812055714225,-5.446660570761225,-1.7743502591847855,-3.058110329306629,-5.365144466868543,-2.503279372083881,3.294773979466953,7.928256862892766,3569.0,2.0,4.0,4.0,4.0,4.0,4.0,4.0,4.0,4.0,4.0,4.0,4.0,4.0,4.0,4.0,100.0,,,,,,,,,,,,,,,,,,,,,,,,,,,,,,,,,,,,,,,
14949,1754692311.370975,116.60799908638,1754692311.457113,100.0,0.0,-3.516742718964565,8.890021821835376,-3.1211151176158864,9.625273493561394,-5.351788941332529,2.427857059935264,1.382165232765033,-2.182002269332429,-0.4380474412006379,1.2557748310813397,-4.123230217719652,-0.7918074349528297,1.4671751393201475,7.767343820007568,3556.0,2.0,4.0,4.0,4.0,4.0,4.0,4.0,4.0,4.0,4.0,4.0,4.0,4.0,4.0,4.0,100.0,0.6285021305084229,0.40655517578125,-0.54400634765625,0.379150390625,0.9995269775390624,0.081055924296379,0.0439459830522537,-48.15137100219727,-99.14396667480467,6.280613422393799,,,,,,,,,,,,,,,,,,,,,,,,,,,,,
14950,1754692311.378778,116.61580204963684,1754692311.465016,101.0,0.0,-2.68812787681523,1.4018049299687334,-3.884012076267169,3.359795698997772,-9.87567697809314,-1.1276701802131868,1.8477384427813768,6.848874312591164,2.203304905466979,3.3996421699283417,-6.296040529884209,-0.6165798057028553,-1.4685515807922511,0.4480811653064336,3323.0,2.0,4.0,4.0,4.0,4.0,4.0,4.0,4.0,4.0,4.0,4.0,4.0,4.0,4.0,4.0,100.0,,,,,,,,,,,,,,,,,,,,,,,,,,,,,,,,,,,,,,,
14951,1754692311.386581,116.62360501289368,1754692311.472919,102.0,0.0,-2.7259521020999387,-1.7957787436537842,-7.7764030895717156,-0.2197238491865505,-2.8367511739436964,1.7829662423857258,0.6439249868678303,11.087087706627416,12.37881096523796,8.787638882419913,-2.0848140158726096,-0.5346328569133334,4.93401033847266,-3.713680475241574,3605.0,2.0,4.0,4.0,4.0,4.0,4.0,4.0,4.0,4.0,4.0,4.0,4.0,4.0,4.0,4.0,100.0,,,,,,,,,,,,,,,,,,,,,,,,,,,,,,,,,,,,,,,
14952,1754692311.394384,116.63140797615053,1754692311.4807222,103.0,0.0,-6.107413391869386,1.682635031969994,-11.48821837247192,-3.179015681379724,-2.561028387415945,0.6816544405644436,-9.378858047279437,5.310151507646651,13.512795917066567,0.7247042083879478,3.9935180154618592,-1.6164382723547988,5.1387524978088095,0.2739706447662229,3569.0,2.0,4.0,4.0,4.0,4.0,4.0,4.0,4.0,4.0,4.0,4.0,4.0,4.0,4.0,4.0,100.0,,,,,,,,,,,,,,,,,,,,,,,,,,,,,,,,,,,,,,,
14953,1754692311.402187,116.63921117782591,1754692311.4885252,104.0,0.0,-4.362632001425311,4.998502272389203,-6.543063974945028,-0.4481025558578153,-6.487879371037536,-1.2833621977159169,-8.969447958936883,3.8930290141099135,8.850528942796416,-9.863435804712765,7.623304737877049,-0.7035639105386622,4.394008750076125,5.087639759876936,3556.0,2.0,4.0,4.0,4.0,4.0,4.0,4.0,4.0,4.0,4.0,4.0,4.0,4.0,4.0,4.0,100.0,0.6281833648681641,0.40625,-0.54400634765625,0.3800048828125,1.0005035400390625,0.0791027694940567,0.0405279621481895,-47.702754974365234,-97.4990463256836,5.383382797241211,,,,,,,,,,,,,,,,,,,,,,,,,,,,,
14954,1754692311.40999,116.64701414108276,1754692311.496428,105.0,0.0,-1.3689360423276753,-0.7233557323601758,-5.391292236617062,1.5912379561160035,-0.3515900528818179,-3.610172475664456,-3.108439020994353,4.432810578948704,7.389900810704205,-6.008511241884605,1.4606618682119574,1.2830954330393638,3.591711262075308,1.2173255911966976,3323.0,2.0,4.0,4.0,4.0,4.0,4.0,4.0,4.0,4.0,4.0,4.0,4.0,4.0,4.0,4.0,100.0,,,,,,,,,,,,,,,,,,,,,,,,,,,,,,,,,,,,,,,
14955,1754692311.417793,116.6548171043396,1754692311.504331,106.0,0.0,-2.329004565971047,-3.411161647745814,-6.400247394164182,3.8896865056935326,9.292997301616596,-1.343087368505678,-2.170954190240593,5.189232239643332,6.7170824959316064,3.586241166828529,-2.274917447566679,1.8869025956532253,-2.739078728886682,-1.2448666958912895,3605.0,2.0,4.0,4.0,4.0,4.0,4.0,4.0,4.0,4.0,4.0,4.0,4.0,4.0,4.0,4.0,100.0,,,,,,,,,,,,,,,,,,,,,,,,,,,,,,,,,,,,,,,
14956,1754692311.425596,116.66262006759644,1754692311.512135,107.0,0.0,-4.616978746304085,-2.550467903602112,-1.4782408537985248,9.463931209680595,6.379966446354956,1.2621601912646838,-1.2505201833500903,0.975816259439398,0.4547550934103128,2.6671332851210536,0.5812938169488007,-0.5895811422142287,-4.810938171375028,0.0443168182996487,3569.0,2.0,4.0,4.0,4.0,4.0,4.0,4.0,4.0,4.0,4.0,4.0,4.0,4.0,4.0,4.0,100.0,,,,,,,,,,,,,,,,,,,,,,,,,,,,,,,,,,,,,,,
14957,1754692311.433399,116.67042303085329,1754692311.519938,108.0,0.0,-1.887344416219776,-10.7233919343837,3.777650308679085,12.236750865733711,4.631914379799355,0.6025215838246822,0.398002819970543,-7.454023601761264,-8.714018013463146,-2.07596434228185,-0.3671119449279558,0.6170760488505493,1.1746507099526298,1.538169540831177,3556.0,2.0,4.0,4.0,4.0,4.0,4.0,4.0,4.0,4.0,4.0,4.0,4.0,4.0,4.0,4.0,100.0,0.6278162002563477,0.40618896484375,-0.54400634765625,0.38067626953125,0.9970855116844176,0.0786144807934761,0.0424811169505119,-48.59998321533203,-99.14396667480467,5.532921314239502,,,,,,,,,,,,,,,,,,,,,,,,,,,,,
14958,1754692311.441202,116.67822599411012,1754692311.527841,109.0,0.0,1.2959864661453937,-18.404350514992814,1.630782764831281,9.957675563169856,11.871450845095012,-2.491042796915565,-0.4786871833446753,-12.349492713019856,-12.421390487373458,-1.530300849617845,-2.2236286848427085,3.396942194706924,2.166750761471292,1.6301395222728274,3323.0,2.0,4.0,4.0,4.0,4.0,4.0,4.0,4.0,4.0,4.0,4.0,4.0,4.0,4.0,4.0,100.0,,,,,,,,,,,,,,,,,,,,,,,,,,,,,,,,,,,,,,,
14959,1754692311.449005,116.68602895736694,1754692311.5357442,110.0,0.0,1.6234534688420297,-12.047200594613884,0.2428940013242879,14.918824346513333,12.41333051437786,-0.0866364315824341,2.2426752261736453,-9.050595473333402,-8.656728923282941,-0.9141128537711722,0.3630187186687124,2.809248962275973,-2.973547359311993,-0.4977447703430755,3605.0,2.0,4.0,4.0,4.0,4.0,4.0,4.0,4.0,4.0,4.0,4.0,4.0,4.0,4.0,4.0,100.0,,,,,,,,,,,,,,,,,,,,,,,,,,,,,,,,,,,,,,,
14960,1754692311.456808,116.69383215904236,1754692311.543548,111.0,0.0,0.5120036667677255,-10.76343786869387,2.9231516341447445,19.065546929976392,4.940368327862473,2.730642409966152,3.3903146640078035,-3.560261488653793,-5.272889028948555,-2.022296876013513,-0.9172116007438832,1.2167533771872172,-5.158680170698233,-0.8827811226546487,3569.0,2.0,4.0,4.0,4.0,4.0,4.0,4.0,4.0,4.0,4.0,4.0,4.0,4.0,4.0,4.0,100.0,,,,,,,,,,,,,,,,,,,,,,,,,,,,,,,,,,,,,,,
14961,1754692311.464611,116.7016351222992,1754692311.551351,112.0,0.0,-1.5093908872804036,-17.791782090411232,4.458166323951957,10.467029226663785,3.530484805924118,-0.6730705730264503,-1.7166625950675891,-3.4298740487142254,-5.064096374881899,-0.7655797516580947,-0.6609104287644527,2.3898336310185755,0.454065222389147,2.481715382389268,3556.0,2.0,4.0,4.0,4.0,4.0,4.0,4.0,4.0,4.0,4.0,4.0,4.0,4.0,4.0,4.0,100.0,0.6277019381523132,0.406005859375,-0.544189453125,0.38079833984375,1.0014801025390625,0.0791027694940567,0.0395513847470283,-47.85229110717773,-99.14396667480467,5.532921314239502,,,,,,,,,,,,,,,,,,,,,,,,,,,,,
14962,1754692311.472414,116.70943808555604,1754692311.559155,113.0,0.0,-2.852252858442796,-19.233773241374536,2.752595247589681,3.0318506180590816,1.394984049183961,-3.4918744187922925,-4.249543403563791,-4.18219974061202,-3.0152357769790683,1.798937228862826,6.137190343241684,3.2419302223068485,4.480430414297473,0.3809959105186067,3323.0,2.0,4.0,4.0,4.0,4.0,4.0,4.0,4.0,4.0,4.0,4.0,4.0,4.0,4.0,4.0,100.0,,,,,,,,,,,,,,,,,,,,,,,,,,,,,,,,,,,,,,,
14963,1754692311.480217,116.71724104881288,1754692311.567058,114.0,0.0,-0.9158632007682002,-17.793990397134422,1.0096668099210715,4.526668367641122,-4.682421188714926,-1.821869872615736,-2.009421160301628,-1.9266042169877269,3.3679877926262805,5.0430545887254254,6.018584292773284,2.351611019318824,-0.055507171192886,-2.0259021276094984,3605.0,2.0,4.0,4.0,4.0,4.0,4.0,4.0,4.0,4.0,4.0,4.0,4.0,4.0,4.0,4.0,100.0,,,,,,,,,,,,,,,,,,,,,,,,,,,,,,,,,,,,,,,
14964,1754692311.48802,116.7250440120697,1754692311.574861,115.0,0.0,0.917577626051127,-16.56201464963732,0.9898895171771188,3.562095108639653,-4.369317251079963,-0.9043722938301356,-1.4407801389322117,0.0956489765356423,2.219138157543341,5.4857926309312575,-2.941504793164029,2.167993739662336,-6.3868064931209005,1.1155473665001523,3569.0,2.0,4.0,4.0,4.0,4.0,4.0,4.0,4.0,4.0,4.0,4.0,4.0,4.0,4.0,4.0,100.0,,,,,,,,,,,100.0,4.0,13.295021057128906,4.0,13.706857681274414,4.0,11.08515167236328,4.0,20.78194236755371,4.0,13.550153732299805,4.0,11.878938674926758,4.0,12.93117904663086,4.0,12.83305549621582,4.0,14.226154327392578,4.0,16.45357894897461,4.0,12.8073148727417,4.0,13.852350234985352,4.0,14.241050720214844,4.0,14.37209415435791
14965,1754692311.495823,116.73284697532654,1754692311.582764,116.0,0.0,2.670052710747939,-16.923073259549994,4.3099262925367725,0.0473423444747709,5.074953084417928,-4.907500251709109,1.10107792371781,1.7176226705961994,-4.71889928705815,6.253792908524417,-5.7174503141716855,1.911094929606577,-5.776130858143517,2.1792089596239634,3556.0,2.0,4.0,4.0,4.0,4.0,4.0,4.0,4.0,4.0,4.0,4.0,4.0,4.0,4.0,4.0,100.0,0.6276432275772095,0.4058837890625,-0.54443359375,0.38067626953125,1.0024566650390625,0.0781261920928955,0.0395513847470283,-46.506446838378906,-99.59258270263672,5.831998348236084,,,,,,,,,,,,,,,,,,,,,,,,,,,,,
14966,1754692311.503626,116.74065017700195,1754692311.590567,117.0,0.0,2.09723778527038,-21.303425929439555,4.662323562555656,-3.630506711386289,9.92853079100675,-8.222660477756591,3.291811913959436,0.961738561831652,-5.395544364152585,5.577898038238772,-2.629842674350158,0.8444094133983242,-0.7467476876052217,-0.1881006011181227,3323.0,2.0,4.0,4.0,4.0,4.0,4.0,4.0,4.0,4.0,4.0,4.0,4.0,4.0,4.0,4.0,100.0,,,,,,,,,,,,,,,,,,,,,,,,,,,,,,,,,,,,,,,
14967,1754692311.511429,116.7484531402588,1754692311.59847,118.0,0.0,-1.661890817559538,-16.825067999848102,-0.0714332957176111,-2.0104049468044423,3.777692284620685,-1.4216666834812486,0.1161263963414285,-0.2307078549387142,2.0425948021917293,2.340405398446478,2.7571786623672097,-1.113427945282524,5.124658511749317,-1.8461309718053367,3605.0,2.0,4.0,4.0,4.0,4.0,4.0,4.0,4.0,4.0,4.0,4.0,4.0,4.0,4.0,4.0,100.0,,,,,,,,,,,,,,,,,,,,,,,,,,,,,,,,,,,,,,,
14968,1754692311.519232,116.75625610351562,1754692311.6062732,119.0,0.0,-0.7236674593991381,-3.4720848451661084,-2.465739540352814,4.200830828385307,-0.4186435974692983,4.170626165906043,0.8586570183202014,2.9781863027861,1.7524968585790075,-0.4502091216540691,4.676947641047747,-3.5623257256279146,-1.5310804608099886,-4.958046743841322,3569.0,2.0,4.0,4.0,4.0,4.0,4.0,4.0,4.0,4.0,4.0,4.0,4.0,4.0,4.0,4.0,100.0,,,,,,,,,,,,,,,,,,,,,,,,,,,,,,,,,,,,,,,
14969,1754692311.527035,116.76405906677246,1754692311.614177,120.0,0.0,5.200204004651312,-1.6016793053950664,0.6653782502230001,1.6188076265129323,0.8570150456993701,-0.9965102144242906,4.815706884069584,5.178812304829023,-3.2215166497890664,2.804485173588489,-1.876707003221384,-1.4707895729830511,-12.073929235417664,-3.062591582206153,3556.0,2.0,4.0,4.0,4.0,4.0,4.0,4.0,4.0,4.0,4.0,4.0,4.0,4.0,4.0,4.0,100.0,0.6271690130233765,0.40582275390625,-0.5445556640625,0.38134765625,1.0146639347076416,0.0766613259911537,0.027832455933094,-48.0018310546875,-99.59258270263672,6.878767013549805,,,,,,,,,,,,,,,,,,,,,,,,,,,,,
14970,1754692311.534838,116.7718620300293,1754692311.6219802,121.0,0.0,5.614850725982308,-6.274463203440007,3.569302885545369,-5.667448530518357,-3.138021363547466,-4.867223771676379,2.694787860316921,0.0506432228835933,-0.6680816387797108,8.73319809757146,-2.3194716559445965,0.5447994628230504,-0.7339587732971609,4.20588608731947,3323.0,2.0,4.0,4.0,4.0,4.0,4.0,4.0,4.0,4.0,4.0,4.0,4.0,4.0,4.0,4.0,100.0,,,,,,,,,,,,,,,,,,,,,,,,,,,,,,,,,,,,,,,
14971,1754692311.542641,116.77966499328612,1754692311.629883,122.0,0.0,0.7991038938107522,-3.0337751292900066,0.6569725829281197,-4.993084273249224,-8.10433222674419,0.8515553446873128,-1.224633210867978,-3.1647180032341566,0.2937805747837956,6.078543346447532,5.931414306772695,-1.5544785464971935,10.533768544042005,3.211474490445198,3605.0,2.0,4.0,4.0,4.0,4.0,4.0,4.0,4.0,4.0,4.0,4.0,4.0,4.0,4.0,4.0,100.0,,,,,,,,,,,,,,,,,,,,,,,,,,,,,,,,,,,,,,,
14972,1754692311.550444,116.78746795654295,1754692311.637686,123.0,0.0,-0.5198819043880292,2.0817998149791777,-1.8803658677788635,-2.735478054480126,-3.173614302823779,2.210015331319965,0.942030013256982,-1.0814918555574593,2.195659503924645,1.1006257920471685,5.8039582620299655,-1.492236590548572,0.8495205979895957,-4.334572125789663,3569.0,2.0,4.0,4.0,4.0,4.0,4.0,4.0,4.0,4.0,4.0,4.0,4.0,4.0,4.0,4.0,100.0,,,,,,,,,,,,,,,,,,,,,,,,,,,,,,,,,,,,,,,
14973,1754692311.558247,116.79527115821838,1754692311.645589,124.0,0.0,0.9506894081011126,3.079493226394476,0.5890623081546948,-5.77849801592069,-1.4318609201694414,-2.671014449406215,0.7949254485407948,-0.0996238813312118,7.777167371573938,3.735986672492487,2.0627142866093493,-0.1962367852723616,-2.6696698646329367,-2.8131779683193088,3556.0,2.0,4.0,4.0,4.0,4.0,4.0,4.0,4.0,4.0,4.0,4.0,4.0,4.0,4.0,4.0,100.0,0.6268548965454102,0.40557861328125,-0.5447998046875,0.38177490234375,0.9809719920158386,0.0747081711888313,0.0449225604534149,-46.65598678588867,-98.39627838134766,5.981536388397217,,,,,,,,,,,,,,,,,,,,,,,,,,,,,
14974,1754692311.56605,116.80307412147522,1754692311.653392,125.0,0.0,1.0834104593282348,-0.2450647932164145,-0.7184347285956107,-9.54841571352651,-6.472471256971829,-2.9024283139765146,-3.80566092613887,2.035775028506152,6.015672146674234,7.210822297577152,1.482108033875221,-3.577613989771152,2.8422483038500843,5.32231080290515,3323.0,2.0,4.0,4.0,4.0,4.0,4.0,4.0,4.0,4.0,4.0,4.0,4.0,4.0,4.0,4.0,100.0,,,,,,,,,,,,,,,,,,,,,,,,,,,,,,,,,,,,,,,
14975,1754692311.573853,116.81087708473206,1754692311.6612952,126.0,0.0,0.8435296785179105,0.8351116046288496,-3.843047416084943,-11.412844278103336,-6.805890278723751,-2.594308897478556,0.0609447367974951,6.508697363103778,3.749725386738732,5.289306428887443,0.0201682986113098,-2.6378392049686283,-0.2773316028471129,5.541306234709822,3605.0,2.0,4.0,4.0,4.0,4.0,4.0,4.0,4.0,4.0,4.0,4.0,4.0,4.0,4.0,4.0,100.0,,,,,,,,,,,,,,,,,,,,,,,,,,,,,,,,,,,,,,,
14976,1754692311.581656,116.81868004798888,1754692311.669099,127.0,0.0,-1.765885784261343,6.4274930448276,-1.0412250038440902,-11.96637304755194,-6.152940214008311,-5.988733799757654,5.087029103376437,6.354759337962889,6.295855587007111,1.6652066853055771,-1.7144695607068456,2.440414232482283,-3.903323955940948,-0.7677457164110706,52.0,2.0,4.0,4.0,4.0,4.0,4.0,4.0,4.0,4.0,4.0,4.0,4.0,4.0,4.0,4.0,100.0,,,,,,,,,,,,,,,,,,,,,,,,,,,,,,,,,,,,,,,
14977,1754692311.589459,116.82648301124571,1754692311.6770022,0.0,0.0,-1.55506510148831,3.9327122435265096,3.906616001593136,-8.697032071985689,-5.079901952884086,-3.090538317228095,3.103733427238637,3.5773611251515263,6.0523684823292,-0.8273806314978742,-2.233199288689832,1.5139170097717738,-2.936146978304862,-0.6432195621810592,3333.0,2.0,4.0,4.0,4.0,4.0,4.0,4.0,4.0,4.0,4.0,4.0,4.0,4.0,4.0,4.0,100.0,0.6266068816184998,0.4053955078125,-0.544921875,0.3822021484375,1.006851315498352,0.0751964598894119,0.0312504768371582,-48.0018310546875,-98.9944305419922,5.831998348236084,,,,,,,,,,,,,,,,,,,,,,,,,,,,,
14978,1754692311.597262,116.83428597450256,1754692311.6848052,1.0,0.0,2.956422867187939,0.0485838549243453,4.603267685227365,-4.838954089689651,0.6654539416922489,0.1686251146206814,2.048529570724895,2.46997736385174,-1.5115813606548727,-5.175771056229678,-3.0523488309804634,0.7594541770395153,-3.564198996890127,0.8732835326336499,3516.0,2.0,4.0,4.0,4.0,4.0,4.0,4.0,4.0,4.0,4.0,4.0,4.0,4.0,4.0,4.0,100.0,,,,,,,,,,,,,,,,,,,,,,,,,,,,,,,,,,,,,,,
14979,1754692311.605065,116.84208917617798,1754692311.692708,2.0,0.0,1.9844697722830065,5.983927747921968,1.3664468410285338,-4.749494153495874,4.0841368014645525,-3.915628557707663,3.647345311496936,1.2234958085174696,-5.982026252050531,-7.403605565057518,-0.3777126482358142,1.0982856564534416,1.121827617076093,-2.501184489415067,3488.0,2.0,4.0,4.0,4.0,4.0,4.0,4.0,4.0,4.0,4.0,4.0,4.0,4.0,4.0,4.0,100.0,,,,,,,,,,,,,,,,,,,,,,,,,,,,,,,,,,,,,,,
14980,1754692311.612868,116.8498921394348,1754692311.700511,3.0,0.0,-2.517846015738144,10.024597681946432,1.3145744373609318,-2.373078496439632,5.192238908437901,0.7689513010322457,1.8263330556050617,-1.1086951968214294,-4.74858503067486,-3.4579181921586155,2.838464770024018,-0.7487038550230523,3.136742361189988,-4.5066458194215215,3615.0,2.0,4.0,4.0,4.0,4.0,4.0,4.0,4.0,4.0,4.0,4.0,4.0,4.0,4.0,4.0,100.0,,,,,,,,,,,,,,,,,,,,,,,,,,,,,,,,,,,,,,,
14981,1754692311.620671,116.85769510269164,1754692311.708414,4.0,0.0,-2.483764506627807,6.772493443762784,2.8215760261631715,4.874403625989913,5.467642563370106,11.662390368819985,0.728566735021019,-2.8461474147676142,-3.538911197606552,0.9710113319432878,-1.6862817286360894,-2.405345487471635,-2.82016599638186,-4.836234914997107,3623.0,2.0,4.0,4.0,4.0,4.0,4.0,4.0,4.0,4.0,4.0,4.0,4.0,4.0,4.0,4.0,100.0,0.3917942345142364,0.618408203125,-0.280517578125,0.62078857421875,1.010269284248352,0.0625009536743164,0.0351567864418029,-46.65598678588867,-99.14396667480467,6.280613422393799,,,,,,,,,,,,,,,,,,,,,,,,,,,,,
14982,1754692311.628474,116.86549806594849,1754692311.7163172,5.0,0.0,-0.6669240811892223,8.26794563213491,2.0658424022714144,8.892163293565886,2.481471471811915,9.161441497416147,1.5112258777786565,-4.85232960855717,-3.096395050665592,-0.1109090690605398,-1.7909728829762344,-1.9826414427819827,-1.5070922758540064,-4.281093093411414,3518.0,2.0,4.0,4.0,4.0,4.0,4.0,4.0,4.0,4.0,4.0,4.0,4.0,4.0,4.0,4.0,100.0,,,,,,,,,,,,,,,,,,,,,,,,,,,,,,,,,,,,,,,
14983,1754692311.636277,116.87330102920532,1754692311.724121,6.0,0.0,-4.2865457413768695,10.080469939005468,-1.901535902024591,5.964068727290794,3.170815573818288,1.9846430840884184,-3.235352437490804,-7.77084324838512,-1.3703964090933027,-5.106381901209772,4.396415495244071,-3.403833801688563,5.506992126769944,0.3592443971464831,3493.0,2.0,4.0,4.0,4.0,4.0,4.0,4.0,4.0,4.0,4.0,4.0,4.0,4.0,4.0,4.0,100.0,,,,,,,,,,,,,,,,,,,,,,,,,,,,,,,,,,,,,,,
14984,1754692311.64408,116.88110399246216,1754692311.731924,7.0,0.0,-7.060089562829859,5.53175397203276,-3.6977696945617993,2.823738913889059,5.46035881133102,4.031379946269311,-5.421245593018654,-7.484505870750951,2.12177608860938,-7.442321405535409,5.800233371649114,-3.77735860732119,2.2697535754408307,1.649725370693062,3502.0,2.0,4.0,4.0,4.0,4.0,4.0,4.0,4.0,4.0,4.0,4.0,4.0,4.0,4.0,4.0,100.0,,,,,,,,,,,,,,,,,,,,,,,,,,,,,,,,,,,,,,,
14985,1754692311.651883,116.888906955719,1754692311.7398272,8.0,0.0,-1.4509665174971929,2.253312920706037,-2.658546818325988,1.9423888345656333,-1.3706509779538578,5.61268809053189,-1.44595939219181,-1.4116054901986104,3.5091661004473167,-4.356636023184194,2.25256969506853,-0.633766604101595,2.117990452308902,-4.95705557970615,3595.0,2.0,4.0,4.0,4.0,4.0,4.0,4.0,4.0,4.0,4.0,4.0,4.0,4.0,4.0,4.0,100.0,0.3912669420242309,0.61846923828125,-0.28057861328125,0.62103271484375,1.008316159248352,0.0839856564998626,0.0498054474592208,-47.2541389465332,-98.24673461914062,5.831998348236084,,,,,,,,,,,,,,,,,,,,,,,,,,,,,
14986,1754692311.659686,116.8967101573944,1754692311.74773,9.0,0.0,0.4510184908953079,1.0535941082220006,-3.3459122623490885,1.0898991253219492,-6.610691084752602,2.0122719498248216,0.6598728471620916,0.7652001339655499,2.7075869966655546,-4.2372733546950485,-0.196960135404538,-0.4767123078132727,7.194251842442441,-7.114928430984605,3609.0,2.0,4.0,4.0,4.0,4.0,4.0,4.0,4.0,4.0,4.0,4.0,4.0,4.0,4.0,4.0,100.0,,,,,,,,,,,,,,,,,,,,,,,,,,,,,,,,,,,,,,,
14987,1754692311.667489,116.90451312065125,1754692311.755533,10.0,0.0,-1.2851870657174231,-0.0608339300684974,-0.177933964465069,2.2382244306276107,2.8278369602779776,1.8912035544261696,3.0070898361403806,-0.8607906605049038,1.3580710541626786,-5.9539989723999724,0.3883259871098516,-1.7611403324987125,-1.2528549749428066,-2.768306983715888,3606.0,2.0,4.0,4.0,4.0,4.0,4.0,4.0,4.0,4.0,4.0,4.0,4.0,4.0,4.0,4.0,100.0,,,,,,,,,,,,,,,,,,,,,,,,,,,,,,,,,,,,,,,
14988,1754692311.675292,116.91231608390808,1754692311.7633362,11.0,0.0,2.569336060407352,-0.5926610525893352,2.925353791863074,-0.2048117784142391,7.383649595870395,-0.7714987261242072,3.374528429470104,-1.680696667871814,-4.465090747232296,-1.837470179966601,-0.407551447304229,-3.404008408677271,-8.520583701590283,3.6567193898254686,3559.0,2.0,4.0,4.0,4.0,4.0,4.0,4.0,4.0,4.0,4.0,4.0,4.0,4.0,4.0,4.0,100.0,,,,,,,,,,,,,,,,,,,,,,,,,,,,,,,,,,,,,,,
14989,1754692311.683095,116.92011904716492,1754692311.77124,12.0,0.0,7.394324042945072,1.749595875814748,1.95714761015347,-0.2564524747588166,2.102690237700472,-3.475498221965836,0.3500078228514667,1.289568490155716,-7.070461042647139,-0.2743179380024685,-2.414143916936382,-3.738225251874837,-2.4014054692777336,6.222348570853455,3556.0,2.0,4.0,4.0,4.0,4.0,4.0,4.0,4.0,4.0,4.0,4.0,4.0,4.0,4.0,4.0,100.0,0.3905454277992248,0.61865234375,-0.2806396484375,0.62127685546875,1.0117342472076416,0.0654306858777999,0.0351567864418029,-47.10459899902344,-99.14396667480467,5.981536388397217,,,,,,,,,,,,,,,,,,,,,,,,,,,,,
14990,1754692311.690898,116.92792201042175,1754692311.779143,13.0,0.0,5.525604949470136,1.9328242080291889,-0.1729861165513,6.192615187477742,0.5509256803461824,0.9854134758984684,-0.0127022471842508,4.279519111363271,-2.826790014723855,-6.137317023894838,-3.711578531533604,-2.6853529629197226,-1.7829145103757753,1.1847924727572092,3319.0,2.0,4.0,4.0,4.0,4.0,4.0,4.0,4.0,4.0,4.0,4.0,4.0,4.0,4.0,4.0,100.0,,,,,,,,,,,,,,,,,,,,,,,,,,,,,,,,,,,,,,,
14991,1754692311.698701,116.9357249736786,1754692311.786946,14.0,0.0,1.327606297506577,-2.120809072872248,-3.168235943552986,3.872891861946414,0.5918824001083749,4.512551716786788,1.334883146625657,2.6719319477462022,-2.3494850997439016,-6.235748346021751,-1.8836660807972976,0.4276564614266362,-6.822826363924492,3.4950140605066053,3606.0,2.0,4.0,4.0,4.0,4.0,4.0,4.0,4.0,4.0,4.0,4.0,4.0,4.0,4.0,4.0,100.0,,,,,,,,,,,,,,,,,,,,,,,,,,,,,,,,,,,,,,,
14992,1754692311.706504,116.943528175354,1754692311.794749,15.0,0.0,1.9121458016018664,-1.5215917205147775,-3.725056335668967,-4.082292968888112,-2.126350282733881,0.716455536370006,-1.8808198712510489,0.1807292830133633,-3.5838623417714075,2.602289812624633,3.757671848370421,4.371431394364947,0.1171414408898385,18.23879345962933,3559.0,2.0,4.0,4.0,4.0,4.0,4.0,4.0,4.0,4.0,4.0,4.0,4.0,4.0,4.0,4.0,100.0,,,,,,,,,,,,,,,,,,,,,,,,,,,,,,,,,,,,,,,
14993,1754692311.714307,116.95133113861084,1754692311.802652,16.0,0.0,5.13746517760103,2.747094808988664,-1.4690624343910486,-4.793134162653928,-8.614128876777045,-5.923832790499432,-9.404465996752492,-5.163214450404553,-1.0620255742441032,3.3011333341625004,9.636717601902204,1.301743300941439,13.972290504245509,21.854958150877,0.0,2.0,4.0,4.0,4.0,4.0,4.0,4.0,4.0,4.0,4.0,4.0,4.0,4.0,4.0,4.0,100.0,0.3900070786476135,0.6187744140625,-0.28057861328125,0.62152099609375,1.0000152587890625,0.0610360875725746,0.0463874265551567,-49.04859924316406,-98.09719848632812,6.280613422393799,,,,,,,,,,,,,,,,,,,,,,,,,,,,,
14994,1754692311.72211,116.95913410186768,1754692311.810555,17.0,0.0,6.852172405367071,2.911997070342238,0.0691093951786001,-1.4490411440911544,-9.602718398116906,-8.364003049304358,-11.426953928404204,-11.825860521879406,1.6116181248602857,-1.3455973165360433,10.18876617639711,-0.286255485816639,17.831784107632927,15.81994647583582,0.0,2.0,4.0,4.0,4.0,4.0,4.0,4.0,4.0,4.0,4.0,4.0,4.0,4.0,4.0,4.0,100.0,,,,,,,,,,,,,,,,,,,,,,,,,,,,,,,,,,,,,,,
14995,1754692311.729913,116.96693706512453,1754692311.8183582,18.0,0.0,-0.2387375037499737,0.2393488994945869,0.4784754706503804,-2.7961338153712063,-3.529116950125456,-6.210032809410052,-3.771598374121197,-8.391676946291511,-1.84068623980312,2.27610543891268,6.884477121323641,5.410744699992108,14.197347012933449,21.78046039589634,0.0,2.0,4.0,4.0,4.0,4.0,4.0,4.0,4.0,4.0,4.0,4.0,4.0,4.0,4.0,4.0,100.0,,,,,,,,,,,,,,,,,,,,,,,,,,,,,,,,,,,,,,,
14996,1754692311.737716,116.97474002838136,1754692311.826162,19.0,0.0,-9.255849919259704,-1.345596475584074,0.9107747579963928,-6.686239286803897,-2.9526868576482173,-3.9231027856418166,3.0696820677270864,-1.9884187656167285,-6.3688603988353805,4.259872104213997,1.9919696064065704,6.736125185256611,4.237378452360787,22.69463222675396,0.0,2.0,4.0,4.0,4.0,4.0,4.0,4.0,4.0,4.0,4.0,4.0,4.0,4.0,4.0,4.0,100.0,,,,,,,,,,,,,,,,,,,,,,,,,,,,,,,,,,,,,,,
14997,1754692311.745519,116.98254299163818,1754692311.834065,20.0,0.0,-2.479173727560294,-1.2030070317735522,3.368456326335206,-3.712408962619804,-3.658258585431497,-2.263006379337924,1.6498617741287376,0.3129876000832041,-1.0501087102559836,4.065124340166847,0.1359899554524304,6.85499384631629,-0.9511735346321188,14.943951690869824,0.0,2.0,4.0,4.0,4.0,4.0,4.0,4.0,4.0,4.0,4.0,4.0,4.0,4.0,4.0,4.0,100.0,0.3893788754940033,0.6187744140625,-0.2806396484375,0.62188720703125,1.004898190498352,0.0571297779679298,0.0371099412441253,-47.40367889404297,-99.89166259765624,4.785229206085205,,,,,,,,,,,,,,,,,,,,,,,,,,,,,
14998,1754692311.753322,116.99034595489502,1754692311.841968,21.0,0.0,4.021609015160863,-4.131079733945938,3.235987377395446,-0.7045825330568221,-2.5543648351757327,-8.033402674105986,-6.467923555764031,0.0457117451252599,-1.679775867885695,2.5515808788065044,-0.6556512773553038,6.548289946542496,-0.2389054878536569,9.036543235656753,0.0,2.0,4.0,4.0,4.0,4.0,4.0,4.0,4.0,4.0,4.0,4.0,4.0,4.0,4.0,4.0,100.0,,,,,,,,,,,,,,,,,,,,,,,,,,,,,,,,,,,,,,,
14999,1754692311.761125,116.99814915657043,1754692311.849771,22.0,0.0,2.880753484488394,-6.17114115986513,0.9957980611145274,-0.3266663214924676,-2.3525408981065823,-10.734631813886864,-4.438356823931628,1.615713228560452,-5.72050996446049,2.807506961157032,0.8136537305956324,4.681199630145983,0.8848920621030345,3.7162980012842297,0.0,2.0,4.0,4.0,4.0,4.0,4.0,4.0,4.0,4.0,4.0,4.0,4.0,4.0,4.0,4.0,100.0,,,,,,,,,,,,,,,,,,,,,,,,,,,,,,,,,,,,,,,
15000,1754692311.768928,117.00595211982728,1754692311.857574,23.0,0.0,-1.270310853830949,-5.9295505981187375,0.6428183315704814,-1.2582307361419112,-3.5811983675404804,-3.660714691278088,1.99354207007201,2.520049502630912,-0.1136620359495168,5.893193437270213,1.6604680087073689,3.901333114276724,1.0113120651438408,-2.665936849571324,0.0,2.0,4.0,4.0,4.0,4.0,4.0,4.0,4.0,4.0,4.0,4.0,4.0,4.0,4.0,4.0,100.0,,,,,,,,,,,,,,,,,,,,,,,,,,,,,,,,,,,,,,,
15001,1754692311.776731,117.0137550830841,1754692311.865577,24.0,0.0,-4.820635087130881,-2.6273301989052698,1.39272161633437,2.7015859522058463,0.9204678315096544,1.892552120573896,-0.7982990916347035,5.277709962588347,5.565925906388316,4.348362255426423,-4.274191261808369,0.7924930317245753,-4.277986517594059,-10.385890596111835,0.0,2.0,4.0,4.0,4.0,4.0,4.0,4.0,4.0,4.0,4.0,4.0,4.0,4.0,4.0,4.0,100.0,0.3886526823043823,0.618896484375,-0.28070068359375,0.6221923828125,1.0019683837890625,0.0654306858777999,0.0385748073458671,-48.59998321533203,-99.14396667480467,6.729228496551514,,,,,,,,,,,,,,,,,,,,,,,,,,,,,
15002,1754692311.784534,117.02155804634094,1754692311.8733802,25.0,0.0,-0.2060503893371787,2.387059694905929,0.880557844640407,7.588496158427915,11.15137587983918,0.25831143537971,-2.294667718121673,7.015953983960117,1.3390085748792444,-0.1099500417731178,-5.565417444045579,-2.254269400573321,-7.742465849229802,-13.778512204526578,0.0,2.0,4.0,4.0,4.0,4.0,4.0,4.0,4.0,4.0,4.0,4.0,4.0,4.0,4.0,4.0,100.0,,,,,,,,,,,,,,,,,,,,,,,,,,,,,,,,,,,,,,,
15003,1754692311.792337,117.02936100959778,1754692311.881284,26.0,0.0,4.468977169946584,3.689200983216097,-1.899961414460222,5.1264581182028905,11.93135961119492,-0.2248791466470265,1.8570789142911508,1.143777585480393,-4.407523860432093,-1.5661610940926494,-2.278344003257871,-0.7207118245298716,-6.712011467978755,-13.818974127288811,0.0,2.0,4.0,4.0,4.0,4.0,4.0,4.0,4.0,4.0,4.0,4.0,4.0,4.0,4.0,4.0,100.0,,,,,,,,,,,,,,,,,,,,,,,,,,,,,,,,,,,,,,,
15004,1754692311.80014,117.0371639728546,1754692311.889087,27.0,0.0,-1.4987271444908288,4.254644129809378,-1.5173632495991,5.663441611428254,1.2821390615834505,6.12384739964574,3.6974258370417488,-3.179180156224618,-2.875320461200033,2.369973166039756,-2.26042350098868,0.8022962916136862,-3.062589720792346,-12.2501235603051,0.0,2.0,4.0,4.0,4.0,4.0,4.0,4.0,4.0,4.0,4.0,4.0,4.0,4.0,4.0,4.0,100.0,,,,,,,,,,,,,,,,,,,,,,,,,,,,,,,,,,,,,,,
15005,1754692311.807943,117.04496717453004,1754692311.89699,28.0,0.0,-6.13316394704043,9.657676189149242,1.0321292285352683,11.94363786245458,-2.648311261390063,10.759900464371183,4.598663745346585,-1.0414572356571623,0.8718051504188224,1.833523234533004,-2.877696145193113,-1.7686567165933411,-3.268441039306026,-14.372105617535,0.0,2.0,4.0,4.0,4.0,4.0,4.0,4.0,4.0,4.0,4.0,4.0,4.0,4.0,4.0,4.0,100.0,0.3884682357311249,0.61907958984375,-0.28082275390625,0.6220703125,1.0175936222076416,0.0551766231656074,0.0361333638429641,-48.59998321533203,-99.14396667480467,5.981536388397217,,,,,,,,,,,,,,,,,,,,,,,,,,,,,
15006,1754692311.815746,117.05277013778688,1754692311.904793,29.0,0.0,-3.750293232810691,7.300000257198008,-1.1235517560367043,9.632106552132427,3.506380167717907,5.366136927782009,4.5884537081274175,-0.063973520645959,4.043091184107652,-4.644426806267347,-4.212655430884752,-2.987451119574871,-9.744415657512263,-21.948353139021947,0.0,2.0,4.0,4.0,4.0,4.0,4.0,4.0,4.0,4.0,4.0,4.0,4.0,4.0,4.0,4.0,100.0,,,,,,,,,,,,,,,,,,,,,,,,,,,,,,,,,,,,,,,
15007,1754692311.823549,117.0605731010437,1754692311.912696,30.0,0.0,-8.821340803248518,0.4470324330385438,-3.61546922223272,3.069885927756673,4.920562813217998,4.546626350031488,6.367090467614048,3.1888881794851613,8.765785836594546,-2.11801728210196,-2.8337894771290166,-2.685156908848171,-8.724979349066302,-26.587851174702905,0.0,2.0,4.0,4.0,4.0,4.0,4.0,4.0,4.0,4.0,4.0,4.0,4.0,4.0,4.0,4.0,100.0,,,,,,,,,,,,,,,,,,,,,,,,,,,,,,,,,,,,,,,
15008,1754692311.831352,117.06837606430054,1754692311.920499,31.0,0.0,-20.65205993333496,3.882217357216973,-6.059201319931731,0.4832333078578585,0.4664807515840721,8.898075263567875,8.361029310692516,7.217709914006605,11.349883979798392,4.988703462778517,-4.492672994057216,-8.637962713251568,-6.486470479455079,-26.86950492256085,0.0,2.0,4.0,4.0,4.0,4.0,4.0,4.0,4.0,4.0,4.0,4.0,4.0,4.0,4.0,4.0,100.0,,,,,,,,,,,,,,,,,,,,,,,,,,,,,,,,,,,,,,,
15009,1754692311.839155,117.07617902755736,1754692311.9284022,32.0,0.0,-18.252087753691,12.791470303280503,-4.763435088855829,2.704229265273,-0.2006564500654235,6.327993330305901,3.870438181095608,9.803543308868768,14.26901629000605,6.666015541436366,-7.040331358256651,-7.564253420932971,-12.289098340224143,-21.58681635266765,0.0,2.0,4.0,4.0,4.0,4.0,4.0,4.0,4.0,4.0,4.0,4.0,4.0,4.0,4.0,4.0,100.0,0.3881653249263763,0.61907958984375,-0.28070068359375,0.622314453125,1.0029449462890625,0.0590829327702522,0.0336919203400611,-48.0018310546875,-99.29351043701172,7.177844047546387,,,,,,,,,,,,,,,,,,,,,,,,,,,,,
15010,1754692311.846958,117.0839819908142,1754692311.936206,33.0,0.0,-6.449409727510158,16.259261594562247,0.3313585031868911,3.586939186149664,-3.573759706780095,3.6575972261320544,-0.4040260062320726,8.889923638679136,10.70142089504492,2.830732038252279,-8.133133411379788,0.0205684868014373,-15.088252521168272,-17.52958071147583,0.0,2.0,4.0,4.0,4.0,4.0,4.0,4.0,4.0,4.0,4.0,4.0,4.0,4.0,4.0,4.0,100.0,,,,,,,,,,,,,,,,,,,,,,,,,,,,,,,,,,,,,,,
15011,1754692311.854761,117.09178495407104,1754692311.944109,34.0,0.0,-0.6397838287454078,19.126840270480784,3.2936817222415584,3.095715798793549,-7.143313939342647,5.802601013844992,2.4109862964836566,4.778212079564923,1.0466649271078268,-4.1141194261718965,-7.309357018113701,2.050168449633361,-8.44873372299378,-15.371400030853806,0.0,2.0,4.0,4.0,4.0,4.0,4.0,4.0,4.0,4.0,4.0,4.0,4.0,4.0,4.0,4.0,100.0,,,,,,,,,,,,,,,,,,,,,,,,,,,,,,,,,,,,,,,
15012,1754692311.862564,117.09958815574646,1754692311.9519122,35.0,0.0,2.7956428255959054,24.771162611560385,3.123242879333929,3.3018871536426104,-4.095856256414436,5.809773846512826,3.3885441327095123,-0.1245800973872519,-2.3099201534776057,-10.035831006223134,-3.431525799442852,0.7411094481497003,-4.622086576829588,-11.895108695244971,0.0,2.0,4.0,4.0,4.0,4.0,4.0,4.0,4.0,4.0,4.0,4.0,4.0,4.0,4.0,4.0,100.0,,,,,,,,,,,,,,,,,,,,,,,,,,,,,,,,,,,,,,,
15013,1754692311.870367,117.1073911190033,1754692311.959815,36.0,0.0,5.358283720535496,25.24546909860203,0.1252071479590313,1.9630905674636097,-2.769213006003497,6.382736162871538,2.2576082398624067,-1.6482601495416702,1.0192831345367497,-7.749451059632861,-0.61974991707973,-0.3279660171968999,-7.1005344891817685,-9.2491776116957,0.0,2.0,4.0,4.0,4.0,4.0,4.0,4.0,4.0,4.0,4.0,4.0,4.0,4.0,4.0,4.0,100.0,0.3872916996479034,0.61895751953125,-0.28082275390625,0.6229248046875,1.005874752998352,0.048340581357479,0.0434576943516731,-46.80552291870117,-99.29351043701172,6.43015193939209,,,,,,,,,,,,,,,,,,,,,,,,,,,,,
15014,1754692311.87817,117.11519408226012,1754692311.967618,37.0,0.0,2.0204670766113395,20.272934869121173,-1.0173557027062543,-1.1644822549808396,-0.1561878134336893,8.702228186506318,4.340929154158175,1.4723402829943095,3.507167395908482,-2.128462705034736,-2.5334862793586126,-3.1702063627456027,-3.891557429978775,-8.961228441463163,0.0,2.0,4.0,4.0,4.0,4.0,4.0,4.0,4.0,4.0,4.0,4.0,4.0,4.0,4.0,4.0,100.0,,,,,,,,,,,,,,,,,,,,,,,,,,,,,,,,,,,,,,,
15015,1754692311.885973,117.12299704551695,1754692311.975521,38.0,0.0,-0.3298422719710743,14.649013856829924,0.5976591818405268,-2.300818497325281,3.698086558747264,3.979560579543204,3.899906422025879,1.3545441974722507,0.5344384286770492,-2.863737030863149,-6.563886262678125,-7.114837485746875,-0.6903305665775861,-7.673011549165722,0.0,2.0,4.0,4.0,4.0,4.0,4.0,4.0,4.0,4.0,4.0,4.0,4.0,4.0,4.0,4.0,100.0,,,,,,,,,,,,,,,,,,,,,,,,,,,,,,,,,,,,,,,
15016,1754692311.893776,117.1308000087738,1754692311.983325,39.0,0.0,6.485573172808529,12.609735902122395,2.281526013416226,0.4240957267612089,2.3796915812109205,-1.928985531593696,0.7961099980848871,-1.301589605749939,-1.2429974589148856,-0.735237982049,-1.3481681756229025,-1.3959098210070238,-2.0174068568523467,1.126261484074405,0.0,2.0,4.0,4.0,4.0,4.0,4.0,4.0,4.0,4.0,4.0,4.0,4.0,4.0,4.0,4.0,100.0,,,,,,,,,,,,,,,,,,,,,,,,,,,,,,,,,,,,,,,
15017,1754692311.901579,117.13860297203064,1754692311.991228,40.0,0.0,7.67075091860147,10.023925382183052,-0.1078504985450763,-0.8312401576488355,0.2027529525364571,-4.238039350624831,-4.657892851497536,-5.29071419915158,-0.7934015179228027,0.224848556385723,1.862970041986273,3.6799599738330926,-5.530680105774991,4.1099916671371375,0.0,2.0,4.0,4.0,4.0,4.0,4.0,4.0,4.0,4.0,4.0,4.0,4.0,4.0,4.0,4.0,100.0,0.6234636306762695,0.40350341796875,-0.54730224609375,0.38592529296875,1.0141756534576416,0.0571297779679298,0.0312504768371582,-46.80552291870117,-97.4990463256836,5.084306240081787,,,,,,,,,,,,,,,,,,,,,,,,,,,,,
15018,1754692311.909382,117.14640617370604,1754692311.999031,41.0,0.0,4.611577719290722,8.2193156133593,0.6396087726128599,-0.5601964792323315,1.0138397549934552,-2.363269574114952,-4.7364411432673705,-3.8358295303861496,2.520406263486052,-2.3749578456601057,1.9946898457654925,2.813189909820608,-3.3892349828114448,-0.8701207378504705,0.0,2.0,4.0,4.0,4.0,4.0,4.0,4.0,4.0,4.0,4.0,4.0,4.0,4.0,4.0,4.0,100.0,,,,,,,,,,,,,,,,,,,,,,,,,,,,,,,,,,,,,,,
15019,1754692311.917185,117.15420913696288,1754692312.0069342,42.0,0.0,0.3356778360767407,2.480407115431774,-0.2765039728869283,0.8659844088670638,-1.5114192099499064,0.8407309692993863,2.305945215364829,0.3079668589066955,2.521665137357161,-7.191211852729737,0.3214783488706985,-2.388317960781876,-0.8839152391837501,-5.627489182695115,0.0,2.0,4.0,4.0,4.0,4.0,4.0,4.0,4.0,4.0,4.0,4.0,4.0,4.0,4.0,4.0,100.0,,,,,,,,,,,,,,,,,,,,,,,,,,,,,,,,,,,,,,,
15020,1754692311.924988,117.16201210021973,1754692312.0147371,43.0,0.0,-2.2344628909158644,-8.078560098281258,-4.607435049995246,2.567871230729935,3.404858844788606,4.820387770192184,5.579115704012139,2.7030804666542565,3.1938803830348945,-4.08745897511605,-1.864806551296141,-4.08511289208306,1.520755583943611,-1.8012053300676314,0.0,2.0,4.0,4.0,4.0,4.0,4.0,4.0,4.0,4.0,4.0,4.0,4.0,4.0,4.0,4.0,100.0,,,,,,,,,,,,,,,,,,,,,,,,,,,,,,,,,,,,,,,
15021,1754692311.932791,117.16981506347656,1754692312.02264,44.0,0.0,-1.515378680959401,-18.39935709120047,-5.470998848302514,-0.3607299905058596,6.594077186736541,1.51452232489126,-1.323564805010136,1.979571462101632,4.755104989657667,1.973813246055016,-2.392966990962776,-2.27910416064762,0.6150146200093616,1.3754274461673788,0.0,2.0,4.0,4.0,4.0,4.0,4.0,4.0,4.0,4.0,4.0,4.0,4.0,4.0,4.0,4.0,100.0,0.6229515671730042,0.4033203125,-0.54754638671875,0.3865966796875,1.008804440498352,0.0395513847470283,0.0415045395493507,-48.7495231628418,-98.54581451416016,5.383382797241211,,,,,,,,,,,,,,,,,,,,,,,,,,,,,
15022,1754692311.940594,117.1776180267334,1754692312.0304432,45.0,0.0,5.1624143750146345,-19.035957296787217,0.1316485394405049,-6.517961043146386,-0.2316199463597854,-6.572964323807753,-1.2332083957830378,3.9508242142256336,-0.8750198534934839,3.640381176085669,-0.8460354558355334,-0.6694311413770606,0.0832850773227278,5.230502126452905,0.0,2.0,4.0,4.0,4.0,4.0,4.0,4.0,4.0,4.0,4.0,4.0,4.0,4.0,4.0,4.0,100.0,,,,,,,,,,,,,,,,,,,,,,,,,,,,,,,,,,,,,,,
15023,1754692311.948397,117.18542098999023,1754692312.038347,46.0,0.0,8.746497953267465,-17.71437077948707,2.265516300947695,-5.784469659187778,-0.155279276413637,-9.915259994546377,2.605116519499063,1.4266490895147967,-7.020868042261952,-0.6751117904718171,1.3884164709357378,-1.0708376548240608,3.240960857564517,12.060348722522178,0.0,2.0,4.0,4.0,4.0,4.0,4.0,4.0,4.0,4.0,4.0,4.0,4.0,4.0,4.0,4.0,100.0,,,,,,,,,,,,,,,,,,,,,,,,,,,,,,,,,,,,,,,
15024,1754692311.9562,117.19322395324708,1754692312.04615,47.0,0.0,6.210963111094657,-19.93457625438043,0.3920031113924551,-0.0765798699591187,6.474361776228193,-5.583878837901125,-3.862398632849022,-6.317012783859468,-4.055329147823727,-1.0544825126959267,4.27027979584534,-1.8244558550046577,8.041030532719674,11.87910170565408,0.0,2.0,4.0,4.0,4.0,4.0,4.0,4.0,4.0,4.0,4.0,4.0,4.0,4.0,4.0,4.0,100.0,,,,,,,,,,,,,,,,,,,,,,,,,,,,,,,,,,,,,,,
15025,1754692311.964003,117.20102715492249,1754692312.054053,48.0,0.0,5.544424817149718,-22.614002129518724,-1.6118091148615008,-2.0093476571265114,4.152430752428643,-4.35662935554052,-10.953594725838286,-7.776409347629453,-5.134670795365821,5.544079193069081,3.47426138256418,0.2627919522237221,6.2050786282486,5.222972835677808,0.0,2.0,4.0,4.0,4.0,4.0,4.0,4.0,4.0,4.0,4.0,4.0,4.0,4.0,4.0,4.0,100.0,0.6226533651351929,0.40301513671875,-0.5478515625,0.386962890625,1.004409909248352,0.048340581357479,0.0263675898313522,-47.85229110717773,-99.44304656982422,4.486152648925781,,,,,,,,,,,,,,,,,,,,,,,,,,,,,
15026,1754692311.971806,117.20883011817932,1754692312.0619562,49.0,0.0,9.271577872985858,-23.06088488654575,-1.6501422951713494,-2.2736168823925027,5.013493140063133,-5.571290892546017,-4.349146878830084,0.4685683183689662,-8.118568536995895,9.25736401308825,1.8934921940468712,4.463044178208861,-3.565691774293896,5.473411843823328,0.0,2.0,4.0,4.0,4.0,4.0,4.0,4.0,4.0,4.0,4.0,4.0,4.0,4.0,4.0,4.0,100.0,,,,,,,,,,,,,,,,,,,,,,,,,,,,,,,,,,,,,,,
15027,1754692311.979609,117.21663308143616,1754692312.0697591,50.0,0.0,8.318633919115598,-23.74321036930957,-3.2925160387040364,0.9888502494554244,5.243333860051678,-4.133384847743457,-1.1598228428788957,0.413068332743876,-3.718631893513305,3.848815116481944,-0.2022088900308176,3.122445966445809,-7.08585897171298,7.660037959632007,0.0,2.0,4.0,4.0,4.0,4.0,4.0,4.0,4.0,4.0,4.0,4.0,4.0,4.0,4.0,4.0,100.0,,,,,,,,,,,,,,,,,,,,,,,,,,,,,,,,,,,,,,,
15028,1754692311.987412,117.224436044693,1754692312.077562,51.0,0.0,4.241606769046825,-23.178426536910703,-3.0278587449025736,-0.8219796641257062,0.172425834737055,-0.5843457499637452,-1.3209033432482329,-2.057343582346334,1.6357472744174402,0.2688133139271258,-0.4093837662763917,1.059626100532455,2.468203867756188,6.079596377109169,0.0,2.0,4.0,4.0,4.0,4.0,4.0,4.0,4.0,4.0,4.0,4.0,4.0,4.0,4.0,4.0,100.0,,,,,,,,,,,100.0,4.0,14.866546630859377,4.0,15.741903305053713,4.0,11.730732917785645,4.0,19.00472068786621,4.0,12.462587356567385,4.0,11.193641662597656,4.0,12.117765426635742,4.0,12.17975902557373,4.0,12.654072761535645,4.0,14.599281311035156,4.0,13.036548614501951,4.0,14.25436019897461,4.0,14.358745574951172,4.0,19.298065185546875
15029,1754692311.995215,117.23223900794984,1754692312.0854652,52.0,0.0,2.0151867871132936,-23.50673179068769,-3.1045255917591703,-5.451315592310834,-2.0193176852484385,-3.404100063606052,2.432651860953797,1.779133876162291,-1.3164801223359746,1.257257316442633,1.3128441560367037,0.075901263588662,6.9489283893107086,3.3677546678987937,0.0,2.0,4.0,4.0,4.0,4.0,4.0,4.0,4.0,4.0,4.0,4.0,4.0,4.0,4.0,4.0,100.0,0.6223813891410828,0.40289306640625,-0.54803466796875,0.38726806640625,0.9897611737251282,0.0449225604534149,0.0297856107354164,-48.15137100219727,-99.14396667480467,5.532921314239502,,,,,,,,,,,,,,,,,,,,,,,,,,,,,
15030,1754692312.003018,117.24004197120668,1754692312.093369,53.0,0.0,3.689212402166845,-18.847676699841145,-2.9085677878371143,-2.8237840561633902,-0.4994357138986061,-8.242398972468095,1.0641946009253616,2.252163074285249,-5.297138720627686,1.0529832957462304,1.7124876645656286,0.1499589223766406,3.5331359578812,5.213945393484096,0.0,2.0,4.0,4.0,4.0,4.0,4.0,4.0,4.0,4.0,4.0,4.0,4.0,4.0,4.0,4.0,100.0,,,,,,,,,,,,,,,,,,,,,,,,,,,,,,,,,,,,,,,
15031,1754692312.010821,117.24784517288208,1754692312.101172,54.0,0.0,3.4963638857210526,-12.777137612340653,0.0191266406599197,0.6694762700038837,-1.6149578556011193,-8.770724980544514,-4.026154723367313,-1.878814937910306,-3.147540277424582,2.077639164402968,3.524820156233432,1.7471613344454229,2.127909661423814,7.897590126659338,0.0,2.0,4.0,4.0,4.0,4.0,4.0,4.0,4.0,4.0,4.0,4.0,4.0,4.0,4.0,4.0,100.0,,,,,,,,,,,,,,,,,,,,,,,,,,,,,,,,,,,,,,,
15032,1754692312.018624,117.25564813613892,1754692312.1089752,55.0,0.0,0.5609641606167486,-12.629343307021172,0.4820788457870719,-1.1980547791111178,-2.9798477223514794,-5.297179082486565,-4.868157122372651,-3.0347887645923777,-0.2291295322332018,8.339300936382386,6.984070105956761,3.333500011007999,3.0652777808763574,7.287456511919771,0.0,2.0,4.0,4.0,4.0,4.0,4.0,4.0,4.0,4.0,4.0,4.0,4.0,4.0,4.0,4.0,100.0,,,,,,,,,,,,,,,,,,,,,,,,,,,,,,,,,,,,,,,
15033,1754692312.026427,117.26345109939577,1754692312.116878,56.0,0.0,-0.0981397677495294,-7.447884166418902,0.8645043159309864,-0.1900133015168137,-1.0986028472642315,-2.7692053595600044,-3.5285383093849703,-1.910631869330104,-1.209084263516928,10.24717863247875,3.7404577756025503,1.6619547790907347,1.980012954355885,6.982410588186809,0.0,2.0,4.0,4.0,4.0,4.0,4.0,4.0,4.0,4.0,4.0,4.0,4.0,4.0,4.0,4.0,100.0,0.6222167015075684,0.40277099609375,-0.548095703125,0.3875732421875,1.005386471748352,0.0522468909621238,0.018066681921482,-49.04859924316406,-98.09719848632812,5.981536388397217,,,,,,,,,,,,,,,,,,,,,,,,,,,,,
15034,1754692312.03423,117.2712540626526,1754692312.124681,57.0,0.0,1.4551374462062086,-2.204180160143096,1.589958024628686,1.1995526743685332,0.0986373970717977,-2.227288881973891,-2.80294602068534,-0.8997652486050356,-6.389005240250299,3.04888229402286,-1.0878208092685782,-0.1515193242585155,2.575838193212121,6.532315694503268,0.0,2.0,4.0,4.0,4.0,4.0,4.0,4.0,4.0,4.0,4.0,4.0,4.0,4.0,4.0,4.0,100.0,,,,,,,,,,,,,,,,,,,,,,,,,,,,,,,,,,,,,,,
15035,1754692312.042033,117.27905702590942,1754692312.132584,58.0,0.0,1.7684453619742158,-4.7322750601204575,1.6277544596279654,0.0535088321204852,-0.4578638646351578,0.9817127742969092,-2.003412331836273,-2.5094033615067133,-8.787262292577736,-7.19824319988021,2.7241378047421563,0.5392581299585686,1.9385889648048649,4.309265392861278,0.0,2.0,4.0,4.0,4.0,4.0,4.0,4.0,4.0,4.0,4.0,4.0,4.0,4.0,4.0,4.0,100.0,,,,,,,,,,,,,,,,,,,,,,,,,,,,,,,,,,,,,,,
15036,1754692312.049836,117.28685998916626,1754692312.140388,59.0,0.0,0.7043011704237756,-0.8109942204503682,4.881563997013643,2.4990931959311524,-3.405366680918462,5.317161620675677,-2.754164003775088,-6.053888257982919,-2.457051050390703,-7.483258648878575,5.537777840906699,0.4444388307676377,0.2692045589157601,2.105171518577833,0.0,2.0,4.0,4.0,4.0,4.0,4.0,4.0,4.0,4.0,4.0,4.0,4.0,4.0,4.0,4.0,100.0,,,,,,,,,,,,,,,,,,,,,,,,,,,,,,,,,,,,,,,
15037,1754692312.057639,117.2946629524231,1754692312.148391,60.0,0.0,-2.497168833583089,2.814867050316991,4.271639856114746,2.5511795022535466,-7.510362076251511,3.829122863338,-1.9747711356898776,-1.8962042025445385,2.280237141827513,0.3279628409309794,0.2087656479484962,-3.0866454369974576,-1.2726039157495848,-0.2245658789765343,0.0,2.0,4.0,4.0,4.0,4.0,4.0,4.0,4.0,4.0,4.0,4.0,4.0,4.0,4.0,4.0,100.0,0.6221226453781128,0.402587890625,-0.54803466796875,0.38800048828125,1.003921627998352,0.0468757152557373,0.0375982299447059,-49.19813919067383,-98.54581451416016,5.084306240081787,,,,,,,,,,,,,,,,,,,,,,,,,,,,,
15038,1754692312.065442,117.30246615409852,1754692312.156194,61.0,0.0,-3.638257644571297,-1.3491288943415043,-1.4585931461284076,-2.050992820199156,-5.1067907509005295,3.997712635896676,5.924062129078209,7.435350569816762,5.143995892942655,4.747165170511323,-2.25616811470087,-2.622070273623706,-0.4918797516211839,-1.1381150794168775,0.0,2.0,4.0,4.0,4.0,4.0,4.0,4.0,4.0,4.0,4.0,4.0,4.0,4.0,4.0,4.0,100.0,,,,,,,,,,,,,,,,,,,,,,,,,,,,,,,,,,,,,,,
15039,1754692312.073245,117.31026911735536,1754692312.1639972,62.0,0.0,-0.3506208878656025,-1.1445858253767938,-2.741072064476043,-2.993272878128096,0.6279679115074259,8.324971735191525,8.80986655845902,3.088198690727154,4.323535868568456,-0.7718721087616132,-4.23390235136219,-0.7293302638821615,-0.8052026776971388,0.0854451613487299,0.0,2.0,4.0,4.0,4.0,4.0,4.0,4.0,4.0,4.0,4.0,4.0,4.0,4.0,4.0,4.0,100.0,,,,,,,,,,,,,,,,,,,,,,,,,,,,,,,,,,,,,,,
15040,1754692312.081048,117.31807208061218,1754692312.1718,63.0,0.0,0.2684382626299566,5.937284906303034,0.3850774700978263,1.1550935425362925,3.5385338818010723,7.766082585587924,4.883820423212114,-5.164330553818559,1.9288836616930207,-5.326567626881911,-6.48503498358366,-1.4527816738849424,-5.120671893571284,-0.702573251301942,0.0,2.0,4.0,4.0,4.0,4.0,4.0,4.0,4.0,4.0,4.0,4.0,4.0,4.0,4.0,4.0,100.0,,,,,,,,,,,,,,,,,,,,,,,,,,,,,,,,,,,,,,,
15041,1754692312.088851,117.32587504386902,1754692312.179703,64.0,0.0,-2.5474986619713604,8.252088730518324,0.5544759121068523,2.567539696458596,3.639653484503185,4.566930668454631,0.968335525361624,-0.966992838476756,2.153668203003406,-3.9677354042385673,-3.0890547359334164,0.3595268994510547,-5.345417471112626,-5.2689295655562205,3331.0,2.0,4.0,4.0,4.0,4.0,4.0,4.0,4.0,4.0,4.0,4.0,4.0,4.0,4.0,4.0,100.0,0.6220186948776245,0.40252685546875,-0.5478515625,0.38848876953125,1.0009918212890625,0.0439459830522537,0.0317387655377388,-48.15137100219727,-98.09719848632812,6.280613422393799,,,,,,,,,,,,,,,,,,,,,,,,,,,,,
15042,1754692312.096654,117.33367800712584,1754692312.187606,65.0,0.0,-1.1151482682537337,8.807682963110665,1.2454852173320887,1.5448159165750894,2.423057074212693,5.662148281704731,-1.1963800487085336,-0.5268684668255901,0.0532420082156477,-2.466914852539276,0.4751459498822896,-0.4802923082172583,-2.1293599461346275,-5.814254654810384,3522.0,2.0,4.0,4.0,4.0,4.0,4.0,4.0,4.0,4.0,4.0,4.0,4.0,4.0,4.0,4.0,100.0,,,,,,,,,,,,,,,,,,,,,,,,,,,,,,,,,,,,,,,
15043,1754692312.104457,117.34148097038268,1754692312.19541,66.0,0.0,1.9304577368376383,10.292595007537445,2.983502826927748,1.773019318608135,1.6271207093014937,5.734694280548979,-0.902492840032096,-6.887179673249989,-4.491955953677348,-4.076057544752416,-0.1474901308705511,-3.247512075953523,0.6369364004568752,-1.6700391183479724,3495.0,2.0,4.0,4.0,4.0,4.0,4.0,4.0,4.0,4.0,4.0,4.0,4.0,4.0,4.0,4.0,100.0,,,,,,,,,,,,,,,,,,,,,,,,,,,,,,,,,,,,,,,
15044,1754692312.11226,117.3492841720581,1754692312.203313,67.0,0.0,0.5568960895461714,9.427537150586886,2.8735663741395,2.432415773588218,6.290726762755185,3.5473512388925883,-0.5265091870232936,-7.462923194592804,-5.81695129069476,-7.337758859582664,-3.7529527359320127,-1.5992982335574195,-1.5682933013445108,1.5841752205833473,3616.0,2.0,4.0,4.0,4.0,4.0,4.0,4.0,4.0,4.0,4.0,4.0,4.0,4.0,4.0,4.0,100.0,,,,,,,,,,,,,,,,,,,,,,,,,,,,,,,,,,,,,,,
15045,1754692312.120063,117.35708713531494,1754692312.211216,68.0,0.0,-0.6515295280975408,8.555122324687403,4.486049040222355,3.4658811603934225,7.389034851285345,0.7461670079636349,-1.603783899327624,-5.388792404694101,-4.616350047385055,-6.757554312093504,-1.192940977800987,0.9856950039987566,-4.140633130440989,2.3911443633113265,3626.0,2.0,4.0,4.0,4.0,4.0,4.0,4.0,4.0,4.0,4.0,4.0,4.0,4.0,4.0,4.0,100.0,0.6220356822013855,0.4024658203125,-0.54779052734375,0.38861083984375,1.008804440498352,0.0468757152557373,0.0341802090406417,-48.15137100219727,-99.14396667480467,5.532921314239502,,,,,,,,,,,,,,,,,,,,,,,,,,,,,
15046,1754692312.127866,117.36489009857178,1754692312.219119,69.0,0.0,0.969948018978272,3.959183719265553,3.6170864847839823,0.5140264901473586,-1.4256113808151838,-4.564147021525599,-4.076780458835032,-4.840853465037611,-7.701387649182919,-3.371797062158379,6.536623495084683,0.5144955089052985,3.258632398993683,4.021616595219626,3509.0,2.0,4.0,4.0,4.0,4.0,4.0,4.0,4.0,4.0,4.0,4.0,4.0,4.0,4.0,4.0,100.0,,,,,,,,,,,,,,,,,,,,,,,,,,,,,,,,,,,,,,,
15047,1754692312.135669,117.3726930618286,1754692312.226922,70.0,0.0,1.109334270662032,1.3590540511384577,2.2402465764733392,0.0117705431651415,-4.2231211409823,-5.308796779805732,-1.9846241147403705,-2.0991021375372725,-6.617790939989561,-0.6155935922053573,6.87690777796962,-0.0210855969559702,8.261643153769057,3.860690175135289,3501.0,2.0,4.0,4.0,4.0,4.0,4.0,4.0,4.0,4.0,4.0,4.0,4.0,4.0,4.0,4.0,100.0,,,,,,,,,,,,,,,,,,,,,,,,,,,,,,,,,,,,,,,
15048,1754692312.143472,117.38049602508544,1754692312.234725,71.0,0.0,-4.464634575014827,1.774353727709638,0.0259264693121963,2.522609191027584,0.137147985089939,-2.6333911786746853,1.5792499692756223,1.4844076633084455,3.075808337086926,2.62070088439799,-1.1955718980980805,-1.3657961276972514,-2.4397177889005093,-3.3944172939464465,3498.0,2.0,4.0,4.0,4.0,4.0,4.0,4.0,4.0,4.0,4.0,4.0,4.0,4.0,4.0,4.0,100.0,,,,,,,,,,,,,,,,,,,,,,,,,,,,,,,,,,,,,,,
15049,1754692312.151275,117.38829898834229,1754692312.242628,72.0,0.0,-7.10236692070248,0.7629661158016461,-1.9538149252966832,1.2672713107849631,0.1593385165824656,-1.4341932185438964,0.4872295626555569,5.467812342896195,10.695571168268089,6.073354281913453,0.1974612430499291,0.5137413949660186,-5.978064742115066,-4.769166385248809,3600.0,2.0,4.0,4.0,4.0,4.0,4.0,4.0,4.0,4.0,4.0,4.0,4.0,4.0,4.0,4.0,100.0,0.6221656799316406,0.4024658203125,-0.5477294921875,0.38848876953125,1.0131990909576416,0.0512703135609626,0.0439459830522537,-48.0018310546875,-99.29351043701172,6.131074905395508,,,,,,,,,,,,,,,,,,,,,,,,,,,,,
15050,1754692312.159078,117.39610195159912,1754692312.250432,73.0,0.0,-4.155523505079941,-2.228910768885612,-4.206903692050105,-0.8921823490626366,-4.434182887068232,-2.532135262697352,-3.484667791746574,6.543545799699245,6.546377175353086,0.2901895552141695,6.845392993171231,3.1153151491790823,5.355471305424203,0.37692016257472,3608.0,2.0,4.0,4.0,4.0,4.0,4.0,4.0,4.0,4.0,4.0,4.0,4.0,4.0,4.0,4.0,100.0,,,,,,,,,,,,,,,,,,,,,,,,,,,,,,,,,,,,,,,
15051,1754692312.16688,117.40390396118164,1754692312.258335,74.0,0.0,-2.5334550584981343,-1.32893657382931,-2.734861629498141,3.5571512554819265,-7.769485424783511,-1.0918405102871702,-4.789824732727197,3.3928347464506032,2.504527671014671,-5.417694783603679,6.307875182675957,-1.14582793979082,5.189870191903879,2.937559294438301,3616.0,2.0,4.0,4.0,4.0,4.0,4.0,4.0,4.0,4.0,4.0,4.0,4.0,4.0,4.0,4.0,100.0,,,,,,,,,,,,,,,,,,,,,,,,,,,,,,,,,,,,,,,
15052,1754692312.174684,117.41170811653136,1754692312.266138,75.0,0.0,-2.9424689880017354,-0.105862320697895,2.620768136542494,5.703598706067908,-7.85853467600208,-0.9756375387311778,-5.161520305517286,1.0337486385813577,7.9067126819439295,1.1330057687903832,1.9796332101621488,-1.8979029482972576,-2.121661375488827,0.954676565681268,3546.0,2.0,4.0,4.0,4.0,4.0,4.0,4.0,4.0,4.0,4.0,4.0,4.0,4.0,4.0,4.0,100.0,,,,,,,,,,,,,,,,,,,,,,,,,,,,,,,,,,,,,,,
15053,1754692312.182487,117.4195110797882,1754692312.2740412,76.0,0.0,-0.1926604898349069,-3.336593534754229,3.121247952023623,-1.6832373124457265,-3.347602845366509,-3.226180710089011,-5.097432997585656,0.5018267125224156,8.691651720229856,4.003929737698854,1.035250333125532,2.394928202030769,3.9833817355038255,-1.951174687332696,3569.0,2.0,4.0,4.0,4.0,4.0,4.0,4.0,4.0,4.0,4.0,4.0,4.0,4.0,4.0,4.0,100.0,0.384196013212204,0.61859130859375,-0.28167724609375,0.62481689453125,1.0141756534576416,0.0517586022615432,0.0346684977412223,-48.0018310546875,-98.9944305419922,6.43015193939209,,,,,,,,,,,,,,,,,,,,,,,,,,,,,
15054,1754692312.19029,117.42731404304504,1754692312.281944,77.0,0.0,2.4000798706587148,-2.990476923870233,-0.477137956552383,-4.690451040203357,-0.7541063232816896,-1.247005142214789,-1.2557976933900363,0.1633406746749415,2.467434301265598,-1.1847577543159105,6.327409539845462,2.355384324421152,9.386436748644089,-1.2762289555449795,3311.0,2.0,4.0,4.0,4.0,4.0,4.0,4.0,4.0,4.0,4.0,4.0,4.0,4.0,4.0,4.0,100.0,,,,,,,,,,,,,,,,,,,,,,,,,,,,,,,,,,,,,,,
15055,1754692312.198093,117.43511700630188,1754692312.289747,78.0,0.0,1.07151694004736,1.223022125887411,0.1057302612271371,0.3456597051217898,-3.323995346948294,-0.5913633907007068,-0.924471570675422,-0.9276733342275918,-1.1636617546682544,-1.270373203653861,8.743794910100888,3.921255938249516,-0.3024207366799771,4.085343705031875,3616.0,2.0,4.0,4.0,4.0,4.0,4.0,4.0,4.0,4.0,4.0,4.0,4.0,4.0,4.0,4.0,100.0,,,,,,,,,,,,,,,,,,,,,,,,,,,,,,,,,,,,,,,
15056,1754692312.205896,117.44291996955872,1754692312.29755,79.0,0.0,0.6644802298181389,2.5773007231771885,3.364215364416225,1.5946162876237508,-3.684352254990415,-3.4451690281345577,-2.896049078771,-1.8007902030878429,-0.4017291889605872,-0.069749357084845,0.3319205872851967,6.733894241027258,-6.7432535816823815,5.779215348864739,3546.0,2.0,4.0,4.0,4.0,4.0,4.0,4.0,4.0,4.0,4.0,4.0,4.0,4.0,4.0,4.0,100.0,,,,,,,,,,,,,,,,,,,,,,,,,,,,,,,,,,,,,,,
15057,1754692312.213699,117.45072317123412,1754692312.305454,80.0,0.0,0.6934044133348891,-1.0706883864791903,2.088814714589631,-2.194647249251915,-2.962477073054373,-1.687253277038593,3.804247902808044,1.7402040142723365,2.2735440249188343,0.1648969258425552,-2.708350534386767,4.263959472100311,0.1977028828538607,-2.127081287375489,3569.0,2.0,4.0,4.0,4.0,4.0,4.0,4.0,4.0,4.0,4.0,4.0,4.0,4.0,4.0,4.0,100.0,0.3842387199401855,0.61846923828125,-0.2816162109375,0.62493896484375,1.0136873722076416,0.0522468909621238,0.0336919203400611,-47.85229110717773,-99.44304656982422,6.729228496551514,,,,,,,,,,,,,,,,,,,,,,,,,,,,,
15058,1754692312.221501,117.45852518081664,1754692312.313357,81.0,0.0,-2.9225716045831405,-9.314565289589268,-2.441607240528469,-5.134312799985423,-2.8991887675684893,1.458021063427509,9.810621696914382,6.346261911505621,6.667888645613289,8.188981339680481,0.6494051094995257,-0.0767439456332113,-0.1135765261193455,-8.160868107152623,3311.0,2.0,4.0,4.0,4.0,4.0,4.0,4.0,4.0,4.0,4.0,4.0,4.0,4.0,4.0,4.0,100.0,,,,,,,,,,,,,,,,,,,,,,,,,,,,,,,,,,,,,,,
15059,1754692312.229305,117.4663290977478,1754692312.32116,82.0,0.0,-4.431383140340984,-12.886636445025433,-3.791161717407647,-3.322602209296236,1.612286167628156,1.861000016519995,8.381808883959422,7.073129999645119,8.759981895991643,11.150563261243915,-1.122029092223272,0.8250528448875798,-8.720430320684216,-3.135676009753695,3616.0,2.0,4.0,4.0,4.0,4.0,4.0,4.0,4.0,4.0,4.0,4.0,4.0,4.0,4.0,4.0,100.0,,,,,,,,,,,,,,,,,,,,,,,,,,,,,,,,,,,,,,,
15060,1754692312.237108,117.47413206100464,1754692312.328963,83.0,0.0,0.9775850491241728,-5.919408677700631,-3.332513154251501,-1.4003496462464682,2.078564876096607,0.1756097333095567,5.087118637909953,1.8752840250731424,3.497722426977816,0.020451267444514,-2.4378001077780027,0.9269676521234942,-8.110559604087712,-0.1377479730504092,3546.0,2.0,4.0,4.0,4.0,4.0,4.0,4.0,4.0,4.0,4.0,4.0,4.0,4.0,4.0,4.0,100.0,,,,,,,,,,,,,,,,,,,,,,,,,,,,,,,,,,,,,,,
15061,1754692312.244911,117.48193502426147,1754692312.336866,84.0,0.0,6.96538278200768,2.182220243056861,-1.3860212516181605,-2.32503374746085,-0.4748363188044209,1.3823336342244943,2.956860651517843,-0.6890134137796053,-1.85358157504362,-4.064777060103836,0.7030646094996769,1.2081277858625867,1.1099265296590488,-3.2252849221984548,3569.0,2.0,4.0,4.0,4.0,4.0,4.0,4.0,4.0,4.0,4.0,4.0,4.0,4.0,4.0,4.0,100.0,0.3841373324394226,0.61834716796875,-0.2816162109375,0.6251220703125,1.0029449462890625,0.0566414892673492,0.0385748073458671,-48.59998321533203,-100.9384307861328,4.785229206085205,,,,,,,,,,,,,,,,,,,,,,,,,,,,,
15062,1754692312.252714,117.48973798751832,1754692312.344769,85.0,0.0,5.891332496848037,-1.342806093519329,-2.4257152479039803,-3.413972975862606,3.634195492728424,1.2984835808738635,0.8017065733902484,1.5580410922844123,-5.991220663423036,0.2352580122915526,-3.4464912814227944,1.918589886163346,1.825411171205161,-1.9503790886219288,3311.0,2.0,4.0,4.0,4.0,4.0,4.0,4.0,4.0,4.0,4.0,4.0,4.0,4.0,4.0,4.0,100.0,,,,,,,,,,,,,,,,,,,,,,,,,,,,,,,,,,,,,,,
15063,1754692312.260517,117.49754095077516,1754692312.352572,86.0,0.0,2.7663578398899062,-2.855351951124476,-2.989931872875104,-1.3933159025971236,7.426157921847562,-0.0424825735901777,0.9744768751363608,5.223337865020994,-4.55045961879955,2.842552991291768,-6.950087764583032,0.6976945938688459,-4.470629050614434,5.464401297404265,3616.0,2.0,4.0,4.0,4.0,4.0,4.0,4.0,4.0,4.0,4.0,4.0,4.0,4.0,4.0,4.0,100.0,,,,,,,,,,,,,,,,,,,,,,,,,,,,,,,,,,,,,,,
15064,1754692312.268319,117.50534296035768,1754692312.360376,87.0,0.0,-0.1344079735620766,0.8017831873004866,-4.428003031430137,-1.2598525787273616,3.049043713249091,-1.1808589598779804,-1.63301171717859,4.423178834719408,1.2865923123301286,1.554455399549795,-4.694572800750223,0.5653003301655986,-6.470825460014169,4.952725503156842,3546.0,2.0,4.0,4.0,4.0,4.0,4.0,4.0,4.0,4.0,4.0,4.0,4.0,4.0,4.0,4.0,100.0,,,,,,,,,,,,,,,,,,,,,,,,,,,,,,,,,,,,,,,
15065,1754692312.276123,117.5131471157074,1754692312.368379,88.0,0.0,1.36421120425328,3.01364724916246,-4.586220676721695,-2.0710063826756766,1.2694115028478166,0.3538349913845025,-3.9754733544543512,-0.3432112185157336,1.359873317793955,1.5338040268868838,-3.869819047295749,0.3965175615428791,-0.6474185081901567,-0.3180012641875862,3569.0,2.0,4.0,4.0,4.0,4.0,4.0,4.0,4.0,4.0,4.0,4.0,4.0,4.0,4.0,4.0,100.0,0.3838391900062561,0.61834716796875,-0.2816162109375,0.62530517578125,0.9985504150390624,0.0390630960464477,0.0371099412441253,-47.85229110717773,-99.14396667480467,5.23384428024292,,,,,,,,,,,,,,,,,,,,,,,,,,,,,
15066,1754692312.283926,117.52095007896423,1754692312.376182,89.0,0.0,3.48640315465235,0.707858357979319,-2.608562135720433,0.0245063032882058,5.961396669276098,1.3995335735691583,1.866004089623118,-2.704923834522845,-2.8536166444390005,2.395180671943024,-4.410459647396067,-0.5775981900931697,1.665950304302612,-2.4776923029488103,3311.0,2.0,4.0,4.0,4.0,4.0,4.0,4.0,4.0,4.0,4.0,4.0,4.0,4.0,4.0,4.0,100.0,,,,,,,,,,,,,,,,,,,,,,,,,,,,,,,,,,,,,,,
15067,1754692312.291729,117.52875304222108,1754692312.383986,90.0,0.0,2.0971377129841926,-1.352049249276945,-2.9960311167981786,0.1789560523681643,10.014797077662196,0.944317381776898,7.820865387062156,-0.0529645195209127,-2.132094036436513,1.547332250767056,-1.2381255869725578,0.3637447841289827,-1.4929753813756292,-0.3912111132706855,3616.0,2.0,4.0,4.0,4.0,4.0,4.0,4.0,4.0,4.0,4.0,4.0,4.0,4.0,4.0,4.0,100.0,,,,,,,,,,,,,,,,,,,,,,,,,,,,,,,,,,,,,,,
15068,1754692312.299532,117.5365560054779,1754692312.391789,91.0,0.0,0.2650284472103124,4.418889946842825,-3.637619312073952,0.4105972976023224,5.905154085380815,1.2576594906378489,0.3913639312142152,1.1966318826954705,-1.577799262757111,-3.3365755078174004,-0.9689521637677388,-2.386151694558833,-0.9745296228353196,2.0537221525893585,3546.0,2.0,4.0,4.0,4.0,4.0,4.0,4.0,4.0,4.0,4.0,4.0,4.0,4.0,4.0,4.0,100.0,,,,,,,,,,,,,,,,,,,,,,,,,,,,,,,,,,,,,,,
15069,1754692312.307335,117.54435896873474,1754692312.399692,92.0,0.0,1.1254257036894444,6.853187653681317,0.5944823657696645,5.6581627499513445,1.305072579353265,1.578047581403581,-4.391349085617975,0.844033576920566,-4.06466461688612,-3.949429168867909,-5.880053479698262,-3.641926129811935,2.1442934915433227,2.862002901518764,3569.0,2.0,4.0,4.0,4.0,4.0,4.0,4.0,4.0,4.0,4.0,4.0,4.0,4.0,4.0,4.0,100.0,0.3835407495498657,0.61834716796875,-0.2816162109375,0.62548828125,0.9975737929344176,0.0654306858777999,0.0380865186452865,-48.0018310546875,-98.24673461914062,5.831998348236084,,,,,,,,,,,,,,,,,,,,,,,,,,,,,
15070,1754692312.315138,117.55216217041016,1754692312.4075952,93.0,0.0,-2.2440496778993406,0.4610503890295945,1.2529569606860491,4.422470313630299,-1.091709235194969,0.5349938984979303,0.6757384787267142,1.231304145112233,-0.6304169250782365,-1.6640980896734732,-6.035673999249241,0.4831373385802067,2.125304000871836,-2.7777810051155143,3311.0,2.0,4.0,4.0,4.0,4.0,4.0,4.0,4.0,4.0,4.0,4.0,4.0,4.0,4.0,4.0,100.0,,,,,,,,,,,,,,,,,,,,,,,,,,,,,,,,,,,,,,,
15071,1754692312.32294,117.55996417999268,1754692312.415399,94.0,0.0,-5.521686114015523,3.790971902002781,-0.6826021333430106,0.5309867281927438,-2.9867185904016367,2.694828791479864,0.2204397510674027,0.7258615548149976,4.838614553322856,-2.066923649779113,0.055067638332872,0.0854767442203012,1.1316933664938065,-5.639836323760704,3616.0,2.0,4.0,4.0,4.0,4.0,4.0,4.0,4.0,4.0,4.0,4.0,4.0,4.0,4.0,4.0,100.0,,,,,,,,,,,,,,,,,,,,,,,,,,,,,,,,,,,,,,,
15072,1754692312.330744,117.56776809692384,1754692312.423202,95.0,0.0,-1.2657902440308817,18.75509207519883,3.592160298558269,6.6796649616040895,-0.6680814958421024,1.973943852259822,-5.358503652146624,0.0420685640393685,2.127313408640589,-2.064159046050804,-0.032237803149087,-5.85478236567576,-2.362310166296652,-0.1130572358669042,3546.0,2.0,4.0,4.0,4.0,4.0,4.0,4.0,4.0,4.0,4.0,4.0,4.0,4.0,4.0,4.0,100.0,,,,,,,,,,,,,,,,,,,,,,,,,,,,,,,,,,,,,,,
15073,1754692312.338547,117.57557106018066,1754692312.4311051,96.0,0.0,3.0220881889977704,24.500677687803147,5.880476109713129,11.869462540844836,3.4517367948952256,0.616094367457265,-1.8073362278868783,-0.8114084164384963,-3.4525999038832538,-5.384876601699887,-5.451298172180429,-2.481543703787281,-8.673733038307716,1.4629689006456488,3569.0,2.0,4.0,4.0,4.0,4.0,4.0,4.0,4.0,4.0,4.0,4.0,4.0,4.0,4.0,4.0,100.0,0.3833951950073242,0.6182861328125,-0.28167724609375,0.6256103515625,1.008316159248352,0.0727550163865089,0.0419928282499313,-48.0018310546875,-98.9944305419922,6.131074905395508,,,,,,,,,,,,,,,,,,,,,,,,,,,,,
15074,1754692312.34635,117.5833740234375,1754692312.439008,97.0,0.0,4.527906860656742,23.62558900074856,4.409128090993647,9.407163339332158,4.908687778717479,2.919283001698944,4.098165083334436,-4.65466332461591,-9.551260915834234,-12.354226092794931,-8.775254429193126,0.2021728263869704,-13.992448857550414,-2.726738109261703,3311.0,2.0,4.0,4.0,4.0,4.0,4.0,4.0,4.0,4.0,4.0,4.0,4.0,4.0,4.0,4.0,100.0,,,,,,,,,,,,,,,,,,,,,,,,,,,,,,,,,,,,,,,
15075,1754692312.354153,117.59117698669434,1754692312.446811,98.0,0.0,5.954445760769033,32.49227742744284,4.728343739398099,13.10083678766847,7.211253685422946,8.147633751652904,6.57679083631416,-5.998863571846812,-10.942149611941147,-11.27967199172548,-10.077627577733836,-3.665765486867656,-16.27512124615322,-4.728577385455935,3616.0,2.0,4.0,4.0,4.0,4.0,4.0,4.0,4.0,4.0,4.0,4.0,4.0,4.0,4.0,4.0,100.0,,,,,,,,,,,,,,,,,,,,,,,,,,,,,,,,,,,,,,,
15076,1754692312.361956,117.59897994995116,1754692312.4546142,99.0,0.0,5.335546416715204,41.37761538436456,-3.990915714263849,18.672430134746666,5.415160168426098,9.5531240044956,8.971942207662266,-3.564101345136862,-3.226166610195889,-7.515389980621933,-8.202450549143634,-1.8314185902245868,-16.88871546291267,-7.1100465329823805,3546.0,2.0,4.0,4.0,4.0,4.0,4.0,4.0,4.0,4.0,4.0,4.0,4.0,4.0,4.0,4.0,100.0,,,,,,,,,,,,,,,,,,,,,,,,,,,,,,,,,,,,,,,
15077,1754692312.369758,117.60678195953368,1754692312.462518,100.0,0.0,3.995058089408872,41.12998243064396,-15.212033595097068,16.23118155015129,2.793771875182415,8.090922026681824,9.89268891485392,-1.2858196373239252,0.8074441460245225,-9.078195236010629,-6.650616327276907,1.1394519640704175,-18.88473065715732,-8.890212136767218,3569.0,2.0,4.0,4.0,4.0,4.0,4.0,4.0,4.0,4.0,4.0,4.0,4.0,4.0,4.0,4.0,100.0,0.3826409578323364,0.61822509765625,-0.2816162109375,0.62615966796875,1.006851315498352,0.0693369954824447,0.0400396734476089,-47.2541389465332,-100.04119873046876,6.131074905395508,,,,,,,,,,,,,,,,,,,,,,,,,,,,,
15078,1754692312.377561,117.6145851612091,1754692312.470421,101.0,0.0,3.6025100405534545,35.08170244479635,-13.216653149640194,11.14664536785068,6.959117104627069,9.736544581113606,9.417955319381974,1.6710897507126106,-1.050151145764346,-7.798138174439998,-11.8638482799999,-2.221282934792441,-22.00364910776551,-10.581099960278324,3311.0,2.0,4.0,4.0,4.0,4.0,4.0,4.0,4.0,4.0,4.0,4.0,4.0,4.0,4.0,4.0,100.0,,,,,,,,,,,,,,,,,,,,,,,,,,,,,,,,,,,,,,,
15079,1754692312.385365,117.62238907814026,1754692312.4783242,102.0,0.0,0.8539833242502937,28.7357058796938,-6.035697050050203,6.681933288932669,2.898776510627613,9.9133355269164,7.551835426726029,2.35676266883911,1.8524786206626231,-3.445010604867548,-14.89035115998513,-5.163226758394558,-19.599200154616256,-13.435503439276545,3616.0,2.0,4.0,4.0,4.0,4.0,4.0,4.0,4.0,4.0,4.0,4.0,4.0,4.0,4.0,4.0,100.0,,,,,,,,,,,,,,,,,,,,,,,,,,,,,,,,,,,,,,,
15080,1754692312.393168,117.6301920413971,1754692312.4861271,103.0,0.0,-0.6523635452261942,31.222240509053904,-1.7361470989848158,8.336888204586671,-6.152307832666679,8.046618293024153,2.532783410842626,2.3874313908760314,5.89221672585802,-3.208382769265313,-4.875491156440944,-0.3400469576594105,-10.767803449909591,-6.836328449045027,3546.0,2.0,4.0,4.0,4.0,4.0,4.0,4.0,4.0,4.0,4.0,4.0,4.0,4.0,4.0,4.0,100.0,,,,,,,,,,,,,,,,,,,,,,,,,,,,,,,,,,,,,,,
15081,1754692312.400971,117.63799500465392,1754692312.493931,104.0,0.0,-0.7022561786439496,28.99884949161418,-0.6927977546056923,7.515795799098157,-5.215981270387204,2.3631180326878507,-3.708876392683635,1.644611996614401,0.0799046656724726,-6.599606733261282,2.208266073278935,2.021382905241296,-4.904825720009342,-0.850235314873828,3569.0,2.0,4.0,4.0,4.0,4.0,4.0,4.0,4.0,4.0,4.0,4.0,4.0,4.0,4.0,4.0,100.0,0.3816463649272918,0.6180419921875,-0.28173828125,0.62689208984375,0.9946441054344176,0.0732433050870895,0.0361333638429641,-47.40367889404297,-100.19073486328124,5.532921314239502,,,,,,,,,,,,,,,,,,,,,,,,,,,,,
15082,1754692312.408774,117.64579796791077,1754692312.501734,105.0,0.0,-0.1255031240123685,17.958517254329024,1.5032508103087707,1.838389333734256,-4.716630300970621,-3.033132315469004,-4.105357954442127,1.7813354067213254,0.8447183013451536,-3.531597636370691,3.60392181546348,1.0887754520001067,1.472153105476707,-3.771565074091825,3311.0,2.0,4.0,4.0,4.0,4.0,4.0,4.0,4.0,4.0,4.0,4.0,4.0,4.0,4.0,4.0,100.0,,,,,,,,,,,,,,,,,,,,,,,,,,,,,,,,,,,,,,,
15083,1754692312.416577,117.65360116958618,1754692312.509637,106.0,0.0,-3.606963098621577,3.8201023978173225,2.912249740844913,-6.015888444369352,-12.349398736972375,-3.287919289825709,-2.480855661483816,-0.6811622774515627,5.640363898759119,-0.318060175793903,4.49338858503063,2.7267554680626063,8.778759080291252,-2.6911102021698525,3616.0,2.0,4.0,4.0,4.0,4.0,4.0,4.0,4.0,4.0,4.0,4.0,4.0,4.0,4.0,4.0,100.0,,,,,,,,,,,,,,,,,,,,,,,,,,,,,,,,,,,,,,,
15084,1754692312.424379,117.6614031791687,1754692312.517441,107.0,0.0,-7.549486549095661,-6.036493556998437,4.642360804516386,-8.927157136292578,-7.970754294679125,-1.799617680754352,-3.9089505945996166,-0.9893656942246594,4.394833989159281,2.068045625186926,7.603681720732595,5.376382332837068,12.366159422782232,1.629187107714472,3546.0,2.0,4.0,4.0,4.0,4.0,4.0,4.0,4.0,4.0,4.0,4.0,4.0,4.0,4.0,4.0,100.0,,,,,,,,,,,,,,,,,,,,,,,,,,,,,,,,,,,,,,,
15085,1754692312.432182,117.66920614242554,1754692312.525344,108.0,0.0,-7.458904206085378,-11.486408048610144,4.468406945058007,-8.347412969005006,2.1797633037857054,-4.135439661508997,-4.446488603888781,2.08701434142796,5.703667791723376,7.467972459235455,9.60572483501511,1.6019800894881089,6.845933941838496,-8.913933963095303,3569.0,2.0,4.0,4.0,4.0,4.0,4.0,4.0,4.0,4.0,4.0,4.0,4.0,4.0,4.0,4.0,100.0,0.3805469572544098,0.61785888671875,-0.2818603515625,0.627685546875,1.009292721748352,0.0512703135609626,0.0341802090406417,-46.65598678588867,-99.14396667480467,4.785229206085205,,,,,,,,,,,,,,,,,,,,,,,,,,,,,
15086,1754692312.439986,117.67701005935668,1754692312.533147,109.0,0.0,-6.413120978687573,-20.14286864488139,4.398102636603028,-10.164252658439352,-0.1591978971666208,-3.851894882775184,-0.2975975017263295,7.037969278729463,8.05491321790197,8.583137397826988,6.620066477367629,-3.0918809790802584,2.795523125465309,-14.821642230580608,3311.0,2.0,4.0,4.0,4.0,4.0,4.0,4.0,4.0,4.0,4.0,4.0,4.0,4.0,4.0,4.0,100.0,,,,,,,,,,,,,,,,,,,,,,,,,,,,,,,,,,,,,,,
15087,1754692312.447789,117.68481302261353,1754692312.54095,110.0,0.0,-8.195447847400374,-35.25918433836614,3.9322870167166,-15.514587216407108,-4.203057959612579,0.4688468006615949,2.6539676052611867,7.626391455345583,1.1048840019825548,0.6983036502597315,3.374383721515187,-1.753033756951936,8.58143037044556,-2.34429406311574,3616.0,2.0,4.0,4.0,4.0,4.0,4.0,4.0,4.0,4.0,4.0,4.0,4.0,4.0,4.0,4.0,100.0,,,,,,,,,,,,,,,,,,,,,,,,,,,,,,,,,,,,,,,
15088,1754692312.455592,117.69261598587036,1754692312.5488532,111.0,0.0,-8.3012725806434,-41.66331576003995,2.663043780483804,-16.248961432600026,-2.683720162917325,-0.5704064577894314,-0.7153904389929266,3.1846583692263266,-1.8981211154527955,0.8577525313776277,4.170830151470454,-0.8378165059352796,14.970889259116348,6.098228403255689,3546.0,2.0,4.0,4.0,4.0,4.0,4.0,4.0,4.0,4.0,4.0,4.0,4.0,4.0,4.0,4.0,100.0,,,,,,,,,,,,,,,,,,,,,,,,,,,,,,,,,,,,,,,
15089,1754692312.463395,117.70041918754578,1754692312.556756,112.0,0.0,-5.622267603961859,-39.49888262147249,3.620767344468845,-12.895342571748529,-2.975460634134265,-6.959290817690885,-3.8531746086367775,3.1676701688421645,2.7346448592130628,10.272823877057476,5.644247408122396,-1.478639730189002,13.558809661839518,4.406460204397831,3569.0,2.0,4.0,4.0,4.0,4.0,4.0,4.0,4.0,4.0,4.0,4.0,4.0,4.0,4.0,4.0,100.0,0.6184455156326294,0.4014892578125,-0.54833984375,0.39453125,1.0127108097076416,0.0654306858777999,0.0429694056510925,-48.15137100219727,-99.44304656982422,6.729228496551514,,,,,,,,,,,,,,,,,,,,,,,,,,,,,
15090,1754692312.471197,117.70822095870972,1754692312.5645602,113.0,0.0,-6.229190131265796,-42.14322180602653,0.6818556336008896,-15.802888348174063,-3.42783530055317,-10.238585809605638,-3.1094154488293952,5.634540352470822,1.5066295931885634,8.709729095128523,6.057942438934106,0.1087923219045023,11.222095190809796,4.834622979483584,3311.0,2.0,4.0,4.0,4.0,4.0,4.0,4.0,4.0,4.0,4.0,4.0,4.0,4.0,4.0,4.0,100.0,,,,,,,,,,,,,,,,,,,,,,,,,,,,,,,,,,,,,,,
15091,1754692312.479,117.71602416038512,1754692312.5723631,114.0,0.0,-7.013069666618605,-43.88065045229979,-3.585020408342473,-16.823058773279,-0.0440374350403658,-9.895404341027472,-0.7124755877005668,4.729332461907859,-0.1379332561908199,3.149671866701908,9.33367993584278,3.613532025283064,15.662658356852432,8.056480217855267,3616.0,2.0,4.0,4.0,4.0,4.0,4.0,4.0,4.0,4.0,4.0,4.0,4.0,4.0,4.0,4.0,100.0,,,,,,,,,,,,,,,,,,,,,,,,,,,,,,,,,,,,,,,
15092,1754692312.486803,117.72382712364195,1754692312.580266,115.0,0.0,-5.762112795014502,-37.29393795592006,-4.899073986314136,-10.386449466386068,1.523360079443307,-8.866236511353065,-0.8650965719155579,1.891531068028769,1.320273608670675,3.549373529497359,8.756039082247014,4.132363069326573,15.821518775459424,3.2417450676040858,3546.0,2.0,4.0,4.0,4.0,4.0,4.0,4.0,4.0,4.0,4.0,4.0,4.0,4.0,4.0,4.0,100.0,,,,,,,,,,,100.0,4.0,15.669184684753418,4.0,19.80909538269043,4.0,13.969230651855469,4.0,19.58290672302246,4.0,13.176568984985352,4.0,11.598122596740724,4.0,11.334077835083008,4.0,12.72980499267578,4.0,13.514416694641112,4.0,16.781322479248047,4.0,15.8872709274292,4.0,14.881497383117676,4.0,19.418901443481445,4.0,22.954395294189453
15093,1754692312.494607,117.73163104057312,1754692312.588169,116.0,0.0,-4.381663605293852,-28.875023124733616,-2.561785003683326,-2.414104091496029,2.5198580499577474,-2.7193900641468645,-1.6205685592135524,-0.8538711192763913,2.129193899949314,5.786065653053356,4.451318744301716,1.8086560798324167,11.876668264935232,0.9926207439298196,3569.0,2.0,4.0,4.0,4.0,4.0,4.0,4.0,4.0,4.0,4.0,4.0,4.0,4.0,4.0,4.0,100.0,0.6172943711280823,0.4007568359375,-0.549072265625,0.39605712890625,1.0200351476669312,0.0698252841830253,0.0327153429388999,-48.0018310546875,-100.34027862548828,7.177844047546387,,,,,,,,,,,,,,,,,,,,,,,,,,,,,
15094,1754692312.50241,117.73943400382996,1754692312.595972,117.0,0.0,-0.5616189458210101,-26.02725801281804,-1.215259036428051,-1.2747085707355836,1.881251436886032,-2.1552599680258027,-4.600980387337131,-7.873052660752364,0.0059900078531427,5.543881384082397,3.72274477505016,-0.4031396987788866,8.605858017197761,4.644476341979043,3311.0,2.0,4.0,4.0,4.0,4.0,4.0,4.0,4.0,4.0,4.0,4.0,4.0,4.0,4.0,4.0,100.0,,,,,,,,,,,,,,,,,,,,,,,,,,,,,,,,,,,,,,,
15095,1754692312.510213,117.7472369670868,1754692312.603775,118.0,0.0,4.959254495722348,-27.73016286813516,-0.1891956403200083,-1.023798906836305,-0.990174401620493,-7.62700081787068,-6.509240271837257,-10.937441908265896,-2.995695857635269,7.212936829094929,4.844556553206644,1.90429402932034,5.189338873683596,6.139985469619319,3616.0,2.0,4.0,4.0,4.0,4.0,4.0,4.0,4.0,4.0,4.0,4.0,4.0,4.0,4.0,4.0,100.0,,,,,,,,,,,,,,,,,,,,,,,,,,,,,,,,,,,,,,,
15096,1754692312.518016,117.7550401687622,1754692312.611678,119.0,0.0,5.420224397503233,-28.463710493734222,1.2767531414974371,-0.259904233719709,0.0841847367528032,-4.766252477877998,-2.608589042988598,-5.166198342315539,-4.959925324410079,9.38341419139985,1.273967359304578,4.876845237165043,0.1229952798664442,9.441615951412103,3546.0,2.0,4.0,4.0,4.0,4.0,4.0,4.0,4.0,4.0,4.0,4.0,4.0,4.0,4.0,4.0,100.0,,,,,,,,,,,,,,,,,,,,,,,,,,,,,,,,,,,,,,,
15097,1754692312.525818,117.76284217834473,1754692312.6195822,120.0,0.0,2.8305145287331186,-22.19083648197423,1.8114626647902408,-4.680665187345795,2.5040697421445373,-0.3107099240410491,0.0550860015555088,-1.812606975461705,-7.667081155659645,7.140279095906379,-2.852593705994906,3.751780817969092,-2.225222331725746,12.257004657982606,3569.0,2.0,4.0,4.0,4.0,4.0,4.0,4.0,4.0,4.0,4.0,4.0,4.0,4.0,4.0,4.0,100.0,0.6156966686248779,0.39984130859375,-0.54998779296875,0.398193359375,1.011245846748352,0.0576180666685104,0.0390630960464477,-50.39444732666016,-100.78889465332033,6.43015193939209,,,,,,,,,,,,,,,,,,,,,,,,,,,,,
15098,1754692312.533621,117.77064514160156,1754692312.6273851,121.0,0.0,6.57362100744308,-11.192146724335773,6.5031466854841256,-3.124395924956616,2.017768099303112,-3.2674578889357235,-1.391844845857804,-6.1453860251415335,-6.991716223160665,1.1159152357815856,0.1133355466502052,1.444696887140026,3.091982890875215,10.232797858674758,3311.0,2.0,4.0,4.0,4.0,4.0,4.0,4.0,4.0,4.0,4.0,4.0,4.0,4.0,4.0,4.0,100.0,,,,,,,,,,,,,,,,,,,,,,,,,,,,,,,,,,,,,,,
15099,1754692312.541424,117.7784481048584,1754692312.635188,122.0,0.0,9.684571421196864,-3.308430389214124,8.122942398589288,6.970111309157886,-2.543014993097046,-4.222862022940177,-5.085379061135342,-10.928759140549488,-4.219631086725627,-4.673573325743206,4.851220291215753,-2.841054442703268,5.313661334306602,8.064688330528128,3616.0,2.0,4.0,4.0,4.0,4.0,4.0,4.0,4.0,4.0,4.0,4.0,4.0,4.0,4.0,4.0,100.0,,,,,,,,,,,,,,,,,,,,,,,,,,,,,,,,,,,,,,,
15100,1754692312.549228,117.78625202178956,1754692312.643091,123.0,0.0,3.4966068258989367,-1.6521825120950666,5.091775911245634,6.212685991181218,-7.324699387162752,1.1368532423292097,-5.15019124113968,-7.16453979540546,-1.883476539019,1.0548989346482929,3.35328145670411,-5.322148189536335,-0.355790167326802,8.832999063330874,3546.0,2.0,4.0,4.0,4.0,4.0,4.0,4.0,4.0,4.0,4.0,4.0,4.0,4.0,4.0,4.0,100.0,,,,,,,,,,,,,,,,,,,,,,,,,,,,,,,,,,,,,,,
15101,1754692312.557031,117.7940549850464,1754692312.650994,124.0,0.0,-2.2659025820370857,-3.797626043239632,3.9372321098763337,-2.591419386647829,-4.567038596787313,3.606478201167249,-1.470912026237272,1.7916381893247149,2.531061488909984,11.156965363332858,-0.0978122241921823,-1.0447142893321484,-5.387363435585428,3.1480608302118185,3569.0,2.0,4.0,4.0,4.0,4.0,4.0,4.0,4.0,4.0,4.0,4.0,4.0,4.0,4.0,4.0,100.0,0.6136807799339294,0.39874267578125,-0.55108642578125,0.40087890625,1.0009918212890625,0.0454108491539955,0.0473640039563179,-46.65598678588867,-99.14396667480467,5.23384428024292,,,,,,,,,,,,,,,,,,,,,,,,,,,,,
15102,1754692312.564834,117.8018581867218,1754692312.6588972,125.0,0.0,-2.5426623313385903,-1.8814031911409188,0.0265660857782563,-0.3945639941046579,1.8268741685735108,1.243338851226497,0.5253430250442648,4.307585990210725,4.900691576698307,7.502177787537846,-0.4020570241021346,-0.9440979212748176,-5.193283499462325,-5.809369450944189,3311.0,2.0,4.0,4.0,4.0,4.0,4.0,4.0,4.0,4.0,4.0,4.0,4.0,4.0,4.0,4.0,100.0,,,,,,,,,,,,,,,,,,,,,,,,,,,,,,,,,,,,,,,
15103,1754692312.572636,117.80965995788574,1754692312.6667,126.0,0.0,0.480399673840111,4.053486020258788,-3.638686128230347,3.263320255011422,3.386309771646665,-2.2182866399466548,1.9138842977945387,4.246094442962658,3.2563647423630755,-1.044319009814899,-2.635093215915276,-3.133062618054282,-7.401291291508414,-3.0162701033323174,3616.0,2.0,4.0,4.0,4.0,4.0,4.0,4.0,4.0,4.0,4.0,4.0,4.0,4.0,4.0,4.0,100.0,,,,,,,,,,,,,,,,,,,,,,,,,,,,,,,,,,,,,,,
15104,1754692312.580439,117.81746315956116,1754692312.674504,127.0,0.0,2.321439908169509,4.454314375574199,-5.416643222886592,0.9029756179448896,-0.1986571420524114,-3.976607439876602,-0.3190132206731277,3.3240188215187345,-0.6900432498695181,1.231194233690644,-6.674261315368199,0.7287112926666168,-9.121100027802072,3.594816215190008,52.0,2.0,4.0,4.0,4.0,4.0,4.0,4.0,4.0,4.0,4.0,4.0,4.0,4.0,4.0,4.0,100.0,,,,,,,,,,,,,,,,,,,,,,,,,,,,,,,,,,,,,,,
15105,1754692312.588242,117.825266122818,1754692312.6824071,0.0,0.0,1.3316206679851916,4.578520666219959,-6.250999700033333,2.085280015718638,-0.102671427340681,-1.1236931403799986,-4.06162675186755,-1.2124510243101554,-2.1155042246672906,2.176897647567841,-2.5161211699277715,1.5548853439846084,-0.4174662109903124,5.348355974228127,3344.0,2.0,4.0,4.0,4.0,4.0,4.0,4.0,4.0,4.0,4.0,4.0,4.0,4.0,4.0,4.0,100.0,0.6115150451660156,0.39739990234375,-0.5523681640625,0.40374755859375,1.006851315498352,0.0424811169505119,0.0361333638429641,-49.79629135131836,-100.9384307861328,4.785229206085205,,,,,,,,,,,,,,,,,,,,,,,,,,,,,
15106,1754692312.596045,117.83306908607484,1754692312.69031,1.0,0.0,-0.4212237035830526,10.962657227157765,-4.230202271401538,2.8288378489947377,2.8003008395167512,-0.6705650307957853,-4.604319176762544,-4.359726856659506,-1.9499075303687616,-7.615983726663615,5.454466302584535,-3.1496737224592266,4.90803616032764,4.792433570096875,3502.0,2.0,4.0,4.0,4.0,4.0,4.0,4.0,4.0,4.0,4.0,4.0,4.0,4.0,4.0,4.0,100.0,,,,,,,,,,,,,,,,,,,,,,,,,,,,,,,,,,,,,,,
15107,1754692312.603849,117.84087300300598,1754692312.698113,2.0,0.0,0.1089899190739629,14.51572784471017,1.6915282267102043,2.9459105892794355,2.7228911675103404,-2.9645114497751024,-2.532605911165604,-5.782680098295543,-1.9611312980212567,-10.070277973291752,5.020672216689206,-2.2768547536605297,-0.6987279397265524,3.969412157239448,3511.0,2.0,4.0,4.0,4.0,4.0,4.0,4.0,4.0,4.0,4.0,4.0,4.0,4.0,4.0,4.0,100.0,,,,,,,,,,,,,,,,,,,,,,,,,,,,,,,,,,,,,,,
15108,1754692312.611652,117.84867596626282,1754692312.7059162,3.0,0.0,3.011993709610352,13.04124716144156,2.2676884905574752,6.254490070263955,-1.977068370387542,-1.5668391513011102,-0.9610801787196124,-6.160338847333833,-1.2969711221360285,-2.697472523586612,-0.9775007891760196,1.4997774115524862,-2.1220185401473373,3.1544549420884778,3599.0,2.0,4.0,4.0,4.0,4.0,4.0,4.0,4.0,4.0,4.0,4.0,4.0,4.0,4.0,4.0,100.0,,,,,,,,,,,,,,,,,,,,,,,,,,,,,,,,,,,,,,,
15109,1754692312.619455,117.85647916793825,1754692312.713819,4.0,0.0,2.7868291984156883,10.642943306789874,-1.915883890687184,4.720919238001187,-3.654834674765226,-1.1322460864905963,0.2183955249372218,0.4949648973472165,-0.3385434819404338,-2.578811605593529,-2.8290422397601844,-0.1263757892359365,0.0128596276540235,4.81548862306974,3639.0,2.0,4.0,4.0,4.0,4.0,4.0,4.0,4.0,4.0,4.0,4.0,4.0,4.0,4.0,4.0,100.0,0.6089974641799927,0.3958740234375,-0.55413818359375,0.4066162109375,1.0161287784576416,0.0317387655377388,0.0566414892673492,-50.543983459472656,-100.48981475830078,5.532921314239502,,,,,,,,,,,,,,,,,,,,,,,,,,,,,
15110,1754692312.627257,117.86428117752077,1754692312.721722,5.0,0.0,-0.2474785621472506,7.835385927967593,-0.937248617598641,-1.2991396726112612,2.3338357610116987,-1.2300563124042014,0.795804537131346,3.3993872425665472,1.3126044009980546,-5.5769910136097565,-0.7283215343797451,-2.8789092982944453,-4.628386637648362,4.813402058641543,3503.0,2.0,4.0,4.0,4.0,4.0,4.0,4.0,4.0,4.0,4.0,4.0,4.0,4.0,4.0,4.0,100.0,,,,,,,,,,,,,,,,,,,,,,,,,,,,,,,,,,,,,,,
15111,1754692312.63506,117.8720841407776,1754692312.729526,6.0,0.0,-0.2583370491941537,8.057224350277636,-0.4139836410998327,0.0963945739710538,6.878204014760456,3.47636496140575,-1.4380228049870425,-2.2697187307115314,2.423035273740595,-3.122269307303952,2.0525490723259168,-1.0255289367790397,-3.471628607547075,-1.4361064879774972,3506.0,2.0,4.0,4.0,4.0,4.0,4.0,4.0,4.0,4.0,4.0,4.0,4.0,4.0,4.0,4.0,100.0,,,,,,,,,,,,,,,,,,,,,,,,,,,,,,,,,,,,,,,
15112,1754692312.642863,117.87988710403442,1754692312.737329,7.0,0.0,0.3639196709664247,9.83873302254642,-3.5823330035323124,3.216530913035058,1.7304875788540812,3.9364083593513897,-2.504034540763314,-4.073660830203153,0.7842490688822181,-4.411217104492152,1.0760934271575024,1.0520785468361282,1.0795392515992717,-6.53352430855648,3492.0,2.0,4.0,4.0,4.0,4.0,4.0,4.0,4.0,4.0,4.0,4.0,4.0,4.0,4.0,4.0,100.0,,,,,,,,,,,,,,,,,,,,,,,,,,,,,,,,,,,,,,,
15113,1754692312.650666,117.88769006729126,1754692312.745232,8.0,0.0,1.575769777698298,5.192667750405036,-0.2046574328757913,1.9641673732160427,-3.810526390352351,0.6668185872615879,-1.144927936307539,-1.6224128628439018,0.2246790267875269,-5.038289162607924,0.2241124994218637,1.5810633471631093,-0.509940051818802,-0.8318544701671442,3609.0,2.0,4.0,4.0,4.0,4.0,4.0,4.0,4.0,4.0,4.0,4.0,4.0,4.0,4.0,4.0,100.0,0.6060425043106079,0.39398193359375,-0.5565185546875,0.40960693359375,1.0395666360855105,0.025391012430191,0.0419928282499313,-47.85229110717773,-100.19073486328124,5.532921314239502,,,,,,,,,,,,,,,,,,,,,,,,,,,,,
15114,1754692312.65847,117.8954939842224,1754692312.753135,9.0,0.0,1.1429855514943768,-2.246401970061896,4.08887750793977,-1.0147527822027484,-0.5445070342438783,0.0830245877459958,-3.3316487033771125,-2.587778286293513,0.3373948726230367,-0.275013610556897,1.2300513397631505,0.4832553545948315,-0.2123869394547171,6.528122545013076,3597.0,2.0,4.0,4.0,4.0,4.0,4.0,4.0,4.0,4.0,4.0,4.0,4.0,4.0,4.0,4.0,100.0,,,,,,,,,,,,,,,,,,,,,,,,,,,,,,,,,,,,,,,
15115,1754692312.666273,117.90329718589784,1754692312.7609382,10.0,0.0,1.2308982806451354,-3.79673532586429,4.149839651668401,-1.394900576333555,6.563345640121781,-0.334361654322663,-2.3771867467823427,2.236301203993037,-1.1657896193893862,-0.1043829896586316,-3.9048837502102174,2.521950721659607,-6.214467738275459,1.9094221018484063,3607.0,2.0,4.0,4.0,4.0,4.0,4.0,4.0,4.0,4.0,4.0,4.0,4.0,4.0,4.0,4.0,100.0,,,,,,,,,,,,,,,,,,,,,,,,,,,,,,,,,,,,,,,
15116,1754692312.674075,117.91109895706175,1754692312.7687411,11.0,0.0,1.7834672979493575,-4.231860882514809,6.442988096042029,0.414768623454222,3.637742729752574,-2.8331050030860183,5.300828979421169,6.961394349991281,-3.189129132598225,-1.7171821620135574,-4.702023726582809,5.774919652749816,-12.111875873988936,-3.397391332879522,3561.0,2.0,4.0,4.0,4.0,4.0,4.0,4.0,4.0,4.0,4.0,4.0,4.0,4.0,4.0,4.0,100.0,,,,,,,,,,,,,,,,,,,,,,,,,,,,,,,,,,,,,,,
15117,1754692312.681878,117.91890215873718,1754692312.7766452,12.0,0.0,0.9505840543187958,-2.596743156385884,6.581773857747493,0.4634085650595523,-5.484182200852075,-3.451844936500976,1.3404515120136864,0.2067905051012246,-5.158807947468205,-1.231820329532212,2.9516410479691046,2.597842190599266,-1.7305133411744291,4.837955112245226,3560.0,2.0,4.0,4.0,4.0,4.0,4.0,4.0,4.0,4.0,4.0,4.0,4.0,4.0,4.0,4.0,100.0,0.601917028427124,0.39166259765625,-0.55950927734375,0.413818359375,1.0161287784576416,0.018066681921482,0.0410162508487701,-49.34767532348633,-103.03196716308594,5.981536388397217,,,,,,,,,,,,,,,,,,,,,,,,,,,,,
15118,1754692312.689681,117.92670512199402,1754692312.784548,13.0,0.0,1.261768156424239,0.0579882672436156,-1.7797351228528555,1.0092379978013355,-6.937335692592626,-1.4841373781087557,-7.953879886965353,-3.0939924566760624,-1.9765691510456804,1.880598994372065,5.7401599905883245,1.0308482361660367,13.03079798963671,12.07031336331596,3313.0,2.0,4.0,4.0,4.0,4.0,4.0,4.0,4.0,4.0,4.0,4.0,4.0,4.0,4.0,4.0,100.0,,,,,,,,,,,,,,,,,,,,,,,,,,,,,,,,,,,,,,,
15119,1754692312.697484,117.93450808525084,1754692312.792351,14.0,0.0,2.334844864155002,-5.271059267997771,-8.471268448251521,1.2610006401159808,-3.6487318659378616,-4.743448454674763,-4.271481991441306,-0.0050871095040747,-0.8135558867020336,5.749831413593256,4.576721325914605,0.5662900233996879,12.175350516702792,9.71555071235116,3607.0,2.0,4.0,4.0,4.0,4.0,4.0,4.0,4.0,4.0,4.0,4.0,4.0,4.0,4.0,4.0,100.0,,,,,,,,,,,,,,,,,,,,,,,,,,,,,,,,,,,,,,,
15120,1754692312.705287,117.94231104850768,1754692312.800154,15.0,0.0,4.006099266795843,-6.567669526982229,-4.589397386262647,1.0621615136359992,-3.26750983986409,-8.684837652091176,1.202399285144509,-0.9386246168247112,-6.505136404882762,8.67966170330368,5.572642354972629,-2.687639018539869,5.212510795914966,9.359786187971563,3561.0,2.0,4.0,4.0,4.0,4.0,4.0,4.0,4.0,4.0,4.0,4.0,4.0,4.0,4.0,4.0,100.0,,,,,,,,,,,,,,,,,,,,,,,,,,,,,,,,,,,,,,,
15121,1754692312.713091,117.95011496543884,1754692312.808057,16.0,0.0,4.158512898874847,-3.056958299738312,-0.9020547652213508,-0.4273485300869879,-5.081815161669169,-4.07813610534015,-0.4861895401605807,-3.704115745439708,-5.780888717678522,5.377878863510318,4.909298852009556,-0.4911448702374628,7.179258386276956,11.695467076297405,0.0,2.0,4.0,4.0,4.0,4.0,4.0,4.0,4.0,4.0,4.0,4.0,4.0,4.0,4.0,4.0,100.0,0.3544899821281433,0.6199951171875,-0.28424072265625,0.6396484375,1.0244296789169312,0.0043945983052253,0.0200198367238044,-50.09536743164063,-103.48058319091795,5.532921314239502,,,,,,,,,,,,,,,,,,,,,,,,,,,,,
15122,1754692312.720894,117.95791816711426,1754692312.8159602,17.0,0.0,1.3109738408294902,-4.672958949777069,-1.3019153391149416,-2.0953158048876617,-7.2921659258188924,0.4065325039998129,-1.913418110525356,-4.885333233824269,0.6223815284458283,-0.4581591306230734,3.4289205118759014,5.7179502718774415,9.524439433395344,12.0525489802896,0.0,2.0,4.0,4.0,4.0,4.0,4.0,4.0,4.0,4.0,4.0,4.0,4.0,4.0,4.0,4.0,100.0,,,,,,,,,,,,,,,,,,,,,,,,,,,,,,,,,,,,,,,
15123,1754692312.728696,117.96572017669678,1754692312.8237631,18.0,0.0,-1.1161033030589351,-1.0519565634235732,-3.4930230121640307,2.140886150082679,-3.4503263943265665,0.8385569180941275,-2.347186009789312,-3.2689542722237093,-0.3660857936615684,0.0746411403001729,3.604679668784229,1.827247461456409,4.78697380437643,10.058002500228213,0.0,2.0,4.0,4.0,4.0,4.0,4.0,4.0,4.0,4.0,4.0,4.0,4.0,4.0,4.0,4.0,100.0,,,,,,,,,,,,,,,,,,,,,,,,,,,,,,,,,,,,,,,
15124,1754692312.736499,117.9735231399536,1754692312.831567,19.0,0.0,-1.962467247009954,3.3791195195963155,-3.865839114057053,3.6897231304028537,1.7607435131058082,-0.0937377408076827,-3.991761555708763,-0.103364602507554,-1.4993204165730276,2.343604368437809,-0.3120765547432711,-6.09774449636825,-0.1333813199021278,4.665714010156989,0.0,2.0,4.0,4.0,4.0,4.0,4.0,4.0,4.0,4.0,4.0,4.0,4.0,4.0,4.0,4.0,100.0,,,,,,,,,,,,,,,,,,,,,,,,,,,,,,,,,,,,,,,
15125,1754692312.744302,117.98132610321044,1754692312.83947,20.0,0.0,-0.131675241736616,2.2525790123880824,-0.0383972860050789,-1.039865571271207,-3.310868455747027,-0.8720072152556213,-2.133736593571143,1.561417749006864,4.932148006748207,1.2279915776024382,-2.61111196336617,-2.010399316282588,3.0116582027850427,1.3029353039418083,0.0,2.0,4.0,4.0,4.0,4.0,4.0,4.0,4.0,4.0,4.0,4.0,4.0,4.0,4.0,4.0,100.0,0.3485497534275055,0.6207275390625,-0.2850341796875,0.641845703125,1.0131990909576416,0.0117189288139343,0.0273441672325134,-49.79629135131836,-105.2750473022461,3.738460302352905,,,,,,,,,,,,,,,,,,,,,,,,,,,,,
15126,1754692312.752105,117.98912906646729,1754692312.847373,21.0,0.0,-0.7441319020169885,1.601865473757016,-0.4596131373812113,-2.0563185435646574,-11.360483859543592,-3.093861973686444,-2.3512427183138698,0.1357200120344259,3.400491700090015,1.0332212387868367,-0.9715461794478416,1.4608030378324202,3.5629454758675365,3.489510004462545,0.0,2.0,4.0,4.0,4.0,4.0,4.0,4.0,4.0,4.0,4.0,4.0,4.0,4.0,4.0,4.0,100.0,,,,,,,,,,,,,,,,,,,,,,,,,,,,,,,,,,,,,,,
15127,1754692312.759908,117.99693202972412,1754692312.855176,22.0,0.0,-0.6467110516085768,6.025254685003915,-0.1126898148789905,3.644625159904649,-2.59234123685917,0.0879090634726935,-1.0514557986715545,2.011769729196772,-3.998090937414759,4.200880958692437,-1.907519503466915,-1.1389114669635774,-3.079026624629364,2.757608842920149,0.0,2.0,4.0,4.0,4.0,4.0,4.0,4.0,4.0,4.0,4.0,4.0,4.0,4.0,4.0,4.0,100.0,,,,,,,,,,,,,,,,,,,,,,,,,,,,,,,,,,,,,,,
15128,1754692312.767712,118.00473618507384,1754692312.863079,23.0,0.0,-0.6328422361416983,1.3275201092178008,-0.4293445455351161,1.020136143713387,4.204751639379026,1.9950647199206628,-0.4483654791270623,1.7505090999229085,-2.6133519511182044,2.039306395037272,-1.0548160013800612,-1.9863449416166643,-2.1568556407917754,-1.532797090670158,0.0,2.0,4.0,4.0,4.0,4.0,4.0,4.0,4.0,4.0,4.0,4.0,4.0,4.0,4.0,4.0,100.0,,,,,,,,,,,,,,,,,,,,,,,,,,,,,,,,,,,,,,,
15129,1754692312.775514,118.0125379562378,1754692312.8709822,24.0,0.0,0.6204881049339974,-3.326691259409813,-4.825407442332448,-4.173214916877782,3.4521258655873908,-1.1642781940316809,-1.400800019131907,-0.9143448112857868,1.9970074842477743,1.2063664859757637,2.1375816467640334,1.1817238406916886,3.0682003927703363,-1.5261628913998493,0.0,2.0,4.0,4.0,4.0,4.0,4.0,4.0,4.0,4.0,4.0,4.0,4.0,4.0,4.0,4.0,100.0,0.3423239588737488,0.62127685546875,-0.2860107421875,0.64422607421875,1.006363034248352,-0.0097657740116119,0.0146486610174179,-50.99259948730469,-106.32181549072266,3.738460302352905,,,,,,,,,,,,,,,,,,,,,,,,,,,,,
15130,1754692312.783317,118.0203411579132,1754692312.8787851,25.0,0.0,-0.3849511813337756,0.1136079349061276,-9.998572424667683,-3.5066640801365736,2.564354514739904,-2.338612190656108,1.1082386369711514,-2.6192144288425823,2.161059597821719,6.306490014963316,2.0571339397405666,0.8052950928971825,1.0997937997100564,-2.4605060322352017,0.0,2.0,4.0,4.0,4.0,4.0,4.0,4.0,4.0,4.0,4.0,4.0,4.0,4.0,4.0,4.0,100.0,,,,,,,,,,,,,,,,,,,,,,,,,,,,,,,,,,,,,,,
15131,1754692312.79112,118.02814412117004,1754692312.886589,26.0,0.0,-3.228328253558089,2.3504450441442657,-13.594677629864153,-4.246164288984716,2.407534276510063,-1.6476203983733342,1.8312674996978728,-0.0856831053510234,1.1266154282544392,8.578717774345108,2.8877832674953368,-1.662123875340427,1.3154276605262964,-4.254916488485293,0.0,2.0,4.0,4.0,4.0,4.0,4.0,4.0,4.0,4.0,4.0,4.0,4.0,4.0,4.0,4.0,100.0,,,,,,,,,,,,,,,,,,,,,,,,,,,,,,,,,,,,,,,
15132,1754692312.798923,118.03594708442688,1754692312.894492,27.0,0.0,-4.600301103402671,2.9097947258160275,-14.535657214165894,-5.495948492110074,3.0666683584977363,-2.0218206229001225,1.5814732233138784,2.864660589433697,1.7231817136357677,6.184413100607799,-0.0974825506632441,-1.535237718499047,2.085526469081742,-7.31608416005929,0.0,2.0,4.0,4.0,4.0,4.0,4.0,4.0,4.0,4.0,4.0,4.0,4.0,4.0,4.0,4.0,100.0,,,,,,,,,,,,,,,,,,,,,,,,,,,,,,,,,,,,,,,
15133,1754692312.806726,118.04375004768372,1754692312.902395,28.0,0.0,-3.486931390809588,3.8183353783285554,-5.631775767317123,-0.3208805617016708,6.640113715867955,1.8926941077254185,7.447163809019656,1.1007927593329612,1.2606012481348614,5.489222007550978,-3.967576560844265,-0.6278729608532387,-3.6367385801572993,-13.601051203073697,0.0,2.0,4.0,4.0,4.0,4.0,4.0,4.0,4.0,4.0,4.0,4.0,4.0,4.0,4.0,4.0,100.0,0.3356046378612518,0.62158203125,-0.28765869140625,0.646728515625,1.0136873722076416,-0.0322270542383194,0.0102540627121925,-51.44121551513672,-107.2190399169922,3.887998819351196,,,,,,,,,,,,,,,,,,,,,,,,,,,,,
15134,1754692312.81453,118.05155396461488,1754692312.910198,29.0,0.0,-3.624004461781851,4.099230812944597,3.081242665369473,0.1093006461012464,8.720464075724294,5.023292449323662,7.879024229225024,-1.655402208706391,-3.7320278991649047,4.708891180369619,-4.063823114852539,-2.9872307351317886,-10.03726776059807,-17.650138865284816,0.0,2.0,4.0,4.0,4.0,4.0,4.0,4.0,4.0,4.0,4.0,4.0,4.0,4.0,4.0,4.0,100.0,,,,,,,,,,,,,,,,,,,,,,,,,,,,,,,,,,,,,,,
15135,1754692312.822333,118.05935716629028,1754692312.9180012,30.0,0.0,-4.328588485522744,4.931415527072147,1.597161960335086,-3.7470300263190097,8.0028079551916,4.459150384196562,3.04422273538097,2.543013411778645,-1.719671041497861,3.618491769323498,-1.0076003234785844,-4.611507885042158,-5.70247519235096,-11.840854093735343,0.0,2.0,4.0,4.0,4.0,4.0,4.0,4.0,4.0,4.0,4.0,4.0,4.0,4.0,4.0,4.0,100.0,,,,,,,,,,,,,,,,,,,,,,,,,,,,,,,,,,,,,,,
15136,1754692312.830135,118.0671591758728,1754692312.925904,31.0,0.0,-4.343014904528616,5.6737687256798495,1.0601011274241614,-1.6141481059309513,5.830612648045019,2.6275763905885583,-0.1903732783891314,3.142010087395932,4.959745941221001,0.7581864268861978,-2.061807468145787,-3.721545179828979,-4.957186340971646,-9.874081877162723,0.0,2.0,4.0,4.0,4.0,4.0,4.0,4.0,4.0,4.0,4.0,4.0,4.0,4.0,4.0,4.0,100.0,,,,,,,,,,,,,,,,,,,,,,,,,,,,,,,,,,,,,,,
15137,1754692312.837938,118.07496213912964,1754692312.9338071,32.0,0.0,-4.917134971928988,5.500003950147459,3.390932010471317,2.8048785168339805,2.53731603267994,3.844085922112356,-0.3462924966560763,-1.4006056405709728,5.570591415010824,0.1527984498207502,-4.187038371051074,-2.9519885015278646,-10.485082354598433,-13.601462417659548,0.0,2.0,4.0,4.0,4.0,4.0,4.0,4.0,4.0,4.0,4.0,4.0,4.0,4.0,4.0,4.0,100.0,0.3297169804573059,0.62103271484375,-0.28973388671875,0.64935302734375,0.9941558241844176,-0.0698252841830253,0.0141603723168373,-52.48798370361328,-107.36858367919922,4.187075614929199,,,,,,,,,,,,,,,,,,,,,,,,,,,,,
15138,1754692312.845741,118.08276510238647,1754692312.941611,33.0,0.0,-7.749878930221428,5.652599450248374,0.7209027234246719,0.4387135346481159,4.66322131973385,3.6498605092495495,1.2528591609100772,1.0588521134121152,1.727064874412747,2.6001082148744104,-5.121479307777179,-2.677021313904959,-10.634097353996763,-12.665848919862754,0.0,2.0,4.0,4.0,4.0,4.0,4.0,4.0,4.0,4.0,4.0,4.0,4.0,4.0,4.0,4.0,100.0,,,,,,,,,,,,,,,,,,,,,,,,,,,,,,,,,,,,,,,
15139,1754692312.853544,118.09056806564332,1754692312.949414,34.0,0.0,-6.10714300843398,7.770068172313529,0.057211721073088,-2.327627031940267,6.894186633903644,2.144088492712797,5.222643070307584,6.876710077669429,-0.5518134064673745,3.5044762815172703,-7.371673791029991,-1.941836118769117,-7.747931289517567,-10.145032416689505,0.0,2.0,4.0,4.0,4.0,4.0,4.0,4.0,4.0,4.0,4.0,4.0,4.0,4.0,4.0,4.0,100.0,,,,,,,,,,,,,,,,,,,,,,,,,,,,,,,,,,,,,,,
15140,1754692312.861347,118.09837102890016,1754692312.957317,35.0,0.0,-1.7755486625572985,6.1600379103266505,2.912009334506024,-1.8370558523546376,-0.1627055163861541,0.8331272469387159,4.502599076894626,3.079794287249684,-1.1729775615225435,2.789129335929033,-5.68942880809152,-1.585978324553139,-6.700960342505937,-10.74788585330532,0.0,2.0,4.0,4.0,4.0,4.0,4.0,4.0,4.0,4.0,4.0,4.0,4.0,4.0,4.0,4.0,100.0,,,,,,,,,,,,,,,,,,,,,,,,,,,,,,,,,,,,,,,
15141,1754692312.869151,118.10617518424988,1754692312.96522,36.0,0.0,-0.2039627954106322,14.868563179459954,4.458641920430011,0.818911544784271,-0.6838238745128251,2.4256782321706964,1.511041009662506,-4.774841118097072,0.2258277486819793,0.987185722055358,0.3270908765660465,-2.982270231826704,-8.525132422737386,-7.999467900611478,0.0,2.0,4.0,4.0,4.0,4.0,4.0,4.0,4.0,4.0,4.0,4.0,4.0,4.0,4.0,4.0,100.0,0.3241032063961029,0.6192626953125,-0.2928466796875,0.6524658203125,0.9858548641204834,-0.1381857097148895,0.0122072175145149,-53.68429183959961,-110.20980834960938,2.9907681941986084,,,,,,,,,,,,,,,,,,,,,,,,,,,,,
15142,1754692312.876953,118.11397695541382,1754692312.9730232,37.0,0.0,-0.7201516217695598,27.68710810746745,4.08083236844152,3.5464594704404817,2.564484336625924,0.9120957616756868,-0.853330157317373,-5.367906457100503,1.8237238915218088,-1.831565699942871,2.209165705819146,-5.74910687345016,-8.80772240527142,-4.104422216612761,0.0,2.0,4.0,4.0,4.0,4.0,4.0,4.0,4.0,4.0,4.0,4.0,4.0,4.0,4.0,4.0,100.0,,,,,,,,,,,,,,,,,,,,,,,,,,,,,,,,,,,,,,,
15143,1754692312.884756,118.12178015708923,1754692312.980826,38.0,0.0,-0.1510403861436202,30.78289584764417,5.021329581987004,3.045756477644602,-0.7901480233546749,-3.3160018913392264,-3.968388874174423,0.341478365769774,1.5730827710747803,-0.3388450218628236,2.797797759152047,-1.6066124569030649,-1.8257130077324173,-5.376179553866393,0.0,2.0,4.0,4.0,4.0,4.0,4.0,4.0,4.0,4.0,4.0,4.0,4.0,4.0,4.0,4.0,100.0,,,,,,,,,,,,,,,,,,,,,,,,,,,,,,,,,,,,,,,
15144,1754692312.892559,118.12958312034608,1754692312.9887302,39.0,0.0,0.0259786440115306,30.603382166966213,6.26588599135269,-1.1555057853824735,-0.2082960073616675,-7.503826724745039,-6.598546497649721,1.1167756836726142,-0.425540891539157,-0.4330387745539781,2.480947686653081,4.550201852512629,-1.4013205554999502,-3.351498594972753,0.0,2.0,4.0,4.0,4.0,4.0,4.0,4.0,4.0,4.0,4.0,4.0,4.0,4.0,4.0,4.0,100.0,,,,,,,,,,,,,,,,,,,,,,,,,,,,,,,,,,,,,,,
15145,1754692312.900362,118.1373860836029,1754692312.996633,40.0,0.0,2.5009476564122792,38.000115984207184,8.283122379611484,0.3456848106511074,7.149751768251406,-7.453883160981206,-5.809688229690039,-0.0816988810911993,-3.959492084723081,-3.1260404004584075,-1.0024162647615071,4.26659723618053,-10.366417456341251,1.056417927790278,0.0,2.0,4.0,4.0,4.0,4.0,4.0,4.0,4.0,4.0,4.0,4.0,4.0,4.0,4.0,4.0,100.0,0.3181861937046051,0.6171875,-0.29754638671875,0.65521240234375,0.9790188670158386,-0.1542992293834686,-0.0043945983052253,-53.385215759277344,-111.854736328125,3.5889220237731934,,,,,,,,,,,,,,,,,,,,,,,,,,,,,
15146,1754692312.908165,118.14518904685974,1754692313.0045362,41.0,0.0,3.5080231269694764,42.437465021232185,10.58480691075698,2.797629325732544,3.6644491391589895,-6.166149083785911,-5.409672594228084,1.4919690373913568,-5.834595979877065,-2.894033988888112,-4.479747208020797,3.876054330437967,-7.341708158522977,1.3213831618846257,0.0,2.0,4.0,4.0,4.0,4.0,4.0,4.0,4.0,4.0,4.0,4.0,4.0,4.0,4.0,4.0,100.0,,,,,,,,,,,,,,,,,,,,,,,,,,,,,,,,,,,,,,,
15147,1754692312.915968,118.15299201011658,1754692313.012339,42.0,0.0,-0.1498609869545646,41.493643898329054,10.861520173481466,3.561264817945329,0.6408963079242938,-2.887110430814147,-4.535368026385669,3.110739286362304,-2.8966350306186825,-4.513019446519621,-2.6991133277142865,4.837714212904274,0.99512852095242,-2.571944187701348,0.0,2.0,4.0,4.0,4.0,4.0,4.0,4.0,4.0,4.0,4.0,4.0,4.0,4.0,4.0,4.0,100.0,,,,,,,,,,,,,,,,,,,,,,,,,,,,,,,,,,,,,,,
15148,1754692312.923772,118.16079616546632,1754692313.020142,43.0,0.0,-3.086169790675456,36.878820770903815,8.74504014633186,1.7807989883716004,9.866225776982276,4.7177899454162,-1.3322512902593076,-1.2676010782558365,-0.4224367810167564,-8.425178960166875,-1.908040310890272,1.517910317309827,-5.655949506533887,-9.242368335517485,0.0,2.0,4.0,4.0,4.0,4.0,4.0,4.0,4.0,4.0,4.0,4.0,4.0,4.0,4.0,4.0,100.0,,,,,,,,,,,,,,,,,,,,,,,,,,,,,,,,,,,,,,,
15149,1754692312.931574,118.16859817504884,1754692313.0280452,44.0,0.0,-1.736808397644552,26.69215232985772,9.048707461380502,0.9429441733171302,12.449012501986374,6.541886949014781,1.7098481120718247,-5.1910038748507645,-0.7978828546826549,-4.9264781901990204,-2.487223132567749,0.7537133406902399,-7.098702596040027,-8.70942699429014,0.0,2.0,4.0,4.0,4.0,4.0,4.0,4.0,4.0,4.0,4.0,4.0,4.0,4.0,4.0,4.0,100.0,0.3134205937385559,0.61480712890625,-0.30303955078125,0.6572265625,0.9482566714286804,-0.2084992825984954,0.0058594644069671,-52.93659973144531,-111.70519256591795,4.785229206085205,,,,,,,,,,,,,,,,,,,,,,,,,,,,,
15150,1754692312.939377,118.17640113830566,1754692313.035948,45.0,0.0,-1.6695725549645886,20.48642905841075,9.45831276713966,4.297289759183286,7.505285089761628,0.8503805897496477,-2.3077597184030765,-4.193310684474682,-1.8705124349328344,-2.8901330878140925,-1.920985842659093,4.371110144216573,-1.7499499421899145,-4.760568100910177,0.0,2.0,4.0,4.0,4.0,4.0,4.0,4.0,4.0,4.0,4.0,4.0,4.0,4.0,4.0,4.0,100.0,,,,,,,,,,,,,,,,,,,,,,,,,,,,,,,,,,,,,,,
15151,1754692312.94718,118.1842041015625,1754692313.0437522,46.0,0.0,-1.214854248236577,17.442351142268137,6.637556134583349,6.34724227407861,8.8100456439077,-0.1089939631153242,-7.15591396099552,-1.9660386293537044,-2.245708610174632,-5.427084738650308,-1.2574231360742374,4.1478081724215485,-7.603843229084248,-3.702031859545684,0.0,2.0,4.0,4.0,4.0,4.0,4.0,4.0,4.0,4.0,4.0,4.0,4.0,4.0,4.0,4.0,100.0,,,,,,,,,,,,,,,,,,,,,,,,,,,,,,,,,,,,,,,
15152,1754692312.954983,118.19200706481934,1754692313.0515552,47.0,0.0,-1.9787967754681404,7.316576656795064,7.57233288280861,2.0206458803824034,10.181881138144604,4.843426072914667,-4.661561356456218,-1.2499429482890037,-2.318085030663383,-2.4323325795297706,-1.0250456405209434,2.14013102117417,-13.3795655678731,-6.887835459748089,0.0,2.0,4.0,4.0,4.0,4.0,4.0,4.0,4.0,4.0,4.0,4.0,4.0,4.0,4.0,4.0,100.0,,,,,,,,,,,,,,,,,,,,,,,,,,,,,,,,,,,,,,,
15153,1754692312.962786,118.19981002807616,1754692313.059458,48.0,0.0,-1.2000071380991244,-4.142496421692783,11.09434870261822,-1.0747210179171702,13.982707863981716,3.8094992349563768,-1.3228421599653188,-1.653209367880379,0.5874312579492766,2.584897588679098,-1.731048397722759,4.138660485404046,-3.894750324382528,-5.369146171670025,0.0,2.0,4.0,4.0,4.0,4.0,4.0,4.0,4.0,4.0,4.0,4.0,4.0,4.0,4.0,4.0,100.0,0.3094215095043182,0.61224365234375,-0.308837890625,0.6588134765625,0.9282368421554564,-0.2710002362728119,-0.0048828870058059,-52.93659973144531,-115.59319305419922,3.738460302352905,,,,,,,,,,,,,,,,,,,,,,,,,,,,,
15154,1754692312.970589,118.207612991333,1754692313.067361,49.0,0.0,0.0985899507521139,-12.309619801753511,8.269515676257754,1.1713124135256407,17.28599798029228,-6.454928155274217,-4.004717105843326,-3.585721952505253,1.2041551264631494,2.7037807799704865,-1.639813538569058,1.8323767170812173,8.448652296519242,-1.7846794967182973,0.0,2.0,4.0,4.0,4.0,4.0,4.0,4.0,4.0,4.0,4.0,4.0,4.0,4.0,4.0,4.0,100.0,,,,,,,,,,,,,,,,,,,,,,,,,,,,,,,,,,,,,,,
15155,1754692312.978392,118.21541595458984,1754692313.075164,50.0,0.0,-2.491192551133622,-15.38373177908204,4.398331682273806,2.640315266244784,8.469253446951939,-7.616547740881174,-4.37166275893685,-2.4229141233266773,1.3203830116295876,0.0877927048915125,6.081258261010248,-2.7463212905344108,11.456693914561017,-0.7863947000449798,0.0,2.0,4.0,4.0,4.0,4.0,4.0,4.0,4.0,4.0,4.0,4.0,4.0,4.0,4.0,4.0,100.0,,,,,,,,,,,,,,,,,,,,,,,,,,,,,,,,,,,,,,,
15156,1754692312.986195,118.22321915626526,1754692313.082967,51.0,0.0,-6.740151515385776,-19.11151687291312,3.3125377189365395,1.5781796442536802,1.5351899770760724,0.8259450197345473,-2.602715751903532,-0.181640575429526,2.892262081263482,-0.6558347444358219,6.841055819416226,-5.320352456347507,1.8488807494111936,-2.3480043187066144,0.0,2.0,4.0,4.0,4.0,4.0,4.0,4.0,4.0,4.0,4.0,4.0,4.0,4.0,4.0,4.0,100.0,,,,,,,,,,,75.0,4.0,23.57390594482422,4.0,24.879568099975582,4.0,19.17047119140625,4.0,24.92331886291504,4.0,18.30636405944824,3.0,19.209449768066406,3.0,20.77049446105957,3.0,20.073596954345703,4.0,20.359622955322266,4.0,27.32176780700684,4.0,25.013572692871094,4.0,20.732152938842773,4.0,29.064769744873047,4.0,34.13600540161133
15157,1754692312.993998,118.2310221195221,1754692313.09087,52.0,0.0,-2.213655940929698,-26.25969598457561,4.751703349625927,-1.2313101499936463,8.235401841129146,8.533292869717911,-0.2760944238203819,-0.6425274803438015,2.403833396053756,5.730915608687042,-1.0504382029049566,-3.5897714577619126,-4.11187180413674,-1.7415105476871986,0.0,2.0,4.0,4.0,4.0,4.0,4.0,4.0,4.0,4.0,4.0,4.0,4.0,4.0,4.0,4.0,100.0,0.5185365080833435,0.32794189453125,-0.6077880859375,0.504150390625,0.9179827570915222,-0.3149462044239044,-0.0009765774011611,-51.88983154296875,-118.2848892211914,2.8412299156188965,,,,,,,,,,,,,,,,,,,,,,,,,,,,,
15158,1754692313.001801,118.23882508277892,1754692313.0987742,53.0,0.0,0.8369755768601976,-38.45776642906338,4.212421076172461,-10.122193432128086,12.948550926294333,5.908664365185643,1.1094884621746246,-1.4378861431738983,-4.084652323895341,3.5516923581615742,-3.1987508672470426,-0.1116255347857873,-2.53098749831787,1.781093646328202,0.0,2.0,4.0,4.0,4.0,4.0,4.0,4.0,4.0,4.0,4.0,4.0,4.0,4.0,4.0,4.0,100.0,,,,,,,,,,,,,,,,,,,,,,,,,,,,,,,,,,,,,,,
15159,1754692313.009604,118.24662804603577,1754692313.1065772,54.0,0.0,-3.961019489786054,-41.34558406122699,1.408916932333682,-10.967522780983131,13.263072127699049,3.0908032577098083,2.6747525481958974,2.644144128134826,-3.981933661724384,-2.8531656094502296,1.890197950497054,1.3562404850998746,-2.0548408005880674,1.569526403758914,0.0,2.0,4.0,4.0,4.0,4.0,4.0,4.0,4.0,4.0,4.0,4.0,4.0,4.0,4.0,4.0,100.0,,,,,,,,,,,,,,,,,,,,,,,,,,,,,,,,,,,,,,,
15160,1754692313.017407,118.2544310092926,1754692313.11438,55.0,0.0,-5.284215079576256,-38.46956328389513,-2.472596491071613,-7.772839386042847,7.753646733703704,1.8290885665552423,1.2149400239437682,2.324735110276947,0.0690719543218847,3.030331968111682,0.3581851731429424,-1.5863998716562264,1.28987161240741,-0.7021609676434082,0.0,2.0,4.0,4.0,4.0,4.0,4.0,4.0,4.0,4.0,4.0,4.0,4.0,4.0,4.0,4.0,100.0,,,,,,,,,,,,,,,,,,,,,,,,,,,,,,,,,,,,,,,
15161,1754692313.02521,118.26223397254944,1754692313.122283,56.0,0.0,0.0120097558079805,-42.9151790004729,-2.056817257879061,-9.303052162048855,0.4160877565542478,0.753825824308592,1.4430823619369448,0.7700042892162173,1.1512018068339105,7.999808693567161,-3.371409478896908,-2.489394536778832,1.7290005229484675,2.7348999883475926,0.0,2.0,4.0,4.0,4.0,4.0,4.0,4.0,4.0,4.0,4.0,4.0,4.0,4.0,4.0,4.0,100.0,0.5116406679153442,0.319580078125,-0.611083984375,0.51251220703125,0.8940566182136536,-0.3598687648773193,0.0083009079098701,-53.83382797241211,-118.5839614868164,2.8412299156188965,,,,,,,,,,,,,,,,,,,,,,,,,,,,,
15162,1754692313.033013,118.27003717422484,1754692313.130186,57.0,0.0,-0.2069370530801961,-45.97189416699655,-1.1700153176287813,-9.36132672763904,3.312851903743308,1.976811762753755,2.06689235624674,2.4234331156377493,3.1053980491170705,-2.656434868537304,-1.6210853788369377,-0.8126646165550255,-5.145827706640716,3.4762098419242875,0.0,2.0,4.0,4.0,4.0,4.0,4.0,4.0,4.0,4.0,4.0,4.0,4.0,4.0,4.0,4.0,100.0,,,,,,,,,,,,,,,,,,,,,,,,,,,,,,,,,,,,,,,
15163,1754692313.040816,118.27784013748168,1754692313.137989,58.0,0.0,-2.7700725654001417,-39.30454868728589,-2.795096774335206,-5.503709396158911,5.885551813559914,3.7290072091188895,4.150833948389618,1.6246389525847462,4.391864370831399,-8.056789393381905,2.639604668535185,-1.1769283770797756,-1.2843743829564571,0.0332212695327598,0.0,2.0,4.0,4.0,4.0,4.0,4.0,4.0,4.0,4.0,4.0,4.0,4.0,4.0,4.0,4.0,100.0,,,,,,,,,,,,,,,,,,,,,,,,,,,,,,,,,,,,,,,
15164,1754692313.048619,118.28564310073853,1754692313.145793,59.0,0.0,-0.0648403291783097,-33.01047299117715,-3.448871251800369,-4.747789551443361,-3.149627065634718,5.543802280179648,9.530370498089836,0.1684524193434526,0.8484025708272611,-2.0506701744656084,6.036313229208759,-0.7393409738373293,7.358781636801609,-0.5561787272343963,0.0,2.0,4.0,4.0,4.0,4.0,4.0,4.0,4.0,4.0,4.0,4.0,4.0,4.0,4.0,4.0,100.0,,,,,,,,,,,,,,,,,,,,,,,,,,,,,,,,,,,,,,,
15165,1754692313.056422,118.29344606399536,1754692313.153696,60.0,0.0,2.502963754086068,-31.50699558609631,-4.159160157487349,-5.79267489341828,-7.562530764917483,0.6953069634182611,6.147963451775468,2.296051419256856,-2.0651480794472263,-1.1473681433490128,3.917768828757289,-0.8414361852032926,3.609937014318575,2.718790428725697,0.0,2.0,4.0,4.0,4.0,4.0,4.0,4.0,4.0,4.0,4.0,4.0,4.0,4.0,4.0,4.0,100.0,0.5063475370407104,0.3123779296875,-0.6136474609375,0.51910400390625,0.8969863653182983,-0.3881895244121551,0.0107423514127731,-53.385215759277344,-119.63072967529295,3.5889220237731934,,,,,,,,,,,,,,,,,,,,,,,,,,,,,
15166,1754692313.064225,118.3012490272522,1754692313.1615992,61.0,0.0,4.877879405368077,-25.83559584014003,-3.1366156097508053,-4.155189948698279,-4.210914584240271,-1.4281868603122518,-0.928181337332461,7.926300446240276,3.170156537819622,-1.166047262806586,1.66621776158334,-0.6602644046485864,2.4829211754477285,8.451721508304928,0.0,2.0,4.0,4.0,4.0,4.0,4.0,4.0,4.0,4.0,4.0,4.0,4.0,4.0,4.0,4.0,100.0,,,,,,,,,,,,,,,,,,,,,,,,,,,,,,,,,,,,,,,
15167,1754692313.072028,118.30905199050903,1754692313.169402,62.0,0.0,3.759670230951201,-22.75493370699394,-4.39229530061391,-3.621366199415093,-7.229733738849859,0.3514307272845371,-1.5863453213095229,7.632563022613453,2.7041907843942,-2.826712113373901,4.273634768698798,0.8253995272008297,0.3937323642677484,7.604610409736438,0.0,2.0,4.0,4.0,4.0,4.0,4.0,4.0,4.0,4.0,4.0,4.0,4.0,4.0,4.0,4.0,100.0,,,,,,,,,,,,,,,,,,,,,,,,,,,,,,,,,,,,,,,
15168,1754692313.079831,118.31685495376588,1754692313.177305,63.0,0.0,3.759933541318503,-19.908529350757192,-3.525671603267085,3.454143146066769,-8.546762021207371,0.7778423234742036,7.117828635131616,7.876023902746681,1.1058311544740604,-4.100423496400538,-3.003171093528465,2.9582690819190134,-7.135154709104029,2.333180487262041,0.0,2.0,4.0,4.0,4.0,4.0,4.0,4.0,4.0,4.0,4.0,4.0,4.0,4.0,4.0,4.0,100.0,,,,,,,,,,,,,,,,,,,,,,,,,,,,,,,,,,,,,,,
15169,1754692313.087634,118.32465815544128,1754692313.1851082,64.0,0.0,5.509877645727926,-14.038053297726576,-3.930576787386229,7.948575473282659,-7.489430176791387,4.416468656189323,10.967362970678463,7.628438465248024,2.5527207283311384,-4.082254238434047,-29.636820971707124,0.9144864454587208,-4.548118654808008,-0.8326037950788248,3345.0,2.0,4.0,4.0,4.0,4.0,4.0,4.0,4.0,4.0,4.0,4.0,4.0,4.0,4.0,4.0,100.0,0.5009366273880005,0.30615234375,-0.61602783203125,0.52520751953125,0.905287265777588,-0.407232791185379,0.0078126192092895,-55.03013610839844,-121.12611389160156,2.0935378074646,,,,,,,,,,,,,,,,,,,,,,,,,,,,,
15170,1754692313.095437,118.33246111869812,1754692313.193011,65.0,0.0,5.635463470706725,-14.139107487624244,-6.106493836080119,11.09100146655186,-11.029662377630814,17.587956889003124,7.898218373623365,4.595529935459979,-0.4715501289343251,-7.352156410907867,-44.52486280563113,-0.4900966476803319,2.5496275104036954,1.639676107032244,3506.0,2.0,4.0,4.0,4.0,4.0,4.0,4.0,4.0,4.0,4.0,4.0,4.0,4.0,4.0,4.0,100.0,,,,,,,,,,,,,,,,,,,,,,,,,,,,,,,,,,,,,,,
15171,1754692313.10324,118.34026408195496,1754692313.200815,66.0,0.0,4.036469425147686,-15.509041416866069,-4.375732523819181,20.2759420471304,-16.35319341576252,25.722352481355472,5.560013970710941,4.351345739869146,-1.8881091077440144,-8.549295556036043,-32.729169166408894,-0.0565920661818495,1.187251860724416,5.29466222803984,3520.0,2.0,4.0,4.0,4.0,4.0,4.0,4.0,4.0,4.0,4.0,4.0,4.0,4.0,4.0,4.0,100.0,,,,,,,,,,,,,,,,,,,,,,,,,,,,,,,,,,,,,,,
15172,1754692313.111043,118.3480670452118,1754692313.2086182,67.0,0.0,3.035972406228097,-10.234858277198896,-3.920202626436208,24.44232510259724,-16.156992956239378,22.748250594046,5.348038649847126,4.556399396656502,5.191260151677284,-7.1714496874348015,-18.9614436524904,-4.41571426108942,-1.926492765989792,4.650227386388337,3608.0,2.0,4.0,4.0,4.0,4.0,4.0,4.0,4.0,4.0,4.0,4.0,4.0,4.0,4.0,4.0,100.0,,,,,,,,,,,,,,,,,,,,,,,,,,,,,,,,,,,,,,,
15173,1754692313.118846,118.35587000846864,1754692313.216521,68.0,0.0,1.6756394413127396,-3.228932263497029,-5.1023306187103685,19.642932609829074,-12.102161384235444,21.200234036144536,9.31143855297745,4.550696562401242,10.3063996907444,-5.532205061381376,-12.841831685861564,-7.992873460549674,-1.794859947905536,0.120553334802878,3629.0,2.0,4.0,4.0,4.0,4.0,4.0,4.0,4.0,4.0,4.0,4.0,4.0,4.0,4.0,4.0,100.0,0.4949473738670349,0.3001708984375,-0.61883544921875,0.531005859375,0.8925917744636536,-0.4296940565109253,0.0141603723168373,-53.385215759277344,-121.87380981445312,2.5421531200408936,,,,,,,,,,,,,,,,,,,,,,,,,,,,,
15174,1754692313.126649,118.36367297172546,1754692313.224424,69.0,0.0,-1.1722437161364212,-3.792437170586112,-5.8352971026991725,10.307619328600282,-11.70753409844869,15.717301106505744,12.046502631872189,3.0336493598921663,8.691949229379276,-1.1444647348879189,-3.2952272803775884,-5.233772356625508,2.03939098308129,-4.360616670364692,3523.0,2.0,4.0,4.0,4.0,4.0,4.0,4.0,4.0,4.0,4.0,4.0,4.0,4.0,4.0,4.0,100.0,,,,,,,,,,,,,,,,,,,,,,,,,,,,,,,,,,,,,,,
15175,1754692313.134452,118.37147617340088,1754692313.232227,70.0,0.0,-2.634347086382689,-2.678379505742754,-6.237309306435321,3.4625043577229064,-11.405086631558872,8.038490110644858,10.731993923766282,2.530293483655356,7.827247880651072,-1.6136651293096236,3.0281594815964183,-1.953390297502296,-0.1411753040373184,-3.869230505363788,3506.0,2.0,4.0,4.0,4.0,4.0,4.0,4.0,4.0,4.0,4.0,4.0,4.0,4.0,4.0,4.0,100.0,,,,,,,,,,,,,,,,,,,,,,,,,,,,,,,,,,,,,,,
15176,1754692313.142255,118.37927913665771,1754692313.24003,71.0,0.0,0.8957887709913166,2.86304229789414,-6.780801370624317,1.5534508823194528,-9.240713683411627,1.879866014026561,4.564169315614095,0.6957407461142111,3.462954502514208,-11.136234606028095,3.3872189882282555,-2.181776963900006,-6.390033374351219,0.6839216269055441,3515.0,2.0,4.0,4.0,4.0,4.0,4.0,4.0,4.0,4.0,4.0,4.0,4.0,4.0,4.0,4.0,100.0,,,,,,,,,,,,,,,,,,,,,,,,,,,,,,,,,,,,,,,
15177,1754692313.150058,118.38708209991456,1754692313.2479331,72.0,0.0,7.25075778218951,4.919760579584988,-3.3299367379998444,-1.8425642345694653,-5.544897221872191,-7.203173126098875,1.7904978371977336,-0.6630983466682778,0.8655693750039859,-10.188409966694335,7.360436994157396,-0.6794910920073676,-1.0607373805417524,6.644131296207149,3601.0,2.0,4.0,4.0,4.0,4.0,4.0,4.0,4.0,4.0,4.0,4.0,4.0,4.0,4.0,4.0,100.0,0.4894484877586365,0.29388427734375,-0.62200927734375,0.535888671875,0.8886854648590088,-0.4545967876911163,0.0078126192092895,-53.68429183959961,-123.0701141357422,0.4486152529716491,,,,,,,,,,,,,,,,,,,,,,,,,,,,,
15178,1754692313.157861,118.3948850631714,1754692313.255837,73.0,0.0,3.647093906763388,-1.5335310689239634,-1.2461900539202873,-11.415193956925265,-4.425652488034444,-12.212448274410832,1.6888408005528106,-2.10529629195176,1.763205685132874,0.9941149518357122,7.468555206503282,0.0285807444246017,0.4102752328500116,2.215112205063491,3612.0,2.0,4.0,4.0,4.0,4.0,4.0,4.0,4.0,4.0,4.0,4.0,4.0,4.0,4.0,4.0,100.0,,,,,,,,,,,,,,,,,,,,,,,,,,,,,,,,,,,,,,,
15179,1754692313.165664,118.40268802642822,1754692313.2636402,74.0,0.0,1.5234564308348126,2.0020110462883167,4.250155470499976,-9.186637614416211,-3.025463695134931,-5.8023335753005085,1.9923392252376289,-2.579920103599761,0.9246245991057548,6.574804628328366,9.306690316189815,2.187212299683779,-3.4468596905589948,-3.0242598024156,3601.0,2.0,4.0,4.0,4.0,4.0,4.0,4.0,4.0,4.0,4.0,4.0,4.0,4.0,4.0,4.0,100.0,,,,,,,,,,,,,,,,,,,,,,,,,,,,,,,,,,,,,,,
15180,1754692313.173467,118.41049098968506,1754692313.271543,75.0,0.0,5.633610087452411,13.224304947759803,7.727971648836586,-3.312492392244081,-1.3420592746314526,-7.343231766554169,-1.9285916625248376,-6.378442208505391,-8.445410233553417,-1.7226810769265342,10.542097769760488,3.915816276520758,-1.3514857685155732,0.1078838108693105,3580.0,2.0,4.0,4.0,4.0,4.0,4.0,4.0,4.0,4.0,4.0,4.0,4.0,4.0,4.0,4.0,100.0,,,,,,,,,,,,,,,,,,,,,,,,,,,,,,,,,,,,,,,
15181,1754692313.18127,118.4182939529419,1754692313.279446,76.0,0.0,5.955011574248886,15.640251793295477,5.292053885055168,-6.819834382485794,0.5084477471103241,-14.77078615437739,-4.878146220960559,-7.745858693954858,-11.233173428751511,-7.871006180364645,12.77817190818115,3.674509715853958,4.013816375132876,7.951570949034533,3545.0,2.0,4.0,4.0,4.0,4.0,4.0,4.0,4.0,4.0,4.0,4.0,4.0,4.0,4.0,4.0,100.0,0.4834571778774261,0.287353515625,-0.62603759765625,0.5401611328125,0.8545052409172058,-0.4721751809120178,0.0048828870058059,-53.385215759277344,-122.17288208007812,1.3458456993103027,,,,,,,,,,,,,,,,,,,,,,,,,,,,,
15182,1754692313.189073,118.42609715461732,1754692313.287249,77.0,0.0,3.74831817466918,11.745344070874468,4.655205074851779,-9.592684263864726,-4.602474074875431,-14.540922757587964,-7.057315693377063,-5.0245454363004,-2.2387031315203103,-3.093948950093022,17.29498639007113,1.2837111820944074,5.272437161173798,10.111610648711007,3334.0,2.0,4.0,4.0,4.0,4.0,4.0,4.0,4.0,4.0,4.0,4.0,4.0,4.0,4.0,4.0,100.0,,,,,,,,,,,,,,,,,,,,,,,,,,,,,,,,,,,,,,,
15183,1754692313.196876,118.43390011787416,1754692313.295052,78.0,0.0,2.801676472021313,9.25220826805014,3.83386884717072,-6.234822495269441,-9.014084368454974,-12.386306810766769,-9.495919721251198,-8.865641836130294,0.5431394375076479,2.641437602965538,17.421099848934205,0.6775383812072278,5.96941010093758,4.602803590527287,3601.0,2.0,4.0,4.0,4.0,4.0,4.0,4.0,4.0,4.0,4.0,4.0,4.0,4.0,4.0,4.0,100.0,,,,,,,,,,,,,,,,,,,,,,,,,,,,,,,,,,,,,,,
15184,1754692313.204679,118.44170308113098,1754692313.3029552,79.0,0.0,2.3694971212579503,8.574578818709938,0.8885314169382355,-2.2086953890803898,-0.3599923866823928,-12.470087888050898,-5.603631412696927,-9.246344969101417,-5.009145027610089,2.236384988561781,11.829109703582958,2.863772518352448,5.629066042289537,-0.7803532417375436,3580.0,2.0,4.0,4.0,4.0,4.0,4.0,4.0,4.0,4.0,4.0,4.0,4.0,4.0,4.0,4.0,100.0,,,,,,,,,,,,,,,,,,,,,,,,,,,,,,,,,,,,,,,
15185,1754692313.212482,118.44950604438782,1754692313.310859,80.0,0.0,2.2717167938028524,9.516280550033798,0.2127658776910266,-4.469802501633922,3.183444065925187,-13.565819361195054,-4.160242120243993,-1.2951562224909594,-4.027614560100801,1.0259264761359643,8.627514507689966,1.3953114824983004,0.1112768899590719,0.3057732625045446,3545.0,2.0,4.0,4.0,4.0,4.0,4.0,4.0,4.0,4.0,4.0,4.0,4.0,4.0,4.0,4.0,100.0,0.4776497781276703,0.28082275390625,-0.63043212890625,0.54364013671875,0.8300908207893372,-0.5166094303131104,0.0058594644069671,-52.63752365112305,-125.0141143798828,2.0935378074646,,,,,,,,,,,,,,,,,,,,,,,,,,,,,
15186,1754692313.220285,118.45730900764464,1754692313.318762,81.0,0.0,2.7562337929077785,13.406581639125989,1.2143374905706423,-11.321667154775014,-0.9003289147783562,-15.155537860009415,-8.190946234458579,-4.812644727583347,-0.3908758199879685,5.791706875031878,8.417662323312697,-0.9748782554486296,-2.683550440711997,5.8488090303337685,3334.0,2.0,4.0,4.0,4.0,4.0,4.0,4.0,4.0,4.0,4.0,4.0,4.0,4.0,4.0,4.0,100.0,,,,,,,,,,,,,,,,,,,,,,,,,,,,,,,,,,,,,,,
15187,1754692313.228088,118.46511197090148,1754692313.326565,82.0,0.0,3.867821026806041,17.07834769352735,0.733378949245207,-11.350267743506492,1.93708213646255,-14.77029620005328,-5.594671455026173,-14.704867806862012,-4.12247171868853,9.188907268712,3.406619861926401,1.0033853309921597,-1.231144131717656,5.238778941908322,3601.0,2.0,4.0,4.0,4.0,4.0,4.0,4.0,4.0,4.0,4.0,4.0,4.0,4.0,4.0,4.0,100.0,,,,,,,,,,,,,,,,,,,,,,,,,,,,,,,,,,,,,,,
15188,1754692313.235891,118.4729151725769,1754692313.3343692,83.0,0.0,2.8587458437869486,19.19455485697977,1.2982831333820857,-3.8224330918287137,2.30694286216982,-10.83087272368124,-4.2554671769298125,-14.785455910730375,-6.902143672468753,5.964712272978488,0.778430234571772,2.553775405759154,-1.7182772109112534,3.2817694572150344,3580.0,2.0,4.0,4.0,4.0,4.0,4.0,4.0,4.0,4.0,4.0,4.0,4.0,4.0,4.0,4.0,100.0,,,,,,,,,,,,,,,,,,,,,,,,,,,,,,,,,,,,,,,
15189,1754692313.243694,118.48071813583374,1754692313.342272,84.0,0.0,1.7910437000564343,23.88890568538909,2.3992722704460903,2.976343739159347,-3.5958646722574485,-2.954052812219288,-9.565047041050548,-23.098611305364106,-5.297448301031636,2.042410743093569,4.94529223345171,1.7435991034271865,-4.402752071705891,7.094217697102067,3545.0,2.0,4.0,4.0,4.0,4.0,4.0,4.0,4.0,4.0,4.0,4.0,4.0,4.0,4.0,4.0,100.0,0.4716258943080902,0.27459716796875,-0.63494873046875,0.54681396484375,0.7968871593475342,-0.5424887537956238,-0.0019531548023223,-53.23567581176758,-126.3599624633789,1.1963073015213013,,,,,,,,,,,,,,,,,,,,,,,,,,,,,
15190,1754692313.251497,118.48852109909058,1754692313.350075,85.0,0.0,3.438177625748324,23.4774638273621,1.7831846131708176,2.603420871879337,-5.238960292520403,1.866083999571004,-7.847044428850893,-36.01836615406131,-5.562618693290858,-0.1171049286830907,3.879659687560945,-0.2151542303799374,-4.11964765878605,7.422525972565438,3334.0,2.0,4.0,4.0,4.0,4.0,4.0,4.0,4.0,4.0,4.0,4.0,4.0,4.0,4.0,4.0,100.0,,,,,,,,,,,,,,,,,,,,,,,,,,,,,,,,,,,,,,,
15191,1754692313.2593,118.4963240623474,1754692313.357878,86.0,0.0,1.234868925804392,9.439020498159778,0.9680051946817798,-5.354721601553422,-5.43447261614557,0.0504939756125963,0.6897495959239563,-27.276895326885835,-1.7250700852148952,2.8110206698258366,-1.9148548509763827,2.16351879572602,-1.2416601956963973,1.9384674398649508,3601.0,2.0,4.0,4.0,4.0,4.0,4.0,4.0,4.0,4.0,4.0,4.0,4.0,4.0,4.0,4.0,100.0,,,,,,,,,,,,,,,,,,,,,,,,,,,,,,,,,,,,,,,
15192,1754692313.267103,118.50412702560423,1754692313.365781,87.0,0.0,-3.4403548058860167,1.5716114334493625,0.8478092534240034,-5.87425327713683,-4.941479289488797,-0.7597662142390789,1.9783990382950665,-0.569953199617629,4.341433817200851,11.285395217058776,-0.5698466225114487,8.042333169684554,-2.300411710637462,-0.1978419781628133,3580.0,2.0,4.0,4.0,4.0,4.0,4.0,4.0,4.0,4.0,4.0,4.0,4.0,4.0,4.0,4.0,100.0,,,,,,,,,,,,,,,,,,,,,,,,,,,,,,,,,,,,,,,
15193,1754692313.274906,118.51192998886108,1754692313.3736842,88.0,0.0,-1.96217613908442,9.857895633607823,-1.7037220445135404,-0.3730403778690174,0.9408655164352808,-1.4533164763733453,-1.9252241396315528,3.2028843642561355,-0.8685471779453451,14.851947347745464,-0.6327193329229317,5.142086176443684,-7.610820604791968,0.8875955289327635,3545.0,2.0,4.0,4.0,4.0,4.0,4.0,4.0,4.0,4.0,4.0,4.0,4.0,4.0,4.0,4.0,100.0,0.3329018652439117,-0.5941162109375,0.345947265625,-0.6453857421875,0.8169069886207581,-0.5620203018188477,-0.0175783932209014,-52.33844375610352,-125.46273040771484,2.5421531200408936,,,,,,,,,,,,,,,,,,,,,,,,,,,,,
15194,1754692313.282709,118.51973295211792,1754692313.381488,89.0,0.0,0.5129223728675925,17.449297576856566,-5.239010325932327,-1.5446599251246198,10.66427886131521,0.5589925569109937,1.1788769316625576,4.81876925430322,-5.3773926073560006,13.138589144906176,-7.625998478362476,-1.8887607378848088,-8.810873563065229,1.6028698731973918,3334.0,2.0,4.0,4.0,4.0,4.0,4.0,4.0,4.0,4.0,4.0,4.0,4.0,4.0,4.0,4.0,100.0,,,,,,,,,,,,,,,,,,,,,,,,,,,,,,,,,,,,,,,
15195,1754692313.290512,118.52753615379332,1754692313.389291,90.0,0.0,-4.834136415705586,13.083072357498908,-6.679182603510242,-5.378013215510407,17.049691986492974,4.222136635179879,4.586662513324711,18.65260501734275,1.1614973938424669,9.51424190897916,-12.972176387862136,-2.593206216599981,-6.792696496064934,-8.224638791001041,3601.0,2.0,4.0,4.0,4.0,4.0,4.0,4.0,4.0,4.0,4.0,4.0,4.0,4.0,4.0,4.0,100.0,,,,,,,,,,,,,,,,,,,,,,,,,,,,,,,,,,,,,,,
15196,1754692313.298315,118.53533911705016,1754692313.397194,91.0,0.0,-7.395149112921274,7.862156682049033,-6.072521242652613,-1.5046914920793029,18.49191449831432,1.455580920305863,1.1870474059934963,19.35647005689333,3.5434898682689777,7.600258207082504,-12.180104464764383,0.0400394206350824,-6.249203087554008,-19.840210058542937,3580.0,2.0,4.0,4.0,4.0,4.0,4.0,4.0,4.0,4.0,4.0,4.0,4.0,4.0,4.0,4.0,100.0,,,,,,,,,,,,,,,,,,,,,,,,,,,,,,,,,,,,,,,
15197,1754692313.306118,118.543142080307,1754692313.405097,92.0,0.0,-1.0877915080014304,8.702303796323974,-3.809864881019223,6.5130769499268695,15.19278951115706,-3.1156067963980263,-4.617476247812249,11.1867453298309,-1.1927728234769006,7.351980172920719,-9.467842482645269,-0.041544866139759,-5.912835313246944,-14.19126401638374,3545.0,2.0,4.0,4.0,4.0,4.0,4.0,4.0,4.0,4.0,4.0,4.0,4.0,4.0,4.0,4.0,100.0,0.3372633159160614,-0.59295654296875,0.350830078125,-0.64154052734375,0.8144655823707581,-0.5717860460281372,-0.0263675898313522,-52.93659973144531,-126.95811462402344,0.4486152529716491,,,,,,,,,,,,,,,,,,,,,,,,,,,,,
15198,1754692313.313921,118.55094504356384,1754692313.4129,93.0,0.0,1.1336857746547366,10.236541820762,-1.631964784515162,8.568363116957357,12.399637428722258,-3.27890767226188,-7.810715757896901,11.117027714534856,-1.3457747741634876,1.7392172281976173,-9.115407532154109,-1.4582318422689011,-3.72638704660028,-6.421377642070979,3334.0,2.0,4.0,4.0,4.0,4.0,4.0,4.0,4.0,4.0,4.0,4.0,4.0,4.0,4.0,4.0,100.0,,,,,,,,,,,,,,,,,,,,,,,,,,,,,,,,,,,,,,,
15199,1754692313.321724,118.55874800682068,1754692313.4207032,94.0,0.0,-2.745060366898059,7.870967419025902,-0.9185976965563613,8.352548626221079,13.328175193029466,0.309629236082884,-5.330858848743873,11.846744871258608,2.294026321155826,-3.860497910278326,-7.395762740118215,-1.7443537185972389,-1.2061132839346271,-13.034472712718951,3601.0,2.0,4.0,4.0,4.0,4.0,4.0,4.0,4.0,4.0,4.0,4.0,4.0,4.0,4.0,4.0,100.0,,,,,,,,,,,,,,,,,,,,,,,,,,,,,,,,,,,,,,,
15200,1754692313.329527,118.56655097007751,1754692313.428507,95.0,0.0,-3.471516109021991,2.0579982524874367,0.5244294001046228,9.161526629158402,11.917217880554858,6.144392062203792,-1.8788725533116803,10.729554571416545,0.3662215413597778,-3.287791758077105,-4.196742706280361,-0.5788329940249923,-3.3475439507418514,-15.688099814530574,3580.0,2.0,4.0,4.0,4.0,4.0,4.0,4.0,4.0,4.0,4.0,4.0,4.0,4.0,4.0,4.0,100.0,,,,,,,,,,,,,,,,,,,,,,,,,,,,,,,,,,,,,,,
15201,1754692313.33733,118.57435417175292,1754692313.4364102,96.0,0.0,1.9823785500946656,0.6667571687892746,2.8856261332001054,8.054274868460482,12.912667979927676,6.779489732098966,-3.46407874657433,9.00770819416249,-2.620589782737341,-5.343528488827076,-10.04878976657045,-0.8860545660442654,-7.344497502229103,-6.37742627835695,3545.0,2.0,4.0,4.0,4.0,4.0,4.0,4.0,4.0,4.0,4.0,4.0,4.0,4.0,4.0,4.0,100.0,0.3359337747097015,-0.59283447265625,0.35748291015625,-0.638671875,0.7797970771789551,-0.574715793132782,-0.0405279621481895,-52.63752365112305,-129.05165100097656,0.5981536507606506,,,,,,,,,,,,,,,,,,,,,,,,,,,,,
15202,1754692313.345133,118.58215713500977,1754692313.444313,97.0,0.0,5.80691657716136,4.469079171939143,2.379546596615114,5.162005197457916,16.541906297322498,1.942448349088977,-2.5740625055831288,6.80560043350954,-2.808461044982664,-7.365594960451631,-20.515340658856417,-2.536396424318696,-8.64936725894438,-6.034159340216661,3334.0,2.0,4.0,4.0,4.0,4.0,4.0,4.0,4.0,4.0,4.0,4.0,4.0,4.0,4.0,4.0,100.0,,,,,,,,,,,,,,,,,,,,,,,,,,,,,,,,,,,,,,,
15203,1754692313.352936,118.5899600982666,1754692313.452116,98.0,0.0,2.5180945057654185,0.1653893005213262,-1.475495507051221,2.6737314422752547,5.937949954073645,0.6289682689616143,3.137588315632854,12.25353344606168,-0.6608564442277043,-2.1469110281746566,-16.354217587766072,-1.702920538070032,-6.845524716647162,-10.26714105019488,3601.0,2.0,4.0,4.0,4.0,4.0,4.0,4.0,4.0,4.0,4.0,4.0,4.0,4.0,4.0,4.0,100.0,,,,,,,,,,,,,,,,,,,,,,,,,,,,,,,,,,,,,,,
15204,1754692313.360739,118.59776306152344,1754692313.459919,99.0,0.0,2.251082884013613,-5.4104324899258245,-0.2253649631338703,1.418739257024754,-9.643548529399595,1.839197234589392,4.785392432629124,15.869888217683185,3.5420790232192303,1.11732106890031,-5.765066694967572,0.2142494518507192,-6.158452279062658,-1.2047924433190929,3580.0,2.0,4.0,4.0,4.0,4.0,4.0,4.0,4.0,4.0,4.0,4.0,4.0,4.0,4.0,4.0,100.0,,,,,,,,,,,,,,,,,,,,,,,,,,,,,,,,,,,,,,,
15205,1754692313.368542,118.60556602478027,1754692313.467822,100.0,0.0,4.13981925064445,-7.54957227251225,1.542709012524938,-1.8047210674390044,-18.22233802866004,2.167391725809466,2.69742856432822,6.169119509562279,2.8730043503210254,-1.9022162793744428,-7.079893783142779,-0.1641867250837094,-5.409409581086493,6.917252713804373,3545.0,2.0,4.0,4.0,4.0,4.0,4.0,4.0,4.0,4.0,4.0,4.0,4.0,4.0,4.0,4.0,100.0,0.3347988426685333,-0.5926513671875,0.364013671875,-0.6357421875,0.7226672768592834,-0.5991302132606506,-0.0390630960464477,-52.03936767578125,-127.70580291748048,0.1495384126901626,,,,,,,,,,,,,,,,,,,,,,,,,,,,,
15206,1754692313.376345,118.61336898803712,1754692313.4757252,101.0,0.0,1.559320985889883,-11.737226462634167,-2.501846460563172,1.1045131781480109,-24.57483400465702,6.415913243644866,1.433023439275587,-0.1299447262426269,0.4983634796577121,-5.649480319555039,-2.961597946101336,0.9981680499359412,6.526942646964528,2.766443293307077,3334.0,2.0,4.0,4.0,4.0,4.0,4.0,4.0,4.0,4.0,4.0,4.0,4.0,4.0,4.0,4.0,100.0,,,,,,,,,,,,,,,,,,,,,,,,,,,,,,,,,,,,,,,
15207,1754692313.384148,118.62117195129396,1754692313.483529,102.0,0.0,-1.298548849432848,-15.9136606476755,-3.3405060274540688,1.136812445754401,-33.31766490065962,4.89187938232493,-1.2671217433790505,0.4044639296793662,2.0753396236768253,-15.848839309313972,10.053502427532692,2.580073074494919,15.844990642003664,-0.2905124533395451,3601.0,2.0,4.0,4.0,4.0,4.0,4.0,4.0,4.0,4.0,4.0,4.0,4.0,4.0,4.0,4.0,100.0,,,,,,,,,,,,,,,,,,,,,,,,,,,,,,,,,,,,,,,
15208,1754692313.391951,118.62897515296936,1754692313.491332,103.0,0.0,0.1520520655988662,-9.928665849837389,4.0666991707351485,-14.200417962216022,-32.9037076239735,0.9440146205777752,-1.0301705043754623,-2.1205854513675035,5.001700247509518,-15.232474036017436,16.044768751865206,2.914955701159045,14.976053787172816,9.527894974031652,3580.0,2.0,4.0,4.0,4.0,4.0,4.0,4.0,4.0,4.0,4.0,4.0,4.0,4.0,4.0,4.0,100.0,,,,,,,,,,,,,,,,,,,,,,,,,,,,,,,,,,,,,,,
15209,1754692313.399754,118.6367781162262,1754692313.4992352,104.0,0.0,1.153404886574492,-2.920749406823404,3.235753255177599,-31.19157198416696,-25.406328390965143,2.018938368996998,-1.0930150715950615,-5.4558373261263,1.4880452684963643,-4.315583949955624,10.260605882143238,0.4332066491286355,10.476770191623755,12.879613907419582,3545.0,2.0,4.0,4.0,4.0,4.0,4.0,4.0,4.0,4.0,4.0,4.0,4.0,4.0,4.0,4.0,100.0,0.3405602574348449,-0.591644287109375,0.368560791015625,-0.63092041015625,0.7126573324203491,-0.6308690309524536,-0.0610360875725746,-51.74029159545898,-129.79934692382812,0.373846024274826,,,,,,,,,,,,,,,,,,,,,,,,,,,,,
15210,1754692313.407557,118.64458107948305,1754692313.507138,105.0,0.0,2.22626692908392,0.6367545220759325,-4.2873447546140255,-29.32940152199359,-21.653162637359912,0.1290654584740309,-0.2052979303021516,-0.9303846198754968,-0.1334634486780146,-2.244191346180344,5.560694671938961,0.5212504354021235,6.909216771130502,12.72212396547269,3334.0,2.0,4.0,4.0,4.0,4.0,4.0,4.0,4.0,4.0,4.0,4.0,4.0,4.0,4.0,4.0,100.0,,,,,,,,,,,,,,,,,,,,,,,,,,,,,,,,,,,,,,,
15211,1754692313.41536,118.65238404273988,1754692313.515041,106.0,1.0,1.417927431750286,0.5158553027345079,-6.580908010297662,-20.540827657419868,-21.4284973380245,-0.6923620742159073,-0.189071906490426,-1.070577110078375,0.8971076800544324,-0.941985857457894,5.630145684235231,0.063106533703376,6.740339430109088,11.669619849073117,3364.142822265625,2.0,4.0,4.0,4.0,4.0,4.0,4.0,4.0,4.0,4.0,4.0,4.0,4.0,4.0,4.0,100.0,,,,,,,,,,,,,,,,,,,,,,,,,,,,,,,,,,,,,,,
15212,1754692313.423163,118.6601870059967,1754692313.522845,107.0,1.0,0.7097694342186855,0.3957640533762401,-8.259093246986197,-12.644676266956653,-20.55931863409484,-1.3461610980212413,-0.167843335839791,-1.152378083356837,1.7176510230050894,0.1568945214484642,5.506959406383828,-0.3136965148306103,6.365154680767944,10.430334678083398,3394.28564453125,2.0,4.0,4.0,4.0,4.0,4.0,4.0,4.0,4.0,4.0,4.0,4.0,4.0,4.0,4.0,100.0,,,,,,,,,,,,,,,,,,,,,,,,,,,,,,,,,,,,,,,
15213,1754692313.430966,118.66798996925354,1754692313.530648,108.0,1.0,0.1065830903599476,0.2797906057804198,-9.377559123489789,-5.733669299808241,-19.18843053159748,-1.841025365668827,-0.1433507145415546,-1.1833117086975449,2.3393159857160413,1.0537623542782626,5.229398109947454,-0.6117642472267448,5.831776038370492,9.076396912207258,3424.428466796875,2.0,4.0,4.0,4.0,4.0,4.0,4.0,4.0,4.0,4.0,4.0,4.0,4.0,4.0,4.0,100.0,0.3463216423988342,-0.59063720703125,0.37310791015625,-0.6260986328125,0.7026474475860596,-0.6626077890396118,-0.0830090790987014,-51.44121551513672,-131.89288330078125,0.5981536507606506,,,,,,,,,,,,,,,,,,,,,,,,,,,,,
15214,1754692313.438769,118.67579317092896,1754692313.538452,109.0,1.0,-0.6832968919683253,-0.1211519564980108,-10.29216839594335,-0.1450468576243793,-17.73939413297228,-2.481430806492768,-0.4088076954625421,-1.463652119396443,2.485330776554406,1.4640481030606909,4.541584108052234,-1.1274233586653963,4.893339409965279,7.3797112799217075,3454.571533203125,2.0,4.0,4.0,4.0,4.0,4.0,4.0,4.0,4.0,4.0,4.0,4.0,4.0,4.0,4.0,100.0,,,,,,,,,,,,,,,,,,,,,,,,,,,,,,,,,,,,,,,
15215,1754692313.446572,118.6835961341858,1754692313.546255,110.0,1.0,-1.6312806161429307,-0.7734240900811074,-11.039768525675072,4.14760407730796,-16.302533020706278,-3.251226617848488,-0.9344017092196282,-1.969898998862164,2.2055308445208084,1.4313220473848105,3.5078759270079445,-1.835723404607733,3.621258164301935,5.424760242634193,3484.71435546875,2.0,4.0,4.0,4.0,4.0,4.0,4.0,4.0,4.0,4.0,4.0,4.0,4.0,4.0,4.0,100.0,,,,,,,,,,,,,,,,,,,,,,,,,,,,,,,,,,,,,,,
15216,1754692313.454375,118.69139909744264,1754692313.554059,111.0,1.0,-1.8619394687259216,-0.7944780846598576,-10.80852153955513,8.055475714224286,-14.10411683417462,-3.2853459682034725,-0.8396675940595912,-1.828655759835982,2.40212439071027,1.8520045357943504,3.040480361719148,-1.8625425270413127,2.933154507818045,4.137129696252742,3514.857177734375,2.0,4.0,4.0,4.0,4.0,4.0,4.0,4.0,4.0,4.0,4.0,4.0,4.0,4.0,4.0,100.0,,,,,,,,,,,,,,,,,,,,,,,,,,,,,,,,,,,,,,,
15217,1754692313.462178,118.69920206069946,1754692313.561862,112.0,0.0,-1.976004390644732,-0.7762527602938576,-10.260387131563505,11.04073312850022,-11.82956933698307,-3.19461213028518,-0.718894414894578,-1.6401049344638636,2.502699698780532,2.1514215462922834,2.572157192653947,-1.808743816744311,2.265879071968527,2.958162834867551,3545.0,2.0,4.0,4.0,4.0,4.0,4.0,4.0,4.0,4.0,4.0,4.0,4.0,4.0,4.0,4.0,100.0,0.3537300825119018,-0.5892333984375,0.3779296875,-0.620361328125,0.6455176472663879,-0.7041122913360596,-0.0991226062178611,-50.99259948730469,-130.9956512451172,-1.1963073015213013,,,,,,,,,,,,,,,,,,,,,,,,,,,,,
15218,1754692313.469981,118.7070050239563,1754692313.5696652,113.0,0.0,-4.556064532455025,-2.304393909898522,-6.887710120596353,12.480020935807149,-4.417647259337286,0.4333336919747808,0.2904070795815414,-0.7839713431200153,2.271485696030936,2.1359920085227486,4.65574839495855,-1.8518411499654803,-0.1910120731259894,3.705905864642205,3334.0,2.0,4.0,4.0,4.0,4.0,4.0,4.0,4.0,4.0,4.0,4.0,4.0,4.0,4.0,4.0,100.0,,,,,,,,,,,,,,,,,,,,,,,,,,,,,,,,,,,,,,,
15219,1754692313.477784,118.71480798721312,1754692313.577469,114.0,0.0,-2.8167970863854066,3.0099801368748444,-1.4172658460850585,18.23328976685451,1.9264836803383216,-1.9641069334614367,-2.500689972509747,-5.217564413829962,-0.262164786009464,-3.935267808866513,6.426266128541727,2.508286739973016,-1.300523019120476,8.639276463295289,3601.0,2.0,4.0,4.0,4.0,4.0,4.0,4.0,4.0,4.0,4.0,4.0,4.0,4.0,4.0,4.0,100.0,,,,,,,,,,,,,,,,,,,,,,,,,,,,,,,,,,,,,,,
15220,1754692313.485587,118.72261095046996,1754692313.5851722,115.0,0.0,0.8032931878662453,1.224944721934378,0.9936260495384772,15.515495310797348,5.675192233763198,-4.151040935915546,0.7880664633682386,-8.667197450854758,-7.259759703908287,-4.7491433785792765,0.8972079522642957,4.193045939523188,-5.671409731941196,9.151124009899092,3580.0,2.0,4.0,4.0,4.0,4.0,4.0,4.0,4.0,4.0,4.0,4.0,4.0,4.0,4.0,4.0,100.0,,,,,,,,,,,25.0,1.0,47.151329040527344,4.0,41.70179748535156,3.0,30.19706153869629,1.0,50.141998291015625,3.0,19.033233642578125,1.0,36.29473876953125,1.0,45.0236930847168,1.0,43.24553298950195,3.0,40.0092658996582,1.0,30.70782852172852,1.0,49.990455627441406,3.0,40.59548568725586,3.0,49.94719314575195,3.0,52.651329040527344
15221,1754692313.49339,118.7304141521454,1754692313.5929751,116.0,0.0,2.0994268305516925,-4.011335533919009,3.453968082110805,9.899773637238011,11.877246461541745,-6.858292432738836,4.702221891381214,-12.373617213104808,-10.625264785255697,-4.967698396388641,0.3363782915976117,8.434208924307768,-8.291396231980116,5.245331267405163,3545.0,2.0,4.0,4.0,4.0,4.0,4.0,4.0,4.0,4.0,4.0,4.0,4.0,4.0,4.0,4.0,100.0,0.3607529997825622,-0.588134765625,0.3819580078125,-0.6148681640625,0.69336998462677,-0.765148401260376,-0.1069352254271507,-51.74029159545898,-132.34149169921875,-0.4486152529716491,,,,,,,,,,,,,,,,,,,,,,,,,,,,,
15222,1754692313.501193,118.73821711540222,1754692313.6006792,117.0,0.0,-1.7296467590446412,-0.3295507082540609,3.3250077348915,6.23598258662318,8.884651220216114,-9.878411436167568,0.157352960591055,-11.292385080296896,-5.704866833023658,-8.996144932893145,4.529987375388686,8.78902291593144,-4.093661426665591,3.8453776561167103,3334.0,2.0,4.0,4.0,4.0,4.0,4.0,4.0,4.0,4.0,4.0,4.0,4.0,4.0,4.0,4.0,100.0,,,,,,,,,,,,,,,,,,,,,,,,,,,,,,,,,,,,,,,
15223,1754692313.508996,118.74602007865906,1754692313.608482,118.0,0.0,-3.864162002536261,4.59398143333118,0.8715851137969253,3.787314929010506,7.514015010074843,-6.1351078497185085,-2.213726760222756,-1.5494340883599875,-1.0311309516667393,-11.274873640946057,6.006905788580013,3.362016540656157,-5.250522779804726,0.6375372193221551,3601.0,2.0,4.0,4.0,4.0,4.0,4.0,4.0,4.0,4.0,4.0,4.0,4.0,4.0,4.0,4.0,100.0,,,,,,,,,,,,,,,,,,,,,,,,,,,,,,,,,,,,,,,
15224,1754692313.516799,118.7538230419159,1754692313.6161852,119.0,0.0,-2.4287847521748063,-0.0003825475876055,-0.4825058515104956,2.975728721286714,8.59736714861151,-1.4446432902461763,0.729405607351282,3.182813406723426,-0.5882332790399687,-13.339580758764669,4.935264032945497,1.2394153919210569,-11.146149642844192,-4.532148784223182,3580.0,2.0,4.0,4.0,4.0,4.0,4.0,4.0,4.0,4.0,4.0,4.0,4.0,4.0,4.0,4.0,100.0,,,,,,,,,,,,,,,,,,,,,,,,,,,,,,,,,,,,,,,
15225,1754692313.524602,118.76162600517272,1754692313.6239882,120.0,0.0,1.302607286412126,-13.288990699931787,2.644335908374501,1.5993361766985572,10.243873641523235,-4.668422577599472,-4.103067443936766,3.871801497167666,3.40271208156571,-4.506348823014946,5.644026886264669,7.91413758431861,-4.625364870668477,-4.211376683266849,3545.0,2.0,4.0,4.0,4.0,4.0,4.0,4.0,4.0,4.0,4.0,4.0,4.0,4.0,4.0,4.0,100.0,0.4405246376991272,0.2281494140625,-0.66748046875,0.5552978515625,0.7241321206092834,-0.8252078890800476,-0.1142595559358596,-49.19813919067383,-132.49102783203125,-2.5421531200408936,,,,,,,,,,,,,,,,,,,,,,,,,,,,,
15226,1754692313.532405,118.76942896842957,1754692313.6316922,121.0,0.0,3.676790647363703,-32.514094486079614,1.3788697199692592,-8.591173383996704,5.043748827849356,-10.10064680350348,-9.842897570570187,4.7938489874749735,1.380035527702546,0.0780938580491579,6.6281616012274185,6.306111360267039,0.20787128048363,-2.924336637046565,3334.0,2.0,4.0,4.0,4.0,4.0,4.0,4.0,4.0,4.0,4.0,4.0,4.0,4.0,4.0,4.0,100.0,,,,,,,,,,,,,,,,,,,,,,,,,,,,,,,,,,,,,,,
15227,1754692313.540208,118.77723217010498,1754692313.6394951,122.0,0.0,8.40195390268309,-41.21676967750318,1.5284246884511958,-12.46255345516056,8.139034496656677,-6.820106642409428,-3.0024337585923604,7.666829749088265,-5.698941279124483,3.73832629024173,4.8481496350495945,4.471169492592708,-3.693423763018473,-2.191271305599912,3601.0,2.0,4.0,4.0,4.0,4.0,4.0,4.0,4.0,4.0,4.0,4.0,4.0,4.0,4.0,4.0,100.0,,,,,,,,,,,,,,,,,,,,,,,,,,,,,,,,,,,,,,,
15228,1754692313.548011,118.78503513336182,1754692313.647198,123.0,0.0,8.562650601310168,-36.0814473202916,2.579246418898663,-5.385444313840537,11.406460718380174,-1.4818050612528282,-0.8423307737087384,9.215084898448085,-4.377171082923553,5.74780276026803,-0.3376115925869385,3.0752310720310447,-6.038169383457046,-4.363361740725679,3580.0,2.0,4.0,4.0,4.0,4.0,4.0,4.0,4.0,4.0,4.0,4.0,4.0,4.0,4.0,4.0,100.0,,,,,,,,,,,,,,,,,,,,,,,,,,,,,,,,,,,,,,,
15229,1754692313.555814,118.79283809661864,1754692313.6550012,124.0,0.0,3.94861220007644,-25.382187950196823,1.3632218877785078,-0.1389907255536684,12.97511739414469,2.1983181867542214,-2.376826606379637,9.43607700215145,-1.328254113647546,6.45670788579875,-2.8769194239764886,-1.1995421030417504,-2.4665387259865668,-5.535022987836584,3545.0,2.0,4.0,4.0,4.0,4.0,4.0,4.0,4.0,4.0,4.0,4.0,4.0,4.0,4.0,4.0,100.0,0.4347128272056579,0.2239990234375,-0.67242431640625,0.55560302734375,0.7553825974464417,-0.8066529631614685,-0.1225604638457298,-50.543983459472656,-133.83688354492188,-1.943999409675598,,,,,,,,,,,,,,,,,,,,,,,,,,,,,
15230,1754692313.563617,118.80064105987547,1754692313.6627052,125.0,0.0,2.039333880071723,-14.075004693407749,-3.864297487922244,-0.608708491304327,9.672694210562357,5.51572709399025,3.506941306075902,9.676623182297504,-3.3723542301473515,6.778590907762833,-6.065520513633686,-8.240408038486834,2.848878442869733,-8.340619216883255,3334.0,2.0,4.0,4.0,4.0,4.0,4.0,4.0,4.0,4.0,4.0,4.0,4.0,4.0,4.0,4.0,100.0,,,,,,,,,,,,,,,,,,,,,,,,,,,,,,,,,,,,,,,
15231,1754692313.57142,118.80844402313232,1754692313.670508,126.0,0.0,6.714254679799211,-10.407739221825835,-4.1089737802697925,0.8023978582147322,3.97760185672783,3.7459814464520207,7.217708844786244,6.377859477391809,-5.0379531598708525,5.288966677935747,-6.111699816157255,-9.215832068181356,1.4436789169675706,-11.097104947459089,3601.0,2.0,4.0,4.0,4.0,4.0,4.0,4.0,4.0,4.0,4.0,4.0,4.0,4.0,4.0,4.0,100.0,,,,,,,,,,,,,,,,,,,,,,,,,,,,,,,,,,,,,,,
15232,1754692313.579223,118.81624698638916,1754692313.678211,127.0,0.0,11.454267715423214,-10.604017571919885,-0.5974916765866851,4.293275076099292,-2.7213139726117674,2.243177338503358,3.8185841275640655,8.178484678650932,0.3290821192636599,3.8622737108949536,-4.955032059030543,-8.5150649919878,-1.9792795879970413,-12.116422645740784,52.0,2.0,4.0,4.0,4.0,4.0,4.0,4.0,4.0,4.0,4.0,4.0,4.0,4.0,4.0,4.0,100.0,,,,,,,,,,,,,,,,,,,,,,,,,,,,,,,,,,,,,,,
15233,1754692313.587026,118.824049949646,1754692313.6860142,0.0,0.0,13.729675907501331,-5.089416726715882,3.835141170694186,10.526599456949697,-4.762006344160255,0.0858001777989727,2.5297278430955146,13.298590642630842,2.440597260566591,5.223181533410042,-6.76159238628523,-7.173734321428384,-4.2630249146891686,-6.402141003194885,3336.0,2.0,4.0,4.0,4.0,4.0,4.0,4.0,4.0,4.0,4.0,4.0,4.0,4.0,4.0,4.0,100.0,0.4285901486873626,0.22052001953125,-0.67718505859375,0.55596923828125,0.6577248573303223,-0.8422980308532715,-0.1367208361625671,-49.64675521850586,-133.68734741210938,-2.8412299156188965,,,,,,,,,,,,,,,,,,,,,,,,,,,,,
15234,1754692313.594829,118.8318531513214,1754692313.6937182,1.0,0.0,14.64232770639734,5.06832504041455,1.7765808259942446,14.80748457392707,-4.334587853377741,-2.5267382106134733,0.4526992424285367,11.401698295814697,0.5828284379395541,2.8629753104406177,-8.662542313361826,-8.119523184874595,-4.592294490290385,-3.8820827932262887,3532.0,2.0,4.0,4.0,4.0,4.0,4.0,4.0,4.0,4.0,4.0,4.0,4.0,4.0,4.0,4.0,100.0,,,,,,,,,,,,,,,,,,,,,,,,,,,,,,,,,,,,,,,
15235,1754692313.602632,118.83965611457825,1754692313.701421,2.0,0.0,20.032111882526863,18.36226823620069,-1.7887216254429743,13.578589399074248,-5.244290237836083,0.9191444045796402,-0.8124589243674905,8.179932923058516,0.5255070859653301,-3.154964737123408,-2.475929140065034,-8.077677262605846,-1.3925099866045798,-4.327766395084325,3509.0,2.0,4.0,4.0,4.0,4.0,4.0,4.0,4.0,4.0,4.0,4.0,4.0,4.0,4.0,4.0,100.0,,,,,,,,,,,,,,,,,,,,,,,,,,,,,,,,,,,,,,,
15236,1754692313.610435,118.84745907783508,1754692313.709224,3.0,0.0,25.111387764192106,25.140101276577923,-2.251011587615551,11.568607635758042,-9.086640347397235,1.2883366800744511,4.614994673287299,6.651028280173421,-4.65860161851316,-8.27783276556039,-1.1905329757803995,-5.059602745136374,-4.3746893980545,-0.0795240535715606,3625.0,2.0,4.0,4.0,4.0,4.0,4.0,4.0,4.0,4.0,4.0,4.0,4.0,4.0,4.0,4.0,100.0,,,,,,,,,,,,,,,,,,,,,,,,,,,,,,,,,,,,,,,
15237,1754692313.618238,118.85526204109192,1754692313.716928,4.0,0.0,21.548217345058102,11.71433668737825,-1.3512193259172136,10.664386577624896,-14.567614191234613,-3.640125591502624,10.867281403624816,4.63537836847388,-8.49515151700382,-6.27391172533828,-4.771459621867166,-0.481779740243951,-9.322483510028064,1.2187310587704587,3617.0,2.0,4.0,4.0,4.0,4.0,4.0,4.0,4.0,4.0,4.0,4.0,4.0,4.0,4.0,4.0,100.0,0.4275745153427124,0.21734619140625,-0.68109130859375,0.55322265625,0.7187609672546387,-0.852063775062561,-0.1596704125404358,-49.945831298828125,-134.28549194335938,-3.1403067111968994,,,,,,,,,,,,,,,,,,,,,,,,,,,,,
15238,1754692313.626041,118.86306500434875,1754692313.724731,5.0,0.0,13.848252689979487,-4.207783099317823,-0.2146281470780024,10.15304175947196,-19.39382042159403,-2.064324560256665,10.65394108876373,2.873072303448424,1.0511727862183022,-3.764634873082088,1.2513270198807902,1.1787423629009195,-1.926130446914641,-2.149231318199128,3522.0,2.0,4.0,4.0,4.0,4.0,4.0,4.0,4.0,4.0,4.0,4.0,4.0,4.0,4.0,4.0,100.0,,,,,,,,,,,,,,,,,,,,,,,,,,,,,,,,,,,,,,,
15239,1754692313.633844,118.8708679676056,1754692313.732434,6.0,0.0,3.9052708851115767,-9.509629586399797,-2.854849834382776,7.697221487251454,-23.644116912865456,0.5678959688464147,7.178608483210383,-0.9083495826782836,4.15596152388548,-4.648417386703159,4.442047543737544,-3.5500567316491924,1.958593417260772,-3.274465646393992,3505.0,2.0,4.0,4.0,4.0,4.0,4.0,4.0,4.0,4.0,4.0,4.0,4.0,4.0,4.0,4.0,100.0,,,,,,,,,,,,,,,,,,,,,,,,,,,,,,,,,,,,,,,
15240,1754692313.641647,118.878671169281,1754692313.740237,7.0,0.0,-0.5706210912057941,-11.398785061530816,0.4387141577581133,7.722293026346961,-17.604703044072266,1.5880260432004434,7.300437450795016,-1.8157116584357027,0.2900023803222211,-2.641315759745339,6.106806318220151,-1.124292235715984,2.187824425002873,-0.9939420209261698,3504.0,2.0,4.0,4.0,4.0,4.0,4.0,4.0,4.0,4.0,4.0,4.0,4.0,4.0,4.0,4.0,100.0,,,,,,,,,,,,,,,,,,,,,,,,,,,,,,,,,,,,,,,
15241,1754692313.64945,118.88647413253784,1754692313.747941,8.0,0.0,-6.455166507762925,-18.637023328623883,3.5964709659269545,7.145310280852272,-11.508264764605457,0.5681832434670184,7.632421199438767,-2.042715238507327,-0.991835365678554,-0.4459000715737886,3.3042117830882205,1.3716904172628972,-0.9699028087791532,-0.7937319592793131,3600.0,2.0,4.0,4.0,4.0,4.0,4.0,4.0,4.0,4.0,4.0,4.0,4.0,4.0,4.0,4.0,100.0,0.4254720211029053,0.2138671875,-0.6854248046875,0.55084228515625,0.7016708850860596,-0.851575493812561,-0.1894560158252716,-49.945831298828125,-133.98641967773438,-2.8412299156188965,,,,,,,,,,,,,,,,,,,,,,,,,,,,,
15242,1754692313.657253,118.89427709579468,1754692313.755744,9.0,0.0,-17.30228470237023,-16.17853329274874,1.82845134566071,6.435792172767037,-12.543729823735587,0.0014401254635458,6.20012804284363,-2.8034737546184942,4.263913712766339,2.9018152219802005,3.8664046862332953,-3.758521335369437,1.5831051674878154,-3.619221456837636,3597.0,2.0,4.0,4.0,4.0,4.0,4.0,4.0,4.0,4.0,4.0,4.0,4.0,4.0,4.0,4.0,100.0,,,,,,,,,,,,,,,,,,,,,,,,,,,,,,,,,,,,,,,
15243,1754692313.665056,118.90208005905151,1754692313.763447,10.0,0.0,-22.273666203682268,-3.017997685625204,2.6845863404123804,7.409251438193706,-15.889428630266565,-2.121444849689823,2.4473748456785245,-10.46810442639432,7.210112041767871,4.73143728349126,6.987486416688199,-5.694694758608392,0.922314099930901,0.0484247244103528,3614.0,2.0,4.0,4.0,4.0,4.0,4.0,4.0,4.0,4.0,4.0,4.0,4.0,4.0,4.0,4.0,100.0,,,,,,,,,,,,,,,,,,,,,,,,,,,,,,,,,,,,,,,
15244,1754692313.672859,118.90988302230836,1754692313.77125,11.0,0.0,-20.269709444783302,1.0019194155777311,2.183951064540679,4.079857243663128,-8.72481751457076,-1.5131546321156293,0.1254888360133463,-11.677273843088416,5.396570468485379,2.384252606481596,5.012661803333913,-5.126931061659207,0.653001467360582,0.2914723038009015,3543.0,2.0,4.0,4.0,4.0,4.0,4.0,4.0,4.0,4.0,4.0,4.0,4.0,4.0,4.0,4.0,100.0,,,,,,,,,,,,,,,,,,,,,,,,,,,,,,,,,,,,,,,
15245,1754692313.680662,118.9176859855652,1754692313.778954,12.0,0.0,-11.837940948986102,8.757068074876429,-2.3821350713100173,3.538452205831277,-5.91171382150867,0.0095948753343009,2.593615846407488,-9.158996910874407,1.1981729273376232,-1.95418044940368,4.614179153896316,-5.275493939839066,3.11753416035765,2.6928916511157013,3553.0,2.0,4.0,4.0,4.0,4.0,4.0,4.0,4.0,4.0,4.0,4.0,4.0,4.0,4.0,4.0,100.0,0.4255980253219604,0.21099853515625,-0.68896484375,0.54742431640625,0.6660258173942566,-0.8574349880218506,-0.2500038146972656,-48.7495231628418,-134.73411560058594,-2.5421531200408936,,,,,,,,,,,,,,,,,,,,,,,,,,,,,
15246,1754692313.688465,118.9254891872406,1754692313.786757,13.0,0.0,-9.386853731301926,15.460777139498532,-7.419490535434761,0.1912929940308458,-8.582170239795232,-5.564409983827318,7.420659036381039,-1.028829268620484,4.299484467733691,-2.587438916736573,5.982988851129903,-2.2475663077511854,7.48791143540916,0.9544781640411202,3299.0,2.0,4.0,4.0,4.0,4.0,4.0,4.0,4.0,4.0,4.0,4.0,4.0,4.0,4.0,4.0,100.0,,,,,,,,,,,,,,,,,,,,,,,,,,,,,,,,,,,,,,,
15247,1754692313.696268,118.93329215049744,1754692313.79446,14.0,0.0,-10.43112274196494,16.189788402558293,-5.089876557795492,-1.273317423621961,-1.168501812438194,-3.3219962746508145,4.69971195659889,-2.416753074007943,3.4574193143174625,-2.776542055339746,4.485278847620862,-1.0827971782802024,6.4297717988439445,0.7752133817497224,3614.0,2.0,4.0,4.0,4.0,4.0,4.0,4.0,4.0,4.0,4.0,4.0,4.0,4.0,4.0,4.0,100.0,,,,,,,,,,,,,,,,,,,,,,,,,,,,,,,,,,,,,,,
15248,1754692313.704071,118.94109511375429,1754692313.802263,15.0,0.0,-11.199885163010606,16.02672962597029,-3.2550820721945115,-2.6696921261028024,4.7274345134864575,-1.61464119874978,2.069786553967731,-3.725571842605461,2.4121896066234854,-3.0894358227306498,2.8656558342640324,-0.3312748676017349,5.089002419487485,0.3574120203297184,3543.0,2.0,4.0,4.0,4.0,4.0,4.0,4.0,4.0,4.0,4.0,4.0,4.0,4.0,4.0,4.0,100.0,,,,,,,,,,,,,,,,,,,,,,,,,,,,,,,,,,,,,,,
15249,1754692313.711874,118.94889807701112,1754692313.809967,16.0,0.0,-11.22497605552985,15.62737474857954,-1.393238768848505,-3.472987559621515,9.679618735063514,0.0907049507507054,0.0909101812410426,-4.4351516667372834,1.7255600075529856,-3.001703509349454,1.6897515156304053,0.5488589642407078,4.050844076022258,0.2491566587821125,0.0,2.0,4.0,4.0,4.0,4.0,4.0,4.0,4.0,4.0,4.0,4.0,4.0,4.0,4.0,4.0,100.0,0.4310710728168487,0.20733642578125,-0.69091796875,0.54205322265625,0.6923933625221252,-0.8296024799346924,-0.2602578699588775,-48.45044708251953,-134.28549194335938,-5.084306240081787,,,,,,,,,,,,,,,,,,,,,,,,,,,,,
15250,1754692313.719677,118.95670104026794,1754692313.81777,17.0,0.0,-10.946535994258111,14.737110468401797,0.1224862928799552,-4.071919712388365,13.388629270960962,1.4309993234939498,-1.59852626015919,-4.938279588756188,1.0466493779405823,-2.89629324084882,0.6071602852450155,1.197656316877044,2.985512504456836,0.0898679045714629,0.0,2.0,4.0,4.0,4.0,4.0,4.0,4.0,4.0,4.0,4.0,4.0,4.0,4.0,4.0,4.0,100.0,,,,,,,,,,,,,,,,,,,,,,,,,,,,,,,,,,,,,,,
15251,1754692313.72748,118.96450400352478,1754692313.825473,18.0,0.0,-10.304911202506077,13.593506072047065,1.4275099547047887,-4.361368410783683,16.07908447743594,2.5505911904296283,-2.873803443575156,-5.133251601053502,0.517961621821911,-2.657403222452644,-0.2419441522089016,1.7577614764662997,2.053980011015625,0.0159377542280765,0.0,2.0,4.0,4.0,4.0,4.0,4.0,4.0,4.0,4.0,4.0,4.0,4.0,4.0,4.0,4.0,100.0,,,,,,,,,,,,,,,,,,,,,,,,,,,,,,,,,,,,,,,
15252,1754692313.735283,118.97230696678162,1754692313.833176,19.0,0.0,-8.105372445814226,7.776109395266815,15.56552297218019,-3.004475538256827,7.253604012208655,4.216231317106178,-3.727155224327305,-10.292812948077824,-3.545957862088869,-5.269279706061241,1.852839102735345,0.1001297282046493,8.322420175237824,-3.1452155355818263,0.0,2.0,4.0,4.0,4.0,4.0,4.0,4.0,4.0,4.0,4.0,4.0,4.0,4.0,4.0,4.0,100.0,,,,,,,,,,,,,,,,,,,,,,,,,,,,,,,,,,,,,,,
15253,1754692313.743086,118.98011016845705,1754692313.84098,20.0,0.0,-10.274234879484595,7.27394182466918,14.722303872446387,-2.0963879160854617,-0.758831302983765,5.756386795073411,-3.2827396981020343,-7.919972180850493,-2.033592634686613,-3.233136899495605,1.858444975503005,1.928949792268156,7.20002456985975,-1.421832809593127,0.0,2.0,4.0,4.0,4.0,4.0,4.0,4.0,4.0,4.0,4.0,4.0,4.0,4.0,4.0,4.0,100.0,0.4351855516433716,0.2039794921875,-0.692626953125,0.537841796875,0.6997177004814148,-0.800305187702179,-0.2856488823890686,-47.85229110717773,-135.930419921875,-3.738460302352905,,,,,,,,,,,,,,,,,,,,,,,,,,,,,
15254,1754692313.750889,118.98791313171388,1754692313.848683,21.0,0.0,-16.905531690686757,-1.544886523500054,11.37794307757008,-0.6652931553751387,-4.34602124818116,9.6141864520157,2.54336712425652,-5.420226343420154,-5.073505136643007,2.9676993546688664,-1.4113501898434606,1.2959105010270378,6.424490278386429,1.160574136947389,0.0,2.0,4.0,4.0,4.0,4.0,4.0,4.0,4.0,4.0,4.0,4.0,4.0,4.0,4.0,4.0,100.0,,,,,,,,,,,,,,,,,,,,,,,,,,,,,,,,,,,,,,,
15255,1754692313.758692,118.9957160949707,1754692313.8563862,22.0,0.0,-19.07686431887214,-6.217967000405679,14.622892383309136,-0.632634106952537,-1.6250003058266884,11.92476568855409,2.983440654374135,-2.6138866489882275,-6.009096306499487,3.183218336220307,-5.029091507350131,5.029569553738838,-1.2956159752156964,6.714678511805232,0.0,2.0,4.0,4.0,4.0,4.0,4.0,4.0,4.0,4.0,4.0,4.0,4.0,4.0,4.0,4.0,100.0,,,,,,,,,,,,,,,,,,,,,,,,,,,,,,,,,,,,,,,
15256,1754692313.766495,119.00351905822754,1754692313.8641891,23.0,0.0,-16.721904650321676,-6.130928132062991,14.062608220157244,0.7909490965328132,-1.6834279232582503,6.140027873081863,3.688344438844752,0.6271792640989133,-2.1246044494380385,-1.2624760081209845,-5.553236705932022,9.722039529071251,-6.264037579907608,5.517272287272817,0.0,2.0,4.0,4.0,4.0,4.0,4.0,4.0,4.0,4.0,4.0,4.0,4.0,4.0,4.0,4.0,100.0,,,,,,,,,,,,,,,,,,,,,,,,,,,,,,,,,,,,,,,
15257,1754692313.774298,119.01132202148438,1754692313.8718932,24.0,0.0,-14.643756323513855,-6.7788404862411085,9.457626061762936,3.620367183015503,-5.373294560036641,4.714680183407097,9.024435338818137,-0.3199832126768456,-1.937429028451163,-1.0430605744321042,-2.8995993221731737,10.921189773778847,-8.916576240083543,3.238319331347327,0.0,2.0,4.0,4.0,4.0,4.0,4.0,4.0,4.0,4.0,4.0,4.0,4.0,4.0,4.0,4.0,100.0,0.4343796968460083,0.202880859375,-0.69482421875,0.53607177734375,0.6289158463478088,-0.7763790488243103,-0.3012741208076477,-47.702754974365234,-135.48179626464844,-4.635690689086914,,,,,,,,,,,,,,,,,,,,,,,,,,,,,
15258,1754692313.782101,119.0191249847412,1754692313.879696,25.0,0.0,-11.81451383987644,-6.346710016482234,10.767271195857006,2.6765620386626097,-4.591946544149892,1.668406171287984,5.316191917994161,-0.5416507048836365,-2.6184169982294634,-0.8000174660425046,-1.1091284146392582,10.562208845583314,-11.116230448784222,7.58687223890081,0.0,2.0,4.0,4.0,4.0,4.0,4.0,4.0,4.0,4.0,4.0,4.0,4.0,4.0,4.0,4.0,100.0,,,,,,,,,,,,,,,,,,,,,,,,,,,,,,,,,,,,,,,
15259,1754692313.789904,119.02692818641664,1754692313.887399,26.0,0.0,-8.989188213678517,-0.7191063287568795,12.551149535605871,6.179014183935124,-3.268004818497957,-2.938740617411895,0.6694299953237532,-2.341818335992229,-1.32288237244029,-1.7987000025741509,2.272803477916568,10.879155837293638,-4.2165021248490575,12.07356241414027,0.0,2.0,4.0,4.0,4.0,4.0,4.0,4.0,4.0,4.0,4.0,4.0,4.0,4.0,4.0,4.0,100.0,,,,,,,,,,,,,,,,,,,,,,,,,,,,,,,,,,,,,,,
15260,1754692313.797707,119.03473114967346,1754692313.8952022,27.0,0.0,-11.416076843618328,-1.832785137672716,3.108572684031799,9.307940521888042,-12.893662970714274,-4.759087618567435,-0.7805790279296048,-7.343116911964614,-2.775705359058236,-2.959703439736302,6.239854391521305,7.511326475222006,3.759433507411188,7.65588559958843,0.0,2.0,4.0,4.0,4.0,4.0,4.0,4.0,4.0,4.0,4.0,4.0,4.0,4.0,4.0,4.0,100.0,,,,,,,,,,,,,,,,,,,,,,,,,,,,,,,,,,,,,,,
15261,1754692313.80551,119.0425341129303,1754692313.9029062,28.0,0.0,-6.163360269572564,-8.30221243751626,-1.6953647567781047,6.817445188001642,-16.717642450845375,-2.9373097333824774,-2.185567996078732,-2.172626299493146,-2.57177405502685,-0.5513987507926288,7.620580920449669,10.252965129928585,5.296596403550296,7.459823387250566,0.0,2.0,4.0,4.0,4.0,4.0,4.0,4.0,4.0,4.0,4.0,4.0,4.0,4.0,4.0,4.0,100.0,0.3673757910728454,-0.59552001953125,0.421142578125,-0.57708740234375,0.6806744337081909,-0.7617303729057312,-0.3183642327785492,-47.10459899902344,-136.3790283203125,-5.532921314239502,,,,,,,,,,,,,,,,,,,,,,,,,,,,,
15262,1754692313.813313,119.05033707618712,1754692313.9107091,29.0,0.0,1.4890097281328565,-18.49262619390433,-4.114142023878543,0.882166925379039,-10.62384637394902,-3.0647913442229253,0.1717507727186387,3.837536088535359,0.9139709615380128,0.1385111456071683,2.560803892789096,9.432672814507583,-3.091422081941886,3.996967081324016,0.0,2.0,4.0,4.0,4.0,4.0,4.0,4.0,4.0,4.0,4.0,4.0,4.0,4.0,4.0,4.0,100.0,,,,,,,,,,,,,,,,,,,,,,,,,,,,,,,,,,,,,,,
15263,1754692313.821116,119.05814003944396,1754692313.918412,30.0,0.0,1.7594689215353585,-21.539848268260243,-9.16805830076953,-1.2243337022404148,-5.57412136441269,1.3725874286320732,10.682482123942124,3.711392948943853,6.340705788439777,2.1512236768627417,1.8310131398440035,2.4787122324902384,-7.330544663686965,-2.79455033271131,0.0,2.0,4.0,4.0,4.0,4.0,4.0,4.0,4.0,4.0,4.0,4.0,4.0,4.0,4.0,4.0,100.0,,,,,,,,,,,,,,,,,,,,,,,,,,,,,,,,,,,,,,,
15264,1754692313.828919,119.0659430027008,1754692313.9262152,31.0,0.0,0.0631875798565317,-20.379372118286227,-10.357385322425417,-0.8485121756418437,-3.620608553803521,2.806505339933466,9.7987241284184,-0.9556196100990916,5.024849007056474,-0.0889748991523617,4.365404476144505,1.3194015584233796,-0.6002260877866945,-1.6957617055333856,0.0,2.0,4.0,4.0,4.0,4.0,4.0,4.0,4.0,4.0,4.0,4.0,4.0,4.0,4.0,4.0,100.0,,,,,,,,,,,,,,,,,,,,,,,,,,,,,,,,,,,,,,,
15265,1754692313.836722,119.07374596595764,1754692313.9339192,32.0,0.0,-0.3871978651620225,-20.72764123681208,-6.965636148839337,0.5473082981973789,-0.7455316268989804,-1.351981427582075,0.1067346790699161,-3.924146745292262,4.005545469663332,-0.470901637007671,7.358241852198546,1.4769914051024102,10.628047321948372,0.8245781742810436,0.0,2.0,4.0,4.0,4.0,4.0,4.0,4.0,4.0,4.0,4.0,4.0,4.0,4.0,4.0,4.0,100.0,0.3759768009185791,-0.59429931640625,0.41986083984375,-0.57373046875,0.6655374765396118,-0.7539177536964417,-0.3046921491622925,-46.65598678588867,-134.88365173339844,-3.4393835067749023,,,,,,,,,,,,,,,,,,,,,,,,,,,,,
15266,1754692313.844525,119.08154916763306,1754692313.9417222,33.0,0.0,-1.3694655859626437,-13.243560290576625,-5.8179522259415535,2.8195846473781785,3.08475339663255,0.3210066128390281,-1.4759792557360925,-4.803362164204827,8.60875837473941,3.557074099575857,12.573224156407832,-4.2257471323555365,15.57730627807632,-2.711226782371341,0.0,2.0,4.0,4.0,4.0,4.0,4.0,4.0,4.0,4.0,4.0,4.0,4.0,4.0,4.0,4.0,100.0,,,,,,,,,,,,,,,,,,,,,,,,,,,,,,,,,,,,,,,
15267,1754692313.852328,119.08935213088988,1754692313.949425,34.0,0.0,0.8925400558623551,-0.6508078415276941,-6.104107678476794,4.745012275804129,4.725695287479084,2.028228240793851,-2.4920117257902348,-5.962959177708399,5.030820223514638,-5.394447389563084,10.919571414841812,-9.679612049807927,10.698276965697232,-3.854208903058407,0.0,2.0,4.0,4.0,4.0,4.0,4.0,4.0,4.0,4.0,4.0,4.0,4.0,4.0,4.0,4.0,100.0,,,,,,,,,,,,,,,,,,,,,,,,,,,,,,,,,,,,,,,
15268,1754692313.860131,119.09715509414671,1754692313.9572282,35.0,0.0,5.486182364440651,10.83350839855268,-2.044508685344568,5.64589604207606,7.756539885561892,-0.3766027441723736,-6.682179200464702,-5.827190369033701,-0.9904417173933098,-13.548170710652698,4.123971593986994,-8.104558433527814,3.092493070883052,-3.463903513366745,0.0,2.0,4.0,4.0,4.0,4.0,4.0,4.0,4.0,4.0,4.0,4.0,4.0,4.0,4.0,4.0,100.0,,,,,,,,,,,,,,,,,,,,,,,,,,,,,,,,,,,,,,,
15269,1754692313.867934,119.10495805740356,1754692313.964932,36.0,0.0,3.9969486269936567,17.10757324120354,4.21211966942596,4.632241156544154,11.309175084740076,-2.3818647157083035,-9.231443322783122,-3.091220258572463,3.339294115267734,-12.021489825997977,-0.5032970793896823,-7.103855182063995,-0.743971063296982,-4.828009294719919,0.0,2.0,4.0,4.0,4.0,4.0,4.0,4.0,4.0,4.0,4.0,4.0,4.0,4.0,4.0,4.0,100.0,0.3839872479438782,-0.5931396484375,0.41790771484375,-0.571044921875,0.6816510558128357,-0.7104600667953491,-0.2910200655460357,-47.2541389465332,-134.28549194335938,-5.084306240081787,,,,,,,,,,,,,,,,,,,,,,,,,,,,,
15270,1754692313.875737,119.1127610206604,1754692313.9727352,37.0,0.0,4.055525213387909,20.44671056599941,0.3121951133873608,7.136592455636446,15.59319294963666,-0.8950334381509037,-6.630279482221567,-1.5005707020357022,4.490210223610347,-10.627656033052745,-2.9895264654571747,-9.288376082973857,0.9169357505663812,-4.389735695308218,0.0,2.0,4.0,4.0,4.0,4.0,4.0,4.0,4.0,4.0,4.0,4.0,4.0,4.0,4.0,4.0,100.0,,,,,,,,,,,,,,,,,,,,,,,,,,,,,,,,,,,,,,,
15271,1754692313.88354,119.12056398391724,1754692313.980438,38.0,0.0,9.08460105374118,22.071789876481063,-1.4129341651846232,11.199311110231548,21.563835626735028,-1.2456430277461266,-1.3382352033872564,-1.2309477070961918,2.247263321389738,-8.373621230090947,-5.511764215249485,-9.1908416460287,-0.6095196182565985,-5.494584653460123,0.0,2.0,4.0,4.0,4.0,4.0,4.0,4.0,4.0,4.0,4.0,4.0,4.0,4.0,4.0,4.0,100.0,,,,,,,,,,,,,,,,,,,,,,,,,,,,,,,,,,,,,,,
15272,1754692313.891343,119.12836718559264,1754692313.988241,39.0,0.0,12.0842291958202,28.66423647929153,-10.86559585700931,13.34633129966508,26.38628152033246,0.6474379626284019,1.796579086546927,-6.363779802026755,2.989826696567917,-8.551491677130315,-5.1676723814398144,-3.576866096969269,-2.409754661127608,-6.566563579128768,0.0,2.0,4.0,4.0,4.0,4.0,4.0,4.0,4.0,4.0,4.0,4.0,4.0,4.0,4.0,4.0,100.0,,,,,,,,,,,,,,,,,,,,,,,,,,,,,,,,,,,,,,,
15273,1754692313.899146,119.13617014884947,1754692313.995945,40.0,0.0,10.1610892821042,30.19566827060968,-8.371269994372454,7.697705373324112,26.643697761534582,5.29882857063572,-1.340079584642211,-4.896903106429221,3.833071853972029,-12.1279484148084,-5.736570787097065,-2.747826300233413,-3.9231014385532887,-3.921695368073728,0.0,2.0,4.0,4.0,4.0,4.0,4.0,4.0,4.0,4.0,4.0,4.0,4.0,4.0,4.0,4.0,100.0,0.3873124420642853,-0.5919189453125,0.417236328125,-0.570556640625,0.6865339279174805,-0.7026474475860596,-0.2636758983135223,-47.85229110717773,-135.63134765625,-4.486152648925781,,,,,,,,,,,,,,,,,,,,,,,,,,,,,
15274,1754692313.906949,119.14397311210632,1754692314.0037482,41.0,0.0,12.910051377999253,26.98803237910829,-1.813604320717104,0.965936167685186,27.874804374591577,7.002787853154814,1.292145421012037,1.3242457789376658,-0.6450466044191216,-16.744894657854957,-7.461673643492077,-4.755880593474785,-8.155714948696868,-3.370583702178692,0.0,2.0,4.0,4.0,4.0,4.0,4.0,4.0,4.0,4.0,4.0,4.0,4.0,4.0,4.0,4.0,100.0,,,,,,,,,,,,,,,,,,,,,,,,,,,,,,,,,,,,,,,
15275,1754692313.914752,119.15177607536316,1754692314.011451,42.0,0.0,13.22062498075627,29.99453939875218,2.7157515829638896,-3.141713739589364,24.498694824704103,1.374730296634766,3.011398441877077,4.754404807116202,-1.825531106441872,-17.84043799842277,-9.981577265421151,-4.082276428732371,-13.460866672970836,-2.806763853828329,0.0,2.0,4.0,4.0,4.0,4.0,4.0,4.0,4.0,4.0,4.0,4.0,4.0,4.0,4.0,4.0,100.0,,,,,,,,,,,,,,,,,,,,,,,,,,,,,,,,,,,,,,,
15276,1754692313.922555,119.15957903862,1754692314.019254,43.0,0.0,10.372120808756392,33.056524183211934,6.457267510046279,-4.140109955802416,17.43202578367351,-1.4437442370771691,-0.8312943597092612,4.739577218863417,-1.9137996298445048,-20.55335028847543,-6.992118517143751,-0.8165280117590896,-10.092042016640733,-2.0513685347172554,0.0,2.0,4.0,4.0,4.0,4.0,4.0,4.0,4.0,4.0,4.0,4.0,4.0,4.0,4.0,4.0,100.0,,,,,,,,,,,,,,,,,,,,,,,,,,,,,,,,,,,,,,,
15277,1754692313.930358,119.16738200187685,1754692314.026958,44.0,0.0,10.195377066329344,27.82692131985584,5.011710942123841,-4.181866261853088,15.107870496137252,2.7004914734751537,-1.3665898509631234,3.560939147129716,-3.662311101868113,-22.323496780592563,-3.26169708586906,-0.4586221751347921,-2.56592170821034,-3.620310742551396,0.0,2.0,4.0,4.0,4.0,4.0,4.0,4.0,4.0,4.0,4.0,4.0,4.0,4.0,4.0,4.0,100.0,0.3892610967159271,-0.5906982421875,0.417236328125,-0.57049560546875,0.7251087427139282,-0.7207141518592834,-0.2392614632844925,-49.19813919067383,-135.7808837890625,-3.887998819351196,,,,,,,,,,,,,,,,,,,,,,,,,,,,,
15278,1754692313.938161,119.17518496513368,1754692314.034661,45.0,0.0,3.0978597446350022,20.6500092681689,0.5427616886316855,-5.23005090112531,14.138902025880157,4.349736555889081,-0.6493358733811192,4.312951693971513,-0.7739195882346621,-15.559941568710316,-3.932496392784856,-2.544926849863828,-0.0528944229737362,-5.131737033889863,0.0,2.0,4.0,4.0,4.0,4.0,4.0,4.0,4.0,4.0,4.0,4.0,4.0,4.0,4.0,4.0,100.0,,,,,,,,,,,,,,,,,,,,,,,,,,,,,,,,,,,,,,,
15279,1754692313.945964,119.18298816680908,1754692314.042464,46.0,0.0,-9.147542889973408,17.375562397116084,0.5522536201434036,-5.925923848528271,13.604797320671937,2.1505144793910063,-2.629273649270033,5.195570173938052,5.64241428134261,-9.720407132024718,0.7894116343769042,-2.125548941542945,0.33111374273318,-4.264041059769568,0.0,2.0,4.0,4.0,4.0,4.0,4.0,4.0,4.0,4.0,4.0,4.0,4.0,4.0,4.0,4.0,100.0,,,,,,,,,,,,,,,,,,,,,,,,,,,,,,,,,,,,,,,
15280,1754692313.953767,119.19079113006592,1754692314.0502682,47.0,0.0,-10.121767246049842,14.157573043447371,3.2602265405325284,-4.61257494977923,19.581594995728608,1.442002147437904,-3.415875130514962,-0.6101603124384951,3.138555391208172,-10.872356840493978,2.308439925350683,-0.8507653357597178,1.6803846981114816,-3.6925813833950656,0.0,2.0,4.0,4.0,4.0,4.0,4.0,4.0,4.0,4.0,4.0,4.0,4.0,4.0,4.0,4.0,100.0,,,,,,,,,,,,,,,,,,,,,,,,,,,,,,,,,,,,,,,
15281,1754692313.96157,119.19859409332275,1754692314.057971,48.0,0.0,-3.0687575902145454,11.256141227945818,4.037382666799431,-0.7977158439068717,19.950375941669108,4.9375621364154085,-1.9965048077021947,-5.889497517375048,-0.5746602508918386,-8.591508552442747,-3.4383457399342205,-1.2230469298954176,3.226126841117776,0.397175914693662,0.0,2.0,4.0,4.0,4.0,4.0,4.0,4.0,4.0,4.0,4.0,4.0,4.0,4.0,4.0,4.0,100.0,0.3912593126296997,-0.58929443359375,0.4176025390625,-0.5703125,0.7148546576499939,-0.7177844047546387,-0.2226596474647522,-48.45044708251953,-135.48179626464844,-5.831998348236084,,,,,,,,,,,,,,,,,,,,,,,,,,,,,
15282,1754692313.969373,119.2063970565796,1754692314.065674,49.0,0.0,-4.117798928717889,9.193025503723334,-0.2367550081720537,-0.3410372537786088,11.843131571711751,9.16938505775363,-5.340823956358577,-5.4365952677675295,1.8252767229147369,-8.957620390748048,-2.313343866334776,-1.833919480273721,4.440907737311704,2.576670077050608,0.0,2.0,4.0,4.0,4.0,4.0,4.0,4.0,4.0,4.0,4.0,4.0,4.0,4.0,4.0,4.0,100.0,,,,,,,,,,,,,,,,,,,,,,,,,,,,,,,,,,,,,,,
15283,1754692313.977176,119.21420001983644,1754692314.073477,50.0,0.0,-3.983341022385048,8.476338035998197,-0.1972069174044008,-1.5555868670485324,12.682194379644898,7.6498757048329935,-8.398423069900218,-2.0652027143391933,0.3751827375913308,-12.447383393481688,1.71737367439664,-0.6887770746616297,3.354220730506768,-0.9400035690409824,0.0,2.0,4.0,4.0,4.0,4.0,4.0,4.0,4.0,4.0,4.0,4.0,4.0,4.0,4.0,4.0,100.0,,,,,,,,,,,,,,,,,,,,,,,,,,,,,,,,,,,,,,,
15284,1754692313.984979,119.22200298309326,1754692314.0812812,51.0,0.0,3.1038268394787565,2.7949290688790143,1.4245493117647356,-4.110266752132588,14.554401197514494,3.7140734286928136,-5.448355069985951,-1.5655484778852724,-2.032778200554617,-4.980381169916541,-0.6645497159264551,-0.1003053525231507,0.0953366893642169,0.0483666768815282,0.0,2.0,4.0,4.0,4.0,4.0,4.0,4.0,4.0,4.0,4.0,4.0,4.0,4.0,4.0,4.0,100.0,,,,,,,,,,,0.0,1.0,127.96623992919922,1.0,95.21641540527344,0.0,97.7649917602539,0.0,115.93590545654295,0.0,66.9448471069336,0.0,102.91957092285156,0.0,116.90424346923828,0.0,118.22052001953124,0.0,111.91595458984376,0.0,119.13215637207033,0.0,117.52670288085938,1.0,107.08810424804688,1.0,116.25201416015624,1.0,120.11744689941406
15285,1754692313.992782,119.22980618476868,1754692314.088984,52.0,0.0,4.342120708871107,-9.669978649871382,0.900158006400261,-8.192295446642902,6.594654188420691,-0.2166965307740156,-1.5623166079019484,1.1083237809395996,-3.4906724366958315,2.500256462749576,-1.3206048273211763,1.776484141574883,-3.1856044256671794,3.8968616403815295,0.0,2.0,4.0,4.0,4.0,4.0,4.0,4.0,4.0,4.0,4.0,4.0,4.0,4.0,4.0,4.0,100.0,0.3887464702129364,-0.58905029296875,0.41937255859375,-0.57098388671875,0.69629967212677,-0.6689555048942566,-0.2207064926624298,-48.15137100219727,-135.930419921875,-3.4393835067749023,,,,,,,,,,,,,,,,,,,,,,,,,,,,,
15286,1754692314.000585,119.23760914802553,1754692314.096687,53.0,0.0,-1.165874282161667,-20.440155592284327,-0.376414751898892,-11.166147972620138,2.8407910017406266,-0.2341263491623522,-2.122454616044479,4.727720091367928,-3.535872041015182,2.69878573487199,0.1519015526457678,4.927667102979967,0.9140683505304424,0.1341143612191899,0.0,2.0,4.0,4.0,4.0,4.0,4.0,4.0,4.0,4.0,4.0,4.0,4.0,4.0,4.0,4.0,100.0,,,,,,,,,,,,,,,,,,,,,,,,,,,,,,,,,,,,,,,
15287,1754692314.008388,119.24541211128236,1754692314.10449,54.0,0.0,0.2371431489095812,-22.65751228686395,0.3517598597973119,-9.620704253507938,7.00477574288243,0.803350288188085,-0.7473157903737047,4.676859686365788,-3.963632657722428,4.127863350369353,-2.657049629177436,6.8620238260919,1.2540283679136337,-3.369779595626824,0.0,2.0,4.0,4.0,4.0,4.0,4.0,4.0,4.0,4.0,4.0,4.0,4.0,4.0,4.0,4.0,100.0,,,,,,,,,,,,,,,,,,,,,,,,,,,,,,,,,,,,,,,
15288,1754692314.016191,119.25321507453918,1754692314.112294,55.0,0.0,6.33119907202979,-24.808802941719136,0.9293939510729388,-8.557901573149252,4.109469177017559,-2.714331802635229,1.0191875094559464,-0.066685596274624,-2.444243103136273,6.604791236418237,0.3699862965371494,6.162728985549052,-3.803179242491865,-1.2027764320374672,0.0,2.0,4.0,4.0,4.0,4.0,4.0,4.0,4.0,4.0,4.0,4.0,4.0,4.0,4.0,4.0,100.0,,,,,,,,,,,,,,,,,,,,,,,,,,,,,,,,,,,,,,,
15289,1754692314.023994,119.26101803779602,1754692314.119997,56.0,0.0,8.545363860028033,-26.847490160212946,1.4576600559877306,-7.935774865452799,-1.312851611812107,-6.884818680269632,-2.017122619041288,-3.678712371706183,-0.6192410516481459,5.4161034594759485,4.169570836514708,5.476431479036478,-2.724579959988091,4.725276721693376,0.0,2.0,4.0,4.0,4.0,4.0,4.0,4.0,4.0,4.0,4.0,4.0,4.0,4.0,4.0,4.0,100.0,0.382022500038147,-0.589599609375,0.4228515625,-0.5723876953125,0.6792095899581909,-0.5854581594467163,-0.1972686350345611,-47.702754974365234,-135.03318786621094,-3.887998819351196,,,,,,,,,,,,,,,,,,,,,,,,,,,,,
15290,1754692314.031797,119.26882100105286,1754692314.1277,57.0,0.0,8.68455320367923,-24.23702772025888,3.839432995922948,-4.546230078991243,-0.9495703010205716,-6.34853621929949,-3.7970498267421817,-1.75279003653975,-1.5419904543699658,7.599235812452775,0.2782867644333464,5.907911860872105,-0.9138855960503632,4.837566454366538,0.0,2.0,4.0,4.0,4.0,4.0,4.0,4.0,4.0,4.0,4.0,4.0,4.0,4.0,4.0,4.0,100.0,,,,,,,,,,,,,,,,,,,,,,,,,,,,,,,,,,,,,,,
15291,1754692314.0396,119.27662396430968,1754692314.1354032,58.0,0.0,11.97980687487984,-19.93335882306133,5.414961520243878,-1.9656361640411435,-3.46128259927832,-6.792873076898786,-2.716968828415929,0.6582949250066576,-2.409658296891621,11.470203554358475,0.624289806974275,6.331665903687508,-2.672522524704391,3.067239561828273,0.0,2.0,4.0,4.0,4.0,4.0,4.0,4.0,4.0,4.0,4.0,4.0,4.0,4.0,4.0,4.0,100.0,,,,,,,,,,,,,,,,,,,,,,,,,,,,,,,,,,,,,,,
15292,1754692314.047403,119.28442716598512,1754692314.143207,59.0,0.0,12.350358600501067,-15.453470839886675,4.473809947124437,2.502589766550728,-14.604241529759976,-6.32372551675121,-3.804927463429749,-2.4385192479705893,-1.8076081630513272,5.8224878149428605,4.397350998465072,4.002939911848671,-7.361051499628729,3.471899714338406,0.0,2.0,4.0,4.0,4.0,4.0,4.0,4.0,4.0,4.0,4.0,4.0,4.0,4.0,4.0,4.0,100.0,,,,,,,,,,,,,,,,,,,,,,,,,,,,,,,,,,,,,,,
15293,1754692314.055206,119.29223012924194,1754692314.15091,60.0,0.0,9.167385073905052,-12.313852023137995,6.550174899165768,9.930491020832278,-21.86219107101192,-1.5043898057017486,-2.615913905626485,-5.838816987209384,2.152008238096414,-1.6968706112268137,3.437676349405365,3.819959221655381,-5.948733405332632,2.246347500607272,0.0,2.0,4.0,4.0,4.0,4.0,4.0,4.0,4.0,4.0,4.0,4.0,4.0,4.0,4.0,4.0,100.0,0.3752435147762298,-0.5899658203125,0.42657470703125,-0.57373046875,0.5761806964874268,-0.504402220249176,-0.1855497062206268,-46.20737075805664,-136.97718811035156,-2.9907681941986084,,,,,,,,,,,,,,,,,,,,,,,,,,,,,
15294,1754692314.063009,119.30003309249878,1754692314.158613,61.0,0.0,8.818262493141049,-13.804094168098288,9.990540571685472,11.278584468339943,-17.248180665299913,-1.9514073946583608,0.6970673982532958,-4.1369909053373135,-0.768625156305859,-2.176088853866929,2.5165577559878898,4.767139834507418,-2.1629761663265867,-0.921667417590868,0.0,2.0,4.0,4.0,4.0,4.0,4.0,4.0,4.0,4.0,4.0,4.0,4.0,4.0,4.0,4.0,100.0,,,,,,,,,,,,,,,,,,,,,,,,,,,,,,,,,,,,,,,
15295,1754692314.070812,119.30783605575562,1754692314.1664162,62.0,0.0,6.218215747275792,-16.837067329422496,5.616424457196956,2.7802294436874604,-16.4847016272642,-4.188216523103108,1.988036540201449,-0.5105668177661187,-2.4974537543343445,-1.854711362451724,5.423821974221539,3.982265576824432,-2.275101209255297,-1.6126984169058574,0.0,2.0,4.0,4.0,4.0,4.0,4.0,4.0,4.0,4.0,4.0,4.0,4.0,4.0,4.0,4.0,100.0,,,,,,,,,,,,,,,,,,,,,,,,,,,,,,,,,,,,,,,
15296,1754692314.078615,119.31563901901244,1754692314.17422,63.0,0.0,3.003876736016423,-13.797271256831324,1.991568206149509,0.715981357065516,-15.487310380976965,-4.091070023643738,0.7674372825357523,0.2675634996816143,-0.0732122372124877,3.470731666108236,2.737050856538076,1.5066389297952585,-2.9900912145636767,-2.185885823451485,0.0,2.0,4.0,4.0,4.0,4.0,4.0,4.0,4.0,4.0,4.0,4.0,4.0,4.0,4.0,4.0,100.0,,,,,,,,,,,,,,,,,,,,,,,,,,,,,,,,,,,,,,,
15297,1754692314.086418,119.32344198226927,1754692314.1819232,64.0,0.0,1.449719689237611,-9.678062391032142,0.1294434054371436,0.1907470247734295,-12.988374569582843,-2.696924740562679,0.9247894158575604,2.0830298211272407,0.4247638798383946,8.923560738830986,1.6223037200930437,0.6080212814031825,-2.321378243574543,-1.4061064529727787,3317.0,2.0,4.0,4.0,4.0,4.0,4.0,4.0,4.0,4.0,4.0,4.0,4.0,4.0,4.0,4.0,100.0,0.4269438087940216,0.19476318359375,-0.69805908203125,0.54083251953125,0.6377050280570984,-0.5571374297142029,-0.2177767604589462,-47.10459899902344,-136.3790283203125,-4.187075614929199,,,,,,,,,,,,,,,,,,,,,,,,,,,,,
15298,1754692314.094221,119.3312451839447,1754692314.189726,65.0,0.0,2.582556723803691,-7.556179842016036,1.048484670290463,1.600455510472102,-9.300723744862124,-3.034427132031624,1.3145507019532945,1.9397959285595328,-0.748416491190028,11.553311092696047,-0.9180233308150036,1.3780565327813292,-3.289905485964709,-0.6406804614605335,3504.0,2.0,4.0,4.0,4.0,4.0,4.0,4.0,4.0,4.0,4.0,4.0,4.0,4.0,4.0,4.0,100.0,,,,,,,,,,,,,,,,,,,,,,,,,,,,,,,,,,,,,,,
15299,1754692314.102024,119.33904814720154,1754692314.197529,66.0,0.0,-2.680615608481105,-10.554596668000444,-2.486075759265816,4.452287867943312,-7.129130934616853,6.773159425791789,11.378015456260243,6.174280767426069,5.09962603989942,12.08341227565478,-2.488609149031902,-3.8354209083466335,-4.235473250143343,-6.93401792683818,3482.0,2.0,4.0,4.0,4.0,4.0,4.0,4.0,4.0,4.0,4.0,4.0,4.0,4.0,4.0,4.0,100.0,,,,,,,,,,,,,,,,,,,,,,,,,,,,,,,,,,,,,,,
15300,1754692314.109827,119.34685111045836,1754692314.205233,67.0,0.0,-2.966820495048921,-5.843269427688426,-3.21661093159031,3.399917740148396,-4.8729803780769885,6.506926068327232,9.525976801413035,6.915333715612235,4.829761003387887,15.2640511762948,-2.3265178244795948,-3.424676485734324,-2.801979075010365,-4.7365181678569,3603.0,2.0,4.0,4.0,4.0,4.0,4.0,4.0,4.0,4.0,4.0,4.0,4.0,4.0,4.0,4.0,100.0,,,,,,,,,,,,,,,,,,,,,,,,,,,,,,,,,,,,,,,
15301,1754692314.11763,119.3546540737152,1754692314.2129362,68.0,0.0,-3.339990013395095,-2.0198005001790307,-3.949807410467315,2.203781460866935,-3.093971242570774,5.846952225008749,7.467143866998299,7.0707462298736345,4.221077449631935,17.15891389432761,-2.354352020331248,-3.209723643757684,-1.789621559909051,-3.014065812517515,3612.0,2.0,4.0,4.0,4.0,4.0,4.0,4.0,4.0,4.0,4.0,4.0,4.0,4.0,4.0,4.0,100.0,0.4272647500038147,0.190673828125,-0.699462890625,0.54022216796875,0.6372167468070984,-0.610360860824585,-0.2578164339065552,-46.20737075805664,-135.930419921875,-4.486152648925781,,,,,,,,,,,,,,,,,,,,,,,,,,,,,
15302,1754692314.125433,119.36245703697205,1754692314.2207391,69.0,0.0,-4.137968285522447,0.5864329491853368,-5.026998793105349,0.5622651771607252,-2.1292462554013127,4.5188663151059245,4.938499497781095,6.374221600822466,2.987842118488288,17.57044540633592,-2.9026935737686017,-3.5278243427658253,-1.5210903633053476,-2.1023763674650127,3497.0,2.0,4.0,4.0,4.0,4.0,4.0,4.0,4.0,4.0,4.0,4.0,4.0,4.0,4.0,4.0,100.0,,,,,,,,,,,,,,,,,,,,,,,,,,,,,,,,,,,,,,,
15303,1754692314.133236,119.37026000022888,1754692314.228542,70.0,0.0,-9.04633723949047,4.309602493852424,-5.803325027271342,-2.598977645741172,0.3361645700230724,4.884640318685058,4.305053358686735,7.200220748052004,3.481293329790504,18.949744163933417,-8.576774465628489,-4.3443936252304525,-7.414074054774403,0.3145825458902322,3485.0,2.0,4.0,4.0,4.0,4.0,4.0,4.0,4.0,4.0,4.0,4.0,4.0,4.0,4.0,4.0,100.0,,,,,,,,,,,,,,,,,,,,,,,,,,,,,,,,,,,,,,,
15304,1754692314.141039,119.37806296348572,1754692314.236346,71.0,0.0,-8.69597746653119,33.00967814546891,-10.004197709337063,1.2652018886368523,-2.3195659502235912,1.077626498895711,-0.8199770714437591,10.407665087388864,9.425734647715558,16.55865618057703,-3.919835622031428,-5.938132134480952,-8.259841571131005,1.2289477429316094,3470.0,2.0,4.0,4.0,4.0,4.0,4.0,4.0,4.0,4.0,4.0,4.0,4.0,4.0,4.0,4.0,100.0,,,,,,,,,,,,,,,,,,,,,,,,,,,,,,,,,,,,,,,
15305,1754692314.148842,119.38586616516112,1754692314.244149,72.0,0.0,-3.216366494667,48.714123371338246,-10.707971626267865,5.09638869302853,-2.716906167285288,-0.0668904834506065,-3.5029192962888374,7.71807334208961,5.716635626785319,18.665245688881896,-1.761930433647194,-6.688046035922071,-4.112372426631282,0.4519885555250766,3591.0,2.0,4.0,4.0,4.0,4.0,4.0,4.0,4.0,4.0,4.0,4.0,4.0,4.0,4.0,4.0,100.0,0.4260019659996032,0.18524169921875,-0.701171875,0.5408935546875,0.6577248573303223,-0.7885862588882446,-0.2919966578483581,-47.2541389465332,-137.87442016601562,-4.635690689086914,,,,,,,,,,,,,,,,,,,,,,,,,,,,,
15306,1754692314.156645,119.39366912841795,1754692314.2519522,73.0,0.0,2.4919265657177903,47.34528137427208,-10.987174746214237,8.987515286764506,0.2043970106552706,-0.2210623344980149,-6.772864395356351,3.360851482881685,0.9988069756319646,19.65862949661107,-4.410600489939839,-6.5113168978322165,-5.277149511207767,2.85283030075891,3568.0,2.0,4.0,4.0,4.0,4.0,4.0,4.0,4.0,4.0,4.0,4.0,4.0,4.0,4.0,4.0,100.0,,,,,,,,,,,,,,,,,,,,,,,,,,,,,,,,,,,,,,,
15307,1754692314.164448,119.4014720916748,1754692314.2597551,74.0,0.0,3.066233094327629,33.23065108651309,-6.035181539687244,7.973407233197406,8.26170978347119,-0.4632573899959311,-7.303985329315481,-6.2352086269758615,-9.746519341604367,16.421914520711937,-2.1343890123586675,-3.2851457668299986,-4.973509030928824,5.85184241227563,3610.0,2.0,4.0,4.0,4.0,4.0,4.0,4.0,4.0,4.0,4.0,4.0,4.0,4.0,4.0,4.0,100.0,,,,,,,,,,,,,,,,,,,,,,,,,,,,,,,,,,,,,,,
15308,1754692314.172251,119.40927505493164,1754692314.267558,75.0,0.0,2.0999229123598298,24.580093064636344,-4.867566308133178,5.037774288557444,7.505882295418701,-0.6493411532006803,-6.579292473366991,-5.160041851079882,-8.574885530155484,13.851770568572078,-1.641586709257922,-2.280659126388059,-2.9376141986505218,5.239070294713088,3524.0,2.0,4.0,4.0,4.0,4.0,4.0,4.0,4.0,4.0,4.0,4.0,4.0,4.0,4.0,4.0,100.0,,,,,,,,,,,,,,,,,,,,,,,,,,,,,,,,,,,,,,,
15309,1754692314.180054,119.41707801818848,1754692314.275162,76.0,0.0,1.2413390512762137,16.677249255448373,-3.751179697830935,2.475295171928451,6.648264327865604,-0.7805715371681572,-5.770622982669806,-4.110535568200135,-7.336022685707007,11.294945543202289,-1.183822278245202,-1.378284318119654,-1.190053356432486,4.56727696459177,3552.0,2.0,4.0,4.0,4.0,4.0,4.0,4.0,4.0,4.0,4.0,4.0,4.0,4.0,4.0,4.0,100.0,0.4209028780460357,0.17724609375,-0.703857421875,0.5440673828125,0.5688563585281372,-0.8755016326904297,-0.3144579231739044,-45.908294677734375,-136.97718811035156,-4.187075614929199,,,,,,,,,,,,,,,,,,,,,,,,,,,,,
15310,1754692314.187857,119.42488098144533,1754692314.2829652,77.0,0.0,-0.1336225039412397,9.731245150100278,-2.622109989150374,0.391661019984042,5.824489778058762,-0.7721639054588536,-4.828236451733972,-3.0251816661161115,-5.990901183468338,8.920705190477804,-0.6791116265998767,-0.4982897604572258,0.355026490687635,3.958610274935893,3288.0,2.0,4.0,4.0,4.0,4.0,4.0,4.0,4.0,4.0,4.0,4.0,4.0,4.0,4.0,4.0,100.0,,,,,,,,,,,,,,,,,,,,,,,,,,,,,,,,,,,,,,,
15311,1754692314.19566,119.43268418312071,1754692314.290768,78.0,0.0,-11.560505204957508,15.388450694166522,1.3017710926958443,-0.6823964871430235,10.249384582186169,1.2420866335639855,-3.7726980427767103,-6.557058551963792,-6.013320451562095,13.205699054402658,1.8427967390587128,-3.96748273148728,-0.4504774167460255,4.486400212834496,3610.0,2.0,4.0,4.0,4.0,4.0,4.0,4.0,4.0,4.0,4.0,4.0,4.0,4.0,4.0,4.0,100.0,,,,,,,,,,,,,,,,,,,,,,,,,,,,,,,,,,,,,,,
15312,1754692314.203463,119.44048714637756,1754692314.298471,79.0,0.0,-9.605441113675964,19.904325052746685,-2.176461084320067,-1.4874081356782654,12.785168839175752,7.860181691947332,-2.6341824764853072,-1.2613655901208176,-3.7300216171219054,13.773081893228325,-2.394187435750041,-6.545291817930661,4.808058740505771,-2.714635710098605,3524.0,2.0,4.0,4.0,4.0,4.0,4.0,4.0,4.0,4.0,4.0,4.0,4.0,4.0,4.0,4.0,100.0,,,,,,,,,,,,,,,,,,,,,,,,,,,,,,,,,,,,,,,
15313,1754692314.211266,119.4482901096344,1754692314.306175,80.0,0.0,-3.642438855165665,14.95137903498312,-2.9868134168766574,-13.425214669637851,6.6424467687049855,1.1018916331747732,-4.481019526698447,7.905255756504857,-5.942966356265288,14.95552590056218,-9.397503158061454,-1.6220824366653233,5.780622235009787,-0.7926064014834537,3552.0,2.0,4.0,4.0,4.0,4.0,4.0,4.0,4.0,4.0,4.0,4.0,4.0,4.0,4.0,4.0,100.0,0.4126752018928528,0.17059326171875,-0.7060546875,0.54962158203125,0.5717860460281372,-0.922865629196167,-0.3032272756099701,-46.05783081054688,-139.3697967529297,-3.887998819351196,,,,,,,,,,,,,,,,,,,,,,,,,,,,,
15314,1754692314.219069,119.45609307289124,1754692314.3139782,81.0,0.0,-3.5173006905905027,9.83272915663946,-4.329104456466496,-14.701065549219775,2.157192596916218,-2.0637118929665235,-5.800288111024486,7.199785296924517,-6.692353455225032,10.86077756919866,-6.135084782194383,2.125618460490557,6.430761790472104,4.996832303169128,3288.0,2.0,4.0,4.0,4.0,4.0,4.0,4.0,4.0,4.0,4.0,4.0,4.0,4.0,4.0,4.0,100.0,,,,,,,,,,,,,,,,,,,,,,,,,,,,,,,,,,,,,,,
15315,1754692314.226872,119.46389603614809,1754692314.3217812,82.0,0.0,-2.1769628999428505,2.0914429870043705,-2.521072944598586,-12.49628974508198,1.1749885952020804,-1.8275895533880653,-3.924229940607916,6.377998873012871,-4.320037375985635,6.821627817129297,-3.991416246463928,2.963932154143436,6.210812660388342,4.219491602187532,3610.0,2.0,4.0,4.0,4.0,4.0,4.0,4.0,4.0,4.0,4.0,4.0,4.0,4.0,4.0,4.0,100.0,,,,,,,,,,,,,,,,,,,,,,,,,,,,,,,,,,,,,,,
15316,1754692314.234675,119.47169899940492,1754692314.3294852,83.0,0.0,-0.9015952179752844,-4.2480394976697085,-0.8523264902706273,-10.171631630442391,0.4324480025279058,-1.4739126781237817,-2.152589241863609,6.2191047543719264,-2.1284965578225297,3.379697163394156,-2.0005646062077744,4.4889000305769855,5.9113879764422,3.544750384477936,3524.0,2.0,4.0,4.0,4.0,4.0,4.0,4.0,4.0,4.0,4.0,4.0,4.0,4.0,4.0,4.0,100.0,,,,,,,,,,,,,,,,,,,,,,,,,,,,,,,,,,,,,,,
15317,1754692314.242478,119.47950196266174,1754692314.337188,84.0,0.0,21.973973941465147,-7.564834836113505,-4.497201719575287,-12.968201082145924,5.5010635122037,-6.180711052555353,-1.74649125948622,8.898030457773302,-4.682095546037317,5.612722603635348,-5.344710346240618,16.249407786809797,0.4101325747121791,4.746580180788214,3552.0,2.0,4.0,4.0,4.0,4.0,4.0,4.0,4.0,4.0,4.0,4.0,4.0,4.0,4.0,4.0,100.0,0.4097649157047272,0.164306640625,-0.70556640625,0.5543212890625,0.5107499957084656,-0.9350728392601012,-0.2700236439704895,-45.908294677734375,-140.26702880859375,-5.23384428024292,,,,,,,,,,,,,,,,,,,,,,,,,,,,,
15318,1754692314.250281,119.48730516433716,1754692314.344991,85.0,0.0,37.06377616557887,-4.423585166565829,-22.881295126296266,-12.41027347368714,3.6743235885359695,-5.5637716396532255,-11.101309901776917,6.646532472915112,1.3760526085192737,2.167753043083337,1.6302238263824052,16.69776399783808,-0.581082830779053,1.7200865704771218,3288.0,2.0,4.0,4.0,4.0,4.0,4.0,4.0,4.0,4.0,4.0,4.0,4.0,4.0,4.0,4.0,100.0,,,,,,,,,,,,,,,,,,,,,,,,,,,,,,,,,,,,,,,
15319,1754692314.258084,119.495108127594,1754692314.3527942,86.0,0.0,30.05332003487456,-11.178009751256468,-39.530686240636896,-10.594275201558958,-0.2960263268291783,2.8844393543272417,-7.892549407165006,13.894982259322203,1.5906674412244683,-1.5428299590253118,3.518461928564648,11.294369420200384,2.3371552429343865,-0.5993182740312477,3610.0,2.0,4.0,4.0,4.0,4.0,4.0,4.0,4.0,4.0,4.0,4.0,4.0,4.0,4.0,4.0,100.0,,,,,,,,,,,,,,,,,,,,,,,,,,,,,,,,,,,,,,,
15320,1754692314.265887,119.50291109085084,1754692314.3604982,87.0,0.0,19.86046897323036,-23.46916935175045,-14.977731874084157,-13.254089532368424,-0.2100301902421506,2.453362099470951,-0.1086449782167164,20.59118944704983,-0.7206661890347732,-3.272116168466937,-2.744503068867971,11.27880255429568,2.512554499820226,2.090043995537372,3524.0,2.0,4.0,4.0,4.0,4.0,4.0,4.0,4.0,4.0,4.0,4.0,4.0,4.0,4.0,4.0,100.0,,,,,,,,,,,,,,,,,,,,,,,,,,,,,,,,,,,,,,,
15321,1754692314.27369,119.51071405410768,1754692314.368201,88.0,0.0,12.024756763329606,-21.85322729633981,-5.196775796912334,-14.242088906139998,7.760282306454883,0.2079650067344118,-2.221454027765958,13.309758867494564,4.363000283576184,-8.781210950864988,-1.0568991062223176,13.22630430723848,-3.0772315467111184,-0.778887119153751,3552.0,2.0,4.0,4.0,4.0,4.0,4.0,4.0,4.0,4.0,4.0,4.0,4.0,4.0,4.0,4.0,100.0,0.4092872440814972,0.15814208984375,-0.7037353515625,0.55877685546875,0.4873121380805969,-0.8720836043357849,-0.2260776758193969,-45.16060256958008,-141.0147247314453,-5.23384428024292,,,,,,,,,,,,,,,,,,,,,,,,,,,,,
15322,1754692314.281493,119.5185170173645,1754692314.376004,89.0,0.0,-4.57224050018516,-17.215118018795636,-12.534641859942385,-5.674368921216171,18.859614478002243,11.295068743228567,0.0726814544883041,11.37159897673206,11.0259460224284,-16.613235590180864,4.0151424737178445,10.008536662065184,-5.602519276248529,-9.273177915049873,3288.0,2.0,4.0,4.0,4.0,4.0,4.0,4.0,4.0,4.0,4.0,4.0,4.0,4.0,4.0,4.0,100.0,,,,,,,,,,,,,,,,,,,,,,,,,,,,,,,,,,,,,,,
15323,1754692314.289296,119.52631998062134,1754692314.3838072,90.0,0.0,-16.18909103133916,-22.31904553245346,-5.959080961346501,0.2592701349744288,19.892623193973066,16.376399130880543,2.716503238182156,16.777947439280013,9.379806536468491,-24.56321140939741,-0.2683449674787539,4.497997701593647,0.2516942748056294,-10.8778459571991,3610.0,2.0,4.0,4.0,4.0,4.0,4.0,4.0,4.0,4.0,4.0,4.0,4.0,4.0,4.0,4.0,100.0,,,,,,,,,,,,,,,,,,,,,,,,,,,,,,,,,,,,,,,
15324,1754692314.297099,119.53412318229675,1754692314.391511,91.0,0.0,-16.511576627912746,-21.017324692676084,5.056267938291967,1.1667137815584283,6.326610458787854,6.354864302275018,-4.539048397891747,2.9846292391143834,4.78197236358983,-30.794794046634703,0.3914317733929238,-0.4389216518638932,2.711591725192193,-7.058368833092118,3524.0,2.0,4.0,4.0,4.0,4.0,4.0,4.0,4.0,4.0,4.0,4.0,4.0,4.0,4.0,4.0,100.0,,,,,,,,,,,,,,,,,,,,,,,,,,,,,,,,,,,,,,,
15325,1754692314.304902,119.5419261455536,1754692314.399214,92.0,0.0,-8.11596637952664,-10.73620715374784,15.588737387651577,13.222444405936017,0.7239957247242046,2.323773365397642,-3.674306397042642,-10.752657852308516,6.916603249062405,-28.25745625147704,6.473767595785716,-1.6160672203105833,4.3995091935888695,-0.5147058826165676,3552.0,2.0,4.0,4.0,4.0,4.0,4.0,4.0,4.0,4.0,4.0,4.0,4.0,4.0,4.0,4.0,100.0,0.4109258651733398,0.1517333984375,-0.701171875,0.56256103515625,0.443366140127182,-0.7729610204696655,-0.1528343707323074,-44.86152267456055,-141.4633331298828,-3.887998819351196,,,,,,,,,,,,,,,,,,,,,,,,,,,,,
15326,1754692314.312705,119.54972910881042,1754692314.4071171,93.0,0.0,-17.199169750009105,-29.133211065252222,24.540817706997814,18.76642233248436,5.959286525122252,2.1930703089281,4.235168900388771,-8.131812529612716,7.584188433594818,-28.41532830932533,1.420377567893638,-2.4718925625304564,1.5563597849265989,-4.760557995116187,3288.0,2.0,4.0,4.0,4.0,4.0,4.0,4.0,4.0,4.0,4.0,4.0,4.0,4.0,4.0,4.0,100.0,,,,,,,,,,,,,,,,,,,,,,,,,,,,,,,,,,,,,,,
15327,1754692314.320508,119.55753207206726,1754692314.41492,94.0,0.0,-20.170816501173817,-29.58883484391856,31.87934663367548,12.038108783457004,11.658720371849428,3.904612249268098,8.059963483320075,-8.164248656693076,5.859389822547541,-26.581582747238485,-0.6892649788179597,0.4451477047144863,-1.1343723044652734,-8.281227319873892,3610.0,2.0,4.0,4.0,4.0,4.0,4.0,4.0,4.0,4.0,4.0,4.0,4.0,4.0,4.0,4.0,100.0,,,,,,,,,,,,,,,,,,,,,,,,,,,,,,,,,,,,,,,
15328,1754692314.328311,119.5653350353241,1754692314.422723,95.0,0.0,-16.688907479721934,-23.74389469173468,29.076824469597227,11.41470777519396,7.533306542585137,2.3169554529844163,8.494062814041058,-8.532238225075275,4.996182441729957,-18.94685589584253,0.7116703668010587,-0.8641434243514823,-0.5282832290268971,-5.633449925646914,3524.0,2.0,4.0,4.0,4.0,4.0,4.0,4.0,4.0,4.0,4.0,4.0,4.0,4.0,4.0,4.0,100.0,,,,,,,,,,,,,,,,,,,,,,,,,,,,,,,,,,,,,,,
15329,1754692314.336114,119.57313799858092,1754692314.430527,96.0,0.0,-5.161291687922414,10.592288962987084,23.23936003602984,21.67426986686013,3.2559629574868154,-2.392017315717851,7.42199795421692,-11.893112205610862,0.7989842091703281,-15.394365270747867,-1.488475084473805,-5.240809757181808,-3.364068448361934,0.928907415601941,3552.0,2.0,4.0,4.0,4.0,4.0,4.0,4.0,4.0,4.0,4.0,4.0,4.0,4.0,4.0,4.0,100.0,0.4106242060661316,0.14764404296875,-0.698974609375,0.56658935546875,0.443366140127182,-0.8271610736846924,-0.0463874265551567,-42.16983413696289,-141.91195678710938,-2.8412299156188965,,,,,,,,,,,,,,,,,,,,,,,,,,,,,
15330,1754692314.343917,119.58094096183775,1754692314.4383302,97.0,0.0,-7.456285501994557,21.085891655219143,18.34527430095511,28.84825631733554,-6.014127476611634,-4.406640621573501,15.62559434894854,-5.064330849188195,6.227937000644829,-15.259397055953857,-1.2623868490524046,-6.270065334029482,-8.887355146127106,1.1640197808618495,3288.0,2.0,4.0,4.0,4.0,4.0,4.0,4.0,4.0,4.0,4.0,4.0,4.0,4.0,4.0,4.0,100.0,,,,,,,,,,,,,,,,,,,,,,,,,,,,,,,,,,,,,,,
15331,1754692314.35172,119.58874416351318,1754692314.446033,98.0,0.0,-6.559625567762964,16.416089690763215,14.421953100517726,24.933070244289752,-9.2510810217874,-0.4880777558311138,13.793397797644388,-6.442724846228998,3.649406686379166,-9.33308029786724,1.3018119498814258,-6.227669915379579,-7.8387099919042384,0.9734816512976748,3610.0,2.0,4.0,4.0,4.0,4.0,4.0,4.0,4.0,4.0,4.0,4.0,4.0,4.0,4.0,4.0,100.0,,,,,,,,,,,,,,,,,,,,,,,,,,,,,,,,,,,,,,,
15332,1754692314.359523,119.59654712677002,1754692314.453836,99.0,0.0,-6.510398276338378,5.160674477610996,14.79108955569484,21.6833227358253,-16.44036925732769,-3.2055443706098004,5.169196324874179,-8.2714031234417,2.8877961673171058,-11.049605061791569,1.9536305858774767,-5.13689012842076,-0.3184647803108191,6.078270773945064,3524.0,2.0,4.0,4.0,4.0,4.0,4.0,4.0,4.0,4.0,4.0,4.0,4.0,4.0,4.0,4.0,100.0,,,,,,,,,,,,,,,,,,,,,,,,,,,,,,,,,,,,,,,
15333,1754692314.367326,119.60435009002686,1754692314.46154,100.0,0.0,-8.656902699917055,-18.123930217319867,14.91182721049995,13.458306802693867,-9.15558741258451,-7.735826771174061,6.147369309818032,-1.7928520478415066,13.40087414996583,-12.754852509404143,7.360212428386376,-3.3729380693391704,2.7382835826654173,5.312654267401968,3552.0,2.0,4.0,4.0,4.0,4.0,4.0,4.0,4.0,4.0,4.0,4.0,4.0,4.0,4.0,4.0,100.0,0.3976139426231384,-0.55450439453125,0.45977783203125,-0.568359375,0.4878004193305969,-0.7563592195510864,-0.0102540627121925,-44.11383056640625,-142.51011657714844,-3.1403067111968994,,,,,,,,,,,,,,,,,,,,,,,,,,,,,
15334,1754692314.375129,119.61215305328368,1754692314.4693432,101.0,0.0,-9.340271818850796,-34.048093419301665,12.24497549508402,6.770182348338551,-8.153982770884284,-5.456982729512163,6.428340110453121,-1.794542270270938,11.488803243782115,-12.227694823057334,8.352706627233658,-1.8328105840063813,4.400930899053549,-0.3611350031714551,3288.0,2.0,4.0,4.0,4.0,4.0,4.0,4.0,4.0,4.0,4.0,4.0,4.0,4.0,4.0,4.0,100.0,,,,,,,,,,,,,,,,,,,,,,,,,,,,,,,,,,,,,,,
15335,1754692314.382932,119.61995601654051,1754692314.477046,102.0,0.0,-9.156377813169172,-33.96019986124446,15.476424507204968,3.885309007902208,-1.253171785629263,2.4071847499370165,10.930290387211071,-11.614321827483934,5.353085394304173,-20.767905820580552,11.001843413908604,-9.657959310568629,11.422314957036464,-2.508360629987408,3610.0,2.0,4.0,4.0,4.0,4.0,4.0,4.0,4.0,4.0,4.0,4.0,4.0,4.0,4.0,4.0,100.0,,,,,,,,,,,,,,,,,,,,,,,,,,,,,,,,,,,,,,,
15336,1754692314.390735,119.62775897979736,1754692314.484849,103.0,0.0,-6.977325614071333,-21.89018608549509,20.40994736078551,1.7931282276670115,7.440204689091615,2.48440197267496,6.526562787737248,-10.674502118010196,-2.672054874194828,-24.783588153211667,11.158378896984914,-14.466071607376987,20.61377083423099,2.079584929105522,3524.0,2.0,4.0,4.0,4.0,4.0,4.0,4.0,4.0,4.0,4.0,4.0,4.0,4.0,4.0,4.0,100.0,,,,,,,,,,,,,,,,,,,,,,,,,,,,,,,,,,,,,,,
15337,1754692314.398538,119.63556218147278,1754692314.492553,104.0,0.0,-6.193329340854916,-16.836265033324935,15.464191387937037,-5.64549884033363,14.57116377699208,-2.5838527951320884,2.290697794241396,-4.807810451977048,1.4495362217405727,-23.477492436099283,9.079122760364726,-9.179398371846446,14.807301866185073,6.411134651950988,3552.0,2.0,4.0,4.0,4.0,4.0,4.0,4.0,4.0,4.0,4.0,4.0,4.0,4.0,4.0,4.0,100.0,0.4196473956108093,-0.5479736328125,0.45452880859375,-0.56304931640625,0.4262760281562805,-0.799328625202179,-0.018066681921482,-42.618446350097656,-146.5476531982422,-3.1403067111968994,,,,,,,,,,,,,,,,,,,,,,,,,,,,,
15338,1754692314.406341,119.6433651447296,1754692314.500356,105.0,0.0,-2.4029946658425843,-10.129866838045588,9.513138210793272,-6.976655062838859,9.813048510104068,-2.2802936949429977,1.2675128533441011,-3.385159684247924,-0.0006085126675543,-11.074151407323484,7.340545614930647,-6.647607130075471,11.450448279287116,6.108605219501783,3288.0,2.0,4.0,4.0,4.0,4.0,4.0,4.0,4.0,4.0,4.0,4.0,4.0,4.0,4.0,4.0,100.0,,,,,,,,,,,,,,,,,,,,,,,,,,,,,,,,,,,,,,,
15339,1754692314.414144,119.65116810798644,1754692314.508059,106.0,0.0,0.13100723591333,-4.957445077323428,3.6504969295497176,-8.50133025850937,4.924766724129313,-2.6211308237789126,-0.2759534841748063,-2.7704751700903216,-1.855999142205292,-1.1827122693430283,5.012235842674272,-5.014069297934839,7.638888629863231,4.999997823379999,3610.0,2.0,4.0,4.0,4.0,4.0,4.0,4.0,4.0,4.0,4.0,4.0,4.0,4.0,4.0,4.0,100.0,,,,,,,,,,,,,,,,,,,,,,,,,,,,,,,,,,,,,,,
15340,1754692314.421947,119.65897107124329,1754692314.515862,107.0,0.0,2.52275030915959,-0.2396227836304945,-0.9809434010890355,-9.164710100479198,1.0568545730957055,-2.509305204172989,-1.2263947166116225,-1.8680980885774543,-3.0137930998357945,7.299425696675343,3.2447593118263,-3.1995238729801088,4.546425384133698,4.235429065439774,3524.0,2.0,4.0,4.0,4.0,4.0,4.0,4.0,4.0,4.0,4.0,4.0,4.0,4.0,4.0,4.0,100.0,,,,,,,,,,,,,,,,,,,,,,,,,,,,,,,,,,,,,,,
15341,1754692314.42975,119.66677403450012,1754692314.523566,108.0,0.0,9.307411253388182,14.734163979327604,1.0632101422097548,-4.925115120105147,6.76358920165876,-3.636365284126896,0.9660255921135104,-2.468887519494274,-7.233301801809375,10.679741230207584,-1.6775791373966058,-4.966260698419774,-1.528549007408401,0.5185560124441508,3552.0,2.0,4.0,4.0,4.0,4.0,4.0,4.0,4.0,4.0,4.0,4.0,4.0,4.0,4.0,4.0,100.0,0.4219213724136352,-0.5457763671875,0.4554443359375,-0.562744140625,0.5771572589874268,-0.7270618677139282,-0.0004882887005805,-42.46891021728516,-143.85595703125,-4.187075614929199,,,,,,,,,,,,,,,,,,,,,,,,,,,,,
15342,1754692314.437553,119.67457699775696,1754692314.531369,109.0,0.0,16.64761247858172,25.846004880172305,1.7688178756656612,-2.6231696754549034,3.2842761471214885,-0.8482198952934255,3.037828499400746,-0.0075112852414918,-12.55199679642061,9.5952905953622,-12.605319738237595,-4.827850537495635,-7.339664508393128,0.2158288712975604,3288.0,2.0,4.0,4.0,4.0,4.0,4.0,4.0,4.0,4.0,4.0,4.0,4.0,4.0,4.0,4.0,100.0,,,,,,,,,,,,,,,,,,,,,,,,,,,,,,,,,,,,,,,
15343,1754692314.445356,119.6823799610138,1754692314.539072,110.0,0.0,19.0822993459596,37.1757945479082,1.7957223191078242,1.5533561645042369,3.74491497953062,-0.8821210203369105,-3.2819457979940694,-7.254291674092258,-10.005408904071883,9.859172334338323,-13.848631422939036,-2.061514139229132,-4.974341305952351,4.105928800369782,3610.0,2.0,4.0,4.0,4.0,4.0,4.0,4.0,4.0,4.0,4.0,4.0,4.0,4.0,4.0,4.0,100.0,,,,,,,,,,,,,,,,,,,,,,,,,,,,,,,,,,,,,,,
15344,1754692314.453159,119.6901831626892,1754692314.546875,111.0,0.0,14.638236383953824,32.86192537389178,-5.733732540556559,-0.167721761634823,2.912713918069983,3.18563233422077,-1.933844640542304,-16.248600645291447,-3.626813141150308,10.936465494577476,-10.984505470416536,-0.6052353640430397,-5.43167045844217,5.666939113521892,3524.0,2.0,4.0,4.0,4.0,4.0,4.0,4.0,4.0,4.0,4.0,4.0,4.0,4.0,4.0,4.0,100.0,,,,,,,,,,,,,,,,,,,,,,,,,,,,,,,,,,,,,,,
15345,1754692314.460962,119.69798612594604,1754692314.554579,112.0,0.0,13.602029358952676,27.011158336809103,-7.527800169425063,-2.611925350492129,-0.0434962679842101,3.5279157822642446,-1.3935883033836944,-10.964894798684329,-2.197893275745628,16.82682728401869,-7.673563574780019,2.046518255641786,-4.741408196528482,5.413877356228113,3552.0,2.0,4.0,4.0,4.0,4.0,4.0,4.0,4.0,4.0,4.0,4.0,4.0,4.0,4.0,4.0,100.0,0.4098313450813293,-0.5433349609375,0.46417236328125,-0.56689453125,0.5092850923538208,-0.6914168000221252,0.0122072175145149,-41.87075424194336,-144.3045654296875,-2.0935378074646,,,,,,,,,,,,,,,,,,,,,,,,,,,,,
15346,1754692314.468765,119.70578908920288,1754692314.562382,113.0,0.0,12.074463673428454,22.534428630483266,-9.009459308713758,-2.8109969578267737,-2.717017782100811,3.452939735223026,-1.14734487845044,-6.513668574769326,-1.1958190532736808,18.619543581501148,-4.951048155544868,3.9209640048093206,-4.289451379832826,4.786726311452185,3288.0,2.0,4.0,4.0,4.0,4.0,4.0,4.0,4.0,4.0,4.0,4.0,4.0,4.0,4.0,4.0,100.0,,,,,,,,,,,,,,,,,,,,,,,,,,,,,,,,,,,,,,,
15347,1754692314.476568,119.71359205245972,1754692314.570085,114.0,0.0,5.9398226363555295,14.769662232242126,-17.94812688686943,-4.685284972200861,-12.00844868828699,-0.8014975936830524,2.649934218470662,-3.630464831107929,-0.3890777683664055,12.319441171890505,0.1756648149275861,-0.084180303183075,-3.860201173413316,6.537015963620888,3610.0,2.0,4.0,4.0,4.0,4.0,4.0,4.0,4.0,4.0,4.0,4.0,4.0,4.0,4.0,4.0,100.0,,,,,,,,,,,,,,,,,,,,,,,,,,,,,,,,,,,,,,,
15348,1754692314.484371,119.72139501571657,1754692314.577888,115.0,0.0,-3.3918609019216888,3.4993361775055405,-23.87492634257132,-9.854017600680152,-21.50882590953023,0.5042479825777377,2.9368604956355853,1.882825360774234,6.823632997138986,10.592089455690086,1.2189359574024934,-3.652618163761588,-2.2390896049529943,2.7406988742462204,3524.0,2.0,4.0,4.0,4.0,4.0,4.0,4.0,4.0,4.0,4.0,4.0,4.0,4.0,4.0,4.0,100.0,,,,,,,,,,,0.0,1.0,143.98947143554688,1.0,113.45963287353516,0.0,123.02648162841795,0.0,129.96566772460938,0.0,83.9041748046875,0.0,119.83550262451172,0.0,132.71939086914062,0.0,135.9845428466797,0.0,126.31730651855467,0.0,165.69967651367188,0.0,132.718505859375,0.0,121.88328552246094,1.0,132.31417846679688,0.0,136.01663208007812
15349,1754692314.492174,119.7291979789734,1754692314.585592,116.0,0.0,-6.028652882772349,0.1775732904447977,-18.93171257508766,-9.675632665819194,-21.333650359315925,2.262086094080132,-2.41308734373024,2.20628289078104,6.428414082719883,7.36207783933196,9.03397329899417,-0.5066479440224612,0.6690190260869713,3.633426869132109,3552.0,2.0,4.0,4.0,4.0,4.0,4.0,4.0,4.0,4.0,4.0,4.0,4.0,4.0,4.0,4.0,100.0,0.407916247844696,-0.53973388671875,0.4693603515625,-0.56744384765625,0.3950255513191223,-0.6855573654174805,0.020508125424385,-42.618446350097656,-145.35133361816406,-3.887998819351196,,,,,,,,,,,,,,,,,,,,,,,,,,,,,
15350,1754692314.499977,119.7370011806488,1754692314.593295,117.0,0.0,-5.887266526698113,-0.1389221213685232,-15.9648404958225,-4.304510606766598,-18.598499971290494,2.760161057760797,-2.451229642180806,-0.0229268942998714,1.6169288658488767,4.106814000494524,17.49984630569952,2.256504979843612,0.2839943611625131,4.303188216093076,3288.0,2.0,4.0,4.0,4.0,4.0,4.0,4.0,4.0,4.0,4.0,4.0,4.0,4.0,4.0,4.0,100.0,,,,,,,,,,,,,,,,,,,,,,,,,,,,,,,,,,,,,,,
15351,1754692314.50778,119.74480414390564,1754692314.601098,118.0,0.0,-7.459694319739469,-2.587053379694339,-16.856012042442785,-0.8916390379159793,-17.116326784316357,0.5849327423246677,-4.69371292232529,1.2200971011942556,4.813765952687277,8.706963934267037,15.423002103868724,-0.1018821096073452,2.290286770054422,4.178970835969608,3610.0,2.0,4.0,4.0,4.0,4.0,4.0,4.0,4.0,4.0,4.0,4.0,4.0,4.0,4.0,4.0,100.0,,,,,,,,,,,,,,,,,,,,,,,,,,,,,,,,,,,,,,,
15352,1754692314.515583,119.75260710716248,1754692314.608901,119.0,0.0,-2.9696296436456464,1.3304120329278817,-15.431611585395046,1.8238874827050608,-15.896815805448284,-4.6600683526373246,-11.888912355381931,-3.090938642087792,1.7911532046576326,12.181963395596824,13.399349798153535,1.3396833443119365,4.435500573768252,9.073556620145894,3524.0,2.0,4.0,4.0,4.0,4.0,4.0,4.0,4.0,4.0,4.0,4.0,4.0,4.0,4.0,4.0,100.0,,,,,,,,,,,,,,,,,,,,,,,,,,,,,,,,,,,,,,,
15353,1754692314.523386,119.76041007041933,1754692314.6165051,120.0,0.0,3.1844931287471923,3.669916390224273,-10.477027094172795,6.685137189420686,-11.71294653025069,-5.948133504506757,-12.382227249759296,-10.784205777965951,-9.64122695668692,13.50366444090406,17.38665965014644,5.777752049906951,6.7490887970673725,13.005470300737043,3552.0,2.0,4.0,4.0,4.0,4.0,4.0,4.0,4.0,4.0,4.0,4.0,4.0,4.0,4.0,4.0,100.0,0.4129706025123596,-0.53564453125,0.4727783203125,-0.5648193359375,0.4482490420341491,-0.7153429388999939,-0.0190432593226432,-40.6744499206543,-144.75318908691406,-3.1403067111968994,,,,,,,,,,,,,,,,,,,,,,,,,,,,,
15354,1754692314.531189,119.76821303367616,1754692314.624308,121.0,0.0,-0.8461535594471457,-3.624278614512775,-7.113733270839646,5.309275936436563,-7.703317225588478,-0.5353697321826871,-5.696096681633833,-6.668749913995441,-9.256904441834363,21.474305334763187,14.008982116887466,2.936691903406711,9.124680661928608,10.649730642399676,3288.0,2.0,4.0,4.0,4.0,4.0,4.0,4.0,4.0,4.0,4.0,4.0,4.0,4.0,4.0,4.0,100.0,,,,,,,,,,,,,,,,,,,,,,,,,,,,,,,,,,,,,,,
15355,1754692314.538992,119.77601599693298,1754692314.632111,122.0,0.0,-5.478799477526934,-7.041207709491971,-6.807409489962936,-4.034837479127361,-5.1923951443763485,3.416093149054234,-2.4924902777747207,5.287468829244119,2.2941758143702486,30.543608503091093,5.927932892858792,-1.3535692100126084,3.434671273938477,3.92835187392808,3610.0,2.0,4.0,4.0,4.0,4.0,4.0,4.0,4.0,4.0,4.0,4.0,4.0,4.0,4.0,4.0,100.0,,,,,,,,,,,,,,,,,,,,,,,,,,,,,,,,,,,,,,,
15356,1754692314.546795,119.78381896018982,1754692314.639814,123.0,0.0,-1.40952003131315,-6.883593733517955,-2.557352650330813,-13.582153643520089,-0.8290694716724829,0.6371782341561811,0.2907133539156348,9.344799840695032,4.256479909643531,29.56128832168997,2.7683067686380127,1.421050845922764,-3.0678290381492843,-0.3213070493161467,3524.0,2.0,4.0,4.0,4.0,4.0,4.0,4.0,4.0,4.0,4.0,4.0,4.0,4.0,4.0,4.0,100.0,,,,,,,,,,,,,,,,,,,,,,,,,,,,,,,,,,,,,,,
15357,1754692314.554598,119.79162216186523,1754692314.6475182,124.0,0.0,-1.3159461598226017,-7.56978002441258,1.4353975460347783,-16.34686918029786,2.68803169708724,-0.4287865190382263,3.1944068668930186,9.29056135657936,-2.1074382929165267,27.70823304843896,-1.5708888502268792,2.217543663277297,-5.863612762790694,-0.9179130843950816,3552.0,2.0,4.0,4.0,4.0,4.0,4.0,4.0,4.0,4.0,4.0,4.0,4.0,4.0,4.0,4.0,100.0,0.421137124300003,-0.52935791015625,0.47735595703125,-0.56085205078125,0.4023498892784118,-0.8408331274986267,-0.0371099412441253,-39.62768173217773,-145.94949340820312,-2.691691398620605,,,,,,,,,,,,,,,,,,,,,,,,,,,,,
15358,1754692314.562401,119.79942512512208,1754692314.6553211,125.0,0.0,-10.643011444542651,-4.338898238145873,0.3892119161762934,-15.66553329008974,-0.1293058445486963,8.461199001653597,8.321107370945185,17.56796252855912,0.516807564424937,31.130266205335204,-2.3583856964862093,-0.4490199104381531,-10.01440081620848,-1.951517161927484,3288.0,2.0,4.0,4.0,4.0,4.0,4.0,4.0,4.0,4.0,4.0,4.0,4.0,4.0,4.0,4.0,100.0,,,,,,,,,,,,,,,,,,,,,,,,,,,,,,,,,,,,,,,
15359,1754692314.570204,119.8072280883789,1754692314.663124,126.0,0.0,-13.60550553487684,-1.7180451371216918,-1.5847658581899964,-19.8239987280802,-5.605957428325212,10.587856206677031,12.002841187045476,24.578237514683394,6.7225336490884615,30.30412699058224,-0.5231458937203683,-2.0751616941009274,-12.995124349747414,-5.803313844307297,3610.0,2.0,4.0,4.0,4.0,4.0,4.0,4.0,4.0,4.0,4.0,4.0,4.0,4.0,4.0,4.0,100.0,,,,,,,,,,,,,,,,,,,,,,,,,,,,,,,,,,,,,,,
15360,1754692314.578007,119.81503105163574,1754692314.6708272,127.0,0.0,-6.961318419866871,0.8776768500816843,3.114375331533324,-19.324504227845296,0.2639331329461356,-2.8882589587727807,5.750324364679386,17.978530537105712,1.371475522219157,31.42103194316689,-1.498633136595231,2.2054996074353994,-3.931320522067267,-3.446068348847689,52.0,2.0,4.0,4.0,4.0,4.0,4.0,4.0,4.0,4.0,4.0,4.0,4.0,4.0,4.0,4.0,100.0,,,,,,,,,,,,,,,,,,,,,,,,,,,,,,,,,,,,,,,
15361,1754692314.58581,119.82283401489258,1754692314.6785312,0.0,0.0,-6.091216287228349,5.696804044199666,8.564866914116351,-12.78385335036694,4.396336737047818,-8.588292300953185,-2.950137767171441,9.220075538169452,-8.82331963967465,26.82701554725133,-1.9133897193943312,3.0070364012111668,1.0802010797714274,-3.225634488435958,3358.0,2.0,4.0,4.0,4.0,4.0,4.0,4.0,4.0,4.0,4.0,4.0,4.0,4.0,4.0,4.0,100.0,0.4354708790779114,-0.52227783203125,0.4794921875,-0.5546875,0.2753948271274566,-0.95704585313797,-0.0664072632789611,-38.58090972900391,-148.04302978515625,-1.1963073015213013,,,,,,,,,,,,,,,,,,,,,,,,,,,,,
15362,1754692314.593613,119.8306369781494,1754692314.686334,1.0,0.0,-9.00191015420188,13.706359807275192,10.813321290995816,-8.225131714005158,-0.7053330467904857,0.5156263096611724,-5.163822895418718,13.176584313812045,-5.679977726428945,20.94947315305552,0.279832962207081,2.7447562973426898,-2.8044031915686105,-7.695153657188996,3519.0,2.0,4.0,4.0,4.0,4.0,4.0,4.0,4.0,4.0,4.0,4.0,4.0,4.0,4.0,4.0,100.0,,,,,,,,,,,,,,,,,,,,,,,,,,,,,,,,,,,,,,,
15363,1754692314.601416,119.83844017982484,1754692314.694137,2.0,0.0,-2.049250036669264,23.34170862804081,10.745536391801808,-7.219339941473891,-2.6328056580034627,-3.493772352876249,-12.625047792241505,14.645373174095084,-4.073320086702324,18.82552488429269,-2.699321379570165,5.8254715820514775,-1.6225384600318191,-4.342104270665686,3521.0,2.0,4.0,4.0,4.0,4.0,4.0,4.0,4.0,4.0,4.0,4.0,4.0,4.0,4.0,4.0,100.0,,,,,,,,,,,,,,,,,,,,,,,,,,,,,,,,,,,,,,,
15364,1754692314.609219,119.84624314308168,1754692314.7018402,3.0,0.0,4.993285419729091,26.822470610812616,9.331523995326734,-5.927922857392332,2.076692447460573,-16.16288631133648,-20.926410556426163,7.764743797396022,-12.308111146983263,13.29187915310058,-9.178837849724005,2.308378879025895,-4.115096740064018,2.078756903568774,3613.0,2.0,4.0,4.0,4.0,4.0,4.0,4.0,4.0,4.0,4.0,4.0,4.0,4.0,4.0,4.0,100.0,,,,,,,,,,,,,,,,,,,,,,,,,,,,,,,,,,,,,,,
15365,1754692314.617022,119.8540461063385,1754692314.7095442,4.0,0.0,1.2738346269017595,26.698023254643147,10.591873281873802,-5.867188531571458,8.711952089717386,-7.558537394424832,-14.148887911075064,6.537854516881623,-11.119467646921578,8.55589959966727,-6.338063941141456,-3.0976534185782043,-5.401088744910169,4.3364058927506335,3628.0,2.0,4.0,4.0,4.0,4.0,4.0,4.0,4.0,4.0,4.0,4.0,4.0,4.0,4.0,4.0,100.0,0.361415684223175,0.11041259765625,-0.705810546875,0.59918212890625,0.2529335618019104,-1.0024566650390625,-0.0620126649737358,-37.982757568359375,-148.6411895751953,-2.8412299156188965,,,,,,,,,,,,,,,,,,,,,,,,,,,,,
15366,1754692314.624825,119.86184906959534,1754692314.7173471,5.0,0.0,-8.154640739387844,27.3622965886886,8.162652360331947,-12.464265938290566,6.844333586702021,2.207629016327872,-11.559123873639066,6.1138929380223885,-4.967049554757807,2.287236516044402,-3.31581208987592,-2.3156457129042,-4.173961956089727,4.163710843232991,3518.0,2.0,4.0,4.0,4.0,4.0,4.0,4.0,4.0,4.0,4.0,4.0,4.0,4.0,4.0,4.0,100.0,,,,,,,,,,,,,,,,,,,,,,,,,,,,,,,,,,,,,,,
15367,1754692314.632628,119.86965203285216,1754692314.72515,6.0,0.0,-13.043821677455467,28.713360913998315,7.066574113089757,-9.405363019111917,7.4934294195318785,-0.7426924242813016,-12.851620401404888,10.346039313693892,-0.9576311715781572,-4.881526070195776,-6.788253312866743,7.721130956986656,-8.911031510686314,10.314605842052572,3509.0,2.0,4.0,4.0,4.0,4.0,4.0,4.0,4.0,4.0,4.0,4.0,4.0,4.0,4.0,4.0,100.0,,,,,,,,,,,,,,,,,,,,,,,,,,,,,,,,,,,,,,,
15368,1754692314.640431,119.877454996109,1754692314.7328532,7.0,0.0,-18.70253748428076,18.90598240679975,6.467972527095128,-9.972001582402925,12.44877678442191,-2.3083587165148742,-3.685443697453763,17.64029071591068,-3.3961705102312294,-11.957636017398444,-11.070661647533768,11.515886842619524,-19.76175403613405,12.683508548292878,3511.0,2.0,4.0,4.0,4.0,4.0,4.0,4.0,4.0,4.0,4.0,4.0,4.0,4.0,4.0,4.0,100.0,,,,,,,,,,,,,,,,,,,,,,,,,,,,,,,,,,,,,,,
15369,1754692314.648234,119.88525795936584,1754692314.7405572,8.0,0.0,-16.372265841477486,4.336410135868562,5.036405722226107,-22.30145878911418,10.753759822177187,1.1114772079524189,7.991117246024885,17.49593833774287,-7.162126365305369,-12.664980252219095,-7.027667539580591,8.379363845033083,-22.10696795721134,17.314104071603367,3622.0,2.0,4.0,4.0,4.0,4.0,4.0,4.0,4.0,4.0,4.0,4.0,4.0,4.0,4.0,4.0,100.0,0.3487701416015625,0.109375,-0.708740234375,0.6033935546875,0.4003967344760895,-1.0210117101669312,-0.0898451209068298,-38.73044967651367,-147.59442138671875,-3.887998819351196,,,,,,,,,,,,,,,,,,,,,,,,,,,,,
15370,1754692314.656037,119.89306116104126,1754692314.7483602,9.0,0.0,-1.8304992717248751,-4.260058443918297,5.683456119733364,-21.791342181563323,5.430375714105139,2.056043831580155,11.486503725425791,10.753615102312324,-8.873082546931073,-9.210626783702992,-7.6871265705335645,9.480891167689151,-16.51895046758318,18.22103348577093,3615.0,2.0,4.0,4.0,4.0,4.0,4.0,4.0,4.0,4.0,4.0,4.0,4.0,4.0,4.0,4.0,100.0,,,,,,,,,,,,,,,,,,,,,,,,,,,,,,,,,,,,,,,
15371,1754692314.66384,119.9008641242981,1754692314.756063,10.0,0.0,6.633017965781562,-9.91213826403606,6.292771922031477,-5.956463593475348,3.614567901020962,3.2324281174468865,17.35411765525754,10.180244118784174,-2.7201544926038537,-4.478475768959072,-10.722405380928253,13.959165689825513,-6.617692051242614,-8.712789376605144,3628.0,2.0,4.0,4.0,4.0,4.0,4.0,4.0,4.0,4.0,4.0,4.0,4.0,4.0,4.0,4.0,100.0,,,,,,,,,,,,,,,,,,,,,,,,,,,,,,,,,,,,,,,
15372,1754692314.671643,119.90866708755492,1754692314.7638662,11.0,0.0,1.0772973436158395,-18.923641019862487,-5.407377655890002,-0.59799383219314,0.9494933402823448,4.690917704044125,19.23168982768385,8.222611748871998,3.333066667059313,-4.291355867915797,-8.570660959169516,11.498072550615063,0.2459523009973168,-40.22644734081649,3550.0,2.0,4.0,4.0,4.0,4.0,4.0,4.0,4.0,4.0,4.0,4.0,4.0,4.0,4.0,4.0,100.0,,,,,,,,,,,,,,,,,,,,,,,,,,,,,,,,,,,,,,,
15373,1754692314.679446,119.91647005081175,1754692314.77157,12.0,0.0,-0.84183815007367,-19.95923237499204,-16.410448699552887,6.836310246842061,1.000119502290147,5.020015077524533,17.380589395858863,1.6021342480899534,5.422293811231668,-6.790524280701391,-8.489209382808838,8.697438940542781,3.0770091744475963,-34.9415033234481,3578.0,2.0,4.0,4.0,4.0,4.0,4.0,4.0,4.0,4.0,4.0,4.0,4.0,4.0,4.0,4.0,100.0,0.3470046520233154,0.10479736328125,-0.70977783203125,0.60400390625,0.3349660634994507,-1.006363034248352,-0.0917982757091522,-36.78644943237305,-147.1457977294922,-3.887998819351196,,,,,,,,,,,,,,,,,,,,,,,,,,,,,
15374,1754692314.687249,119.9242730140686,1754692314.7793732,13.0,0.0,0.3463567496432347,-16.513199914897143,-18.280741955968608,19.512600058689657,-1.6171820598274849,7.457223958821885,22.071602762762662,-1.9834482488477647,5.682594582364288,-8.476110120149826,-11.19583969909587,9.786404837091538,11.53500900619514,-21.9966578160898,3317.0,2.0,4.0,4.0,4.0,4.0,4.0,4.0,4.0,4.0,4.0,4.0,4.0,4.0,4.0,4.0,100.0,,,,,,,,,,,,,,,,,,,,,,,,,,,,,,,,,,,,,,,
15375,1754692314.695052,119.93207597732544,1754692314.787176,14.0,0.0,-3.0753463303633453,-20.3346636083636,-15.474121454282113,34.441176784540176,-8.933493793752632,10.512874208028506,34.984272705250305,4.262019196791925,8.759399375221392,-13.16112758091117,-8.580065464252357,10.21574038923768,15.160663617953333,-21.3356335629353,3628.0,2.0,4.0,4.0,4.0,4.0,4.0,4.0,4.0,4.0,4.0,4.0,4.0,4.0,4.0,4.0,100.0,,,,,,,,,,,,,,,,,,,,,,,,,,,,,,,,,,,,,,,
15376,1754692314.702855,119.93987917900084,1754692314.794879,15.0,0.0,-8.81361084836061,-17.80659399242785,-15.385195234470473,40.5550115496506,-7.882960908101438,13.077894085566015,43.74744661693768,8.514221944105714,17.69541483827726,-15.183762958212526,-4.533131432496418,7.636834922947685,7.18451519455158,-19.42119884330685,3550.0,2.0,4.0,4.0,4.0,4.0,4.0,4.0,4.0,4.0,4.0,4.0,4.0,4.0,4.0,4.0,100.0,,,,,,,,,,,,,,,,,,,,,,,,,,,,,,,,,,,,,,,
15377,1754692314.710658,119.94768214225768,1754692314.802583,16.0,0.0,-4.316343970085597,-12.834465239747658,-16.62256048676494,42.40519254170482,-8.874336218705082,4.817869207421666,32.69834701249789,-2.6512806308887207,14.73803103988172,-16.000024302506915,-1.1045291964764488,1.617061198741851,9.721062593944282,0.7904970160480502,0.0,2.0,4.0,4.0,4.0,4.0,4.0,4.0,4.0,4.0,4.0,4.0,4.0,4.0,4.0,4.0,100.0,0.3470600545406341,0.10076904296875,-0.7110595703125,0.6031494140625,0.4287174940109253,-1.0547035932540894,-0.1069352254271507,-38.87998962402344,-148.04302978515625,-2.691691398620605,,,,,,,,,,,,,,,,,,,,,,,,,,,,,
15378,1754692314.718461,119.95548510551453,1754692314.8103862,17.0,0.0,14.4311574969405,-22.33644460539483,-9.121057190249871,32.72361056172292,-19.377223546220307,-8.076581277791433,17.656951279065993,-16.977022840471932,0.1117697249227376,-13.129529220695645,3.548016236633316,-2.929867997425049,25.35257302598245,15.166092227665445,0.0,2.0,4.0,4.0,4.0,4.0,4.0,4.0,4.0,4.0,4.0,4.0,4.0,4.0,4.0,4.0,100.0,,,,,,,,,,,,,,,,,,,,,,,,,,,,,,,,,,,,,,,
15379,1754692314.726264,119.96328806877136,1754692314.818089,18.0,0.0,27.11495526042097,-31.837383690635875,0.5274018812023087,20.30828926735819,-21.73706819491838,-11.01070233630719,15.030259671641376,-17.399363356370145,-4.714024152843763,-6.341050715927963,-0.5970789477552216,-2.35746661350106,20.23596929837538,9.462661213491517,0.0,2.0,4.0,4.0,4.0,4.0,4.0,4.0,4.0,4.0,4.0,4.0,4.0,4.0,4.0,4.0,100.0,,,,,,,,,,,,,,,,,,,,,,,,,,,,,,,,,,,,,,,
15380,1754692314.734067,119.9710910320282,1754692314.825892,19.0,0.0,28.18692418986552,-26.504704241550144,0.7711361172807756,19.536560501434224,-13.83701894277624,-4.02908262543292,16.999603476352377,-12.174243757437807,5.260830830892473,0.3331886369962831,-2.1706935040926965,-3.809793297918304,3.449340368210642,0.1950734740637472,0.0,2.0,4.0,4.0,4.0,4.0,4.0,4.0,4.0,4.0,4.0,4.0,4.0,4.0,4.0,4.0,100.0,,,,,,,,,,,,,,,,,,,,,,,,,,,,,,,,,,,,,,,
15381,1754692314.74187,119.97889399528503,1754692314.833596,20.0,0.0,26.4938380731748,-20.58482964680144,-0.4244357149871689,16.9209049678322,-8.266094863546925,-2.4181300794282947,9.484283128796676,-12.266151866703524,5.633351739136913,-0.2053496252504487,0.9088107829008436,-7.904150801505978,2.793131877211352,1.6167718219227822,0.0,2.0,4.0,4.0,4.0,4.0,4.0,4.0,4.0,4.0,4.0,4.0,4.0,4.0,4.0,4.0,100.0,0.3464603722095489,0.0966796875,-0.71295166015625,0.6019287109375,0.3212939798831939,-1.004409909248352,-0.093263141810894,-37.68368148803711,-149.83749389648438,-5.23384428024292,,,,,,,,,,,,,,,,,,,,,,,,,,,,,
15382,1754692314.749673,119.98669695854188,1754692314.8413992,21.0,0.0,23.68712574282739,-15.6366829880713,1.6452009977246576,10.985676293711949,-4.093893007965619,-1.588651000664015,2.428057810856842,-16.137866690790872,-0.9019194188823008,-1.2180299389106608,2.839591267402227,-11.076844890383256,1.5691840321155155,2.1600505257255804,0.0,2.0,4.0,4.0,4.0,4.0,4.0,4.0,4.0,4.0,4.0,4.0,4.0,4.0,4.0,4.0,100.0,,,,,,,,,,,,,,,,,,,,,,,,,,,,,,,,,,,,,,,
15383,1754692314.757476,119.99450016021729,1754692314.849102,22.0,0.0,23.908388251038843,-12.95191171197547,4.100173262786313,2.43933215230328,-6.4340039533273625,-3.6641093636982873,7.46829289157705,-10.264162858661791,1.471231328765782,0.7501728032651158,1.4248323412146533,-0.346867125282813,-2.524961258844712,0.4503691222769816,0.0,2.0,4.0,4.0,4.0,4.0,4.0,4.0,4.0,4.0,4.0,4.0,4.0,4.0,4.0,4.0,100.0,,,,,,,,,,,,,,,,,,,,,,,,,,,,,,,,,,,,,,,
15384,1754692314.765279,120.00230312347412,1754692314.8569062,23.0,0.0,20.6852444117971,-9.472761714997034,-4.916286873654428,0.333865736705718,-14.10368783069822,-4.805106735761058,9.043210676097203,-1.5578575567724895,9.71241521146925,-2.884862839932396,6.135751897766511,11.938533580139335,-5.798684631634899,-1.3487143044490608,0.0,2.0,4.0,4.0,4.0,4.0,4.0,4.0,4.0,4.0,4.0,4.0,4.0,4.0,4.0,4.0,100.0,,,,,,,,,,,,,,,,,,,,,,,,,,,,,,,,,,,,,,,
15385,1754692314.773082,120.01010608673096,1754692314.864609,24.0,0.0,17.164274208260167,-4.874111012049752,-1.6560005107232882,0.0412798124377786,-7.582791702967597,-2.810514467519852,1.8916358303974905,-1.887268087887378,8.643110931906676,-2.9032049671366167,7.228360498333814,9.275622302203146,-4.929985919788351,0.0957118920980519,0.0,2.0,4.0,4.0,4.0,4.0,4.0,4.0,4.0,4.0,4.0,4.0,4.0,4.0,4.0,4.0,100.0,0.3385445773601532,0.0953369140625,-0.71630859375,0.6026611328125,0.1376974135637283,-0.8564583659172058,-0.0595712214708328,-37.68368148803711,-149.2393341064453,-2.9907681941986084,,,,,,,,,,,,,,,,,,,,,,,,,,,,,
15386,1754692314.780885,120.0179090499878,1754692314.872412,25.0,0.0,13.27745002472949,-1.3853711206449475,0.6331685965299698,-0.6347771003135563,-2.420060858640852,-1.525648983353847,-4.496541558996512,-2.5442654879804536,7.043655765255437,-3.274812661216572,7.450609535128308,9.133203519024676,-4.526407374022881,0.8332991891482493,0.0,2.0,4.0,4.0,4.0,4.0,4.0,4.0,4.0,4.0,4.0,4.0,4.0,4.0,4.0,4.0,100.0,,,,,,,,,,,,,,,,,,,,,,,,,,,,,,,,,,,,,,,
15387,1754692314.788688,120.02571201324464,1754692314.880115,26.0,0.0,8.626308334965756,0.4923167717951173,1.4636288131590618,-2.1917340624009967,0.8741236276526934,-1.4524822406775684,-10.640331203636038,-4.036786185387541,4.471968515082494,-4.512146693377986,6.36277350615444,53.2207813125741,-5.1052389005914165,0.3789647607767392,0.0,2.0,4.0,4.0,4.0,4.0,4.0,4.0,4.0,4.0,4.0,4.0,4.0,4.0,4.0,4.0,100.0,,,,,,,,,,,,,,,,,,,,,,,,,,,,,,,,,,,,,,,
15388,1754692314.796491,120.03351497650146,1754692314.8879192,27.0,0.0,2.602518968050788,0.0930589871745155,22.06102971022659,-5.315645625968557,1.6344523582351371,1.3750187662398616,-17.279323422055825,-3.03490874950154,6.587456483838594,-7.314112506959702,3.3399236947920485,85.88302539696491,-7.36564948937945,-0.6944183990222541,0.0,2.0,4.0,4.0,4.0,4.0,4.0,4.0,4.0,4.0,4.0,4.0,4.0,4.0,4.0,4.0,100.0,,,,,,,,,,,,,,,,,,,,,,,,,,,,,,,,,,,,,,,
15389,1754692314.804294,120.04131817817688,1754692314.895622,28.0,0.0,5.765533377631584,-0.0944342127449431,53.73407682553767,-14.060592095950083,-3.2162810474300727,8.038929164915828,-33.19122986572569,-17.14108827196327,-1.8486651888310348,-5.938393487266183,5.642317070975025,51.23285032323571,-8.349005677250204,23.3663081973437,0.0,2.0,4.0,4.0,4.0,4.0,4.0,4.0,4.0,4.0,4.0,4.0,4.0,4.0,4.0,4.0,100.0,0.3365226686000824,0.09765625,-0.71929931640625,0.599853515625,0.4819409549236297,-0.9394674897193908,-0.1396505683660507,-37.68368148803711,-148.49163818359375,-3.4393835067749023,,,,,,,,,,,,,,,,,,,,,,,,,,,,,
15390,1754692314.812097,120.04912114143372,1754692314.903425,29.0,0.0,10.89311883422198,3.901694063244861,47.24263518524168,-0.2317132473737615,-3.777592107514636,2.243224891338116,-49.12680988042774,-39.433063126197055,-21.302103132116088,-7.282157621406611,1.49430599313456,19.466029170386093,-7.240880805644508,35.731524213843215,0.0,2.0,4.0,4.0,4.0,4.0,4.0,4.0,4.0,4.0,4.0,4.0,4.0,4.0,4.0,4.0,100.0,,,,,,,,,,,,,,,,,,,,,,,,,,,,,,,,,,,,,,,
15391,1754692314.8199,120.05692410469057,1754692314.911128,30.0,0.0,9.818620627917198,0.1507525713125233,15.216667899886716,4.3589125519208665,2.185681973080364,-0.4226955395185996,-38.78364383534495,-28.12689592704851,-17.939612069760415,-1.5465208815360256,-4.3356255798914844,3.350000714189946,-3.7405058095575896,28.15339101243876,0.0,2.0,4.0,4.0,4.0,4.0,4.0,4.0,4.0,4.0,4.0,4.0,4.0,4.0,4.0,4.0,100.0,,,,,,,,,,,,,,,,,,,,,,,,,,,,,,,,,,,,,,,
15392,1754692314.827703,120.0647270679474,1754692314.918932,31.0,0.0,5.630229430028123,2.629620205178128,10.059390223934829,3.570125685877485,5.785664764626802,0.1840650065838076,-33.06404452565852,-21.130514661301675,-14.08572969167966,-1.2202415192468266,-2.6991464655470168,-5.575787230999538,-2.518865111874163,21.12387143159191,0.0,2.0,4.0,4.0,4.0,4.0,4.0,4.0,4.0,4.0,4.0,4.0,4.0,4.0,4.0,4.0,100.0,,,,,,,,,,,,,,,,,,,,,,,,,,,,,,,,,,,,,,,
15393,1754692314.835506,120.07253003120422,1754692314.9267352,32.0,0.0,2.509379225647251,5.083895943040886,5.998402408559912,3.3219608417272752,9.068252591384578,1.1801416637510442,-26.801856236310243,-14.199611514859328,-9.963331752326951,-0.4134330493560014,-0.7654213959311278,-12.237812969720665,-0.9531914765523766,15.16881963517352,0.0,2.0,4.0,4.0,4.0,4.0,4.0,4.0,4.0,4.0,4.0,4.0,4.0,4.0,4.0,4.0,100.0,0.3495523035526275,0.08746337890625,-0.7193603515625,0.5938720703125,0.286625474691391,-1.0551918745040894,-0.2011749446392059,-37.534141540527344,-148.9402618408203,-3.1403067111968994,,,,,,,,,,,,,,,,,,,,,,,,,,,,,
15394,1754692314.843309,120.08033299446106,1754692314.934538,33.0,0.0,-0.4507679827177639,6.622980332907616,2.151664650912778,2.709600327492524,11.168387585009611,1.647963773442541,-21.10924287801737,-8.35987693585622,-6.567987745603034,-0.0538091413030201,0.5344789810139332,-17.642264855518818,0.028857136762042,9.470284252409954,0.0,2.0,4.0,4.0,4.0,4.0,4.0,4.0,4.0,4.0,4.0,4.0,4.0,4.0,4.0,4.0,100.0,,,,,,,,,,,,,,,,,,,,,,,,,,,,,,,,,,,,,,,
15395,1754692314.851112,120.0881359577179,1754692314.942341,34.0,0.0,-12.323110517203702,7.822371672112069,-0.93419244363821,2.279324346476926,12.691081873129235,2.1285343799498264,-15.60400346851901,-3.1413734142522003,-3.4165530233842105,0.3887097109489446,1.7338062242191086,-21.377837242750218,0.9617442196798152,4.62628547444848,0.0,2.0,4.0,4.0,4.0,4.0,4.0,4.0,4.0,4.0,4.0,4.0,4.0,4.0,4.0,4.0,100.0,,,,,,,,,,,,,,,,,,,,,,,,,,,,,,,,,,,,,,,
15396,1754692314.858915,120.09593915939332,1754692314.9500442,35.0,0.0,-46.18796582822148,8.016076536685375,-3.983908224213849,1.324508146151345,13.00218592197001,1.9162706280416728,-11.11602396506902,0.7119993029372722,-1.254057198677458,0.1973221935094784,2.124202455527609,-24.309487970604607,1.1364744602637415,-0.0486093080122032,0.0,2.0,4.0,4.0,4.0,4.0,4.0,4.0,4.0,4.0,4.0,4.0,4.0,4.0,4.0,4.0,100.0,,,,,,,,,,,,,,,,,,,,,,,,,,,,,,,,,,,,,,,
15397,1754692314.866718,120.10374212265016,1754692314.957948,36.0,0.0,-62.24201823467092,14.746856985707836,-17.498564129999068,-7.009962066814296,10.17978729636252,-2.534315704372148,4.512075820768132,7.696729637648332,1.099680053733664,0.7705616532384738,0.5359431937413319,-49.15627855949788,-1.0316443651249756,3.6576614148298177,0.0,2.0,4.0,4.0,4.0,4.0,4.0,4.0,4.0,4.0,4.0,4.0,4.0,4.0,4.0,4.0,100.0,0.3559370636940002,0.0750732421875,-0.72064208984375,0.5902099609375,0.1606469899415969,-1.1054856777191162,-0.251468688249588,-36.337833404541016,-150.13656616210938,-3.5889220237731934,,,,,,,,,,,,,,,,,,,,,,,,,,,,,
15398,1754692314.874521,120.11154508590698,1754692314.9657512,37.0,0.0,-50.46897265064399,21.54815534937279,-17.138734029971147,-6.322462873265067,9.994507644512396,-2.10848245640409,5.442327250911603,9.154009967963702,2.260836162110081,0.2667980776291188,0.8436997711551157,-45.03342755246968,-0.7593214411695044,0.3766055090327427,0.0,2.0,4.0,4.0,4.0,4.0,4.0,4.0,4.0,4.0,4.0,4.0,4.0,4.0,4.0,4.0,100.0,,,,,,,,,,,,,,,,,,,,,,,,,,,,,,,,,,,,,,,
15399,1754692314.882324,120.11934804916382,1754692314.973554,38.0,0.0,-38.98027174213814,20.869083358718285,-16.10270364272003,-5.348709538404023,9.721351155545904,-1.495712761184791,6.2321472371839945,10.257014940232123,3.340545735259525,0.0360391455368471,1.264157382199187,-40.0115706290818,-0.3380334478457598,-3.69043375274498,0.0,2.0,4.0,4.0,4.0,4.0,4.0,4.0,4.0,4.0,4.0,4.0,4.0,4.0,4.0,4.0,100.0,,,,,,,,,,,,,,,,,,,,,,,,,,,,,,,,,,,,,,,
15400,1754692314.890127,120.12715101242064,1754692314.981257,39.0,0.0,-28.452144881973425,24.225549920938025,-14.90454425374827,-4.531703844180072,9.02324905944107,-1.1099340808397642,6.519980957404925,10.672120137392824,3.9575861102019294,-0.3240717616478719,1.4026559482961716,-34.770985046765134,-0.1688920102257611,-5.745621319009558,0.0,2.0,4.0,4.0,4.0,4.0,4.0,4.0,4.0,4.0,4.0,4.0,4.0,4.0,4.0,4.0,100.0,,,,,,,,,,,,,,,,,,,,,,,,,,,,,,,,,,,,,,,
15401,1754692314.89793,120.13495397567748,1754692314.988961,40.0,0.0,-22.593959964786904,33.65068065461253,-17.15589283800375,-7.414466392500458,4.452872295645989,-1.4744114979395135,2.840801178327069,6.963191262399391,0.629496804736732,7.340988794965028,-2.2400673388298173,-33.06186551195481,-3.7574163118393926,11.847729794869224,0.0,2.0,4.0,4.0,4.0,4.0,4.0,4.0,4.0,4.0,4.0,4.0,4.0,4.0,4.0,4.0,100.0,0.3598774075508117,0.06744384765625,-0.72222900390625,0.5867919921875,0.2231479436159134,-1.1757992506027222,-0.2895551919937134,-34.84244918823242,-150.43563842773438,-3.1403067111968994,,,,,,,,,,,,,,,,,,,,,,,,,,,,,
15402,1754692314.905733,120.1427571773529,1754692314.9967642,41.0,0.0,3.721940650185843,43.454666880399145,-3.159035641544051,-11.577611640536816,4.501419858778718,-0.3591798866350473,-2.003516454347846,7.8450577891312605,-8.81201281962558,23.34850045623397,-1.734673495943298,-40.58976361158739,-11.542111371701594,29.997780738201985,0.0,2.0,4.0,4.0,4.0,4.0,4.0,4.0,4.0,4.0,4.0,4.0,4.0,4.0,4.0,4.0,100.0,,,,,,,,,,,,,,,,,,,,,,,,,,,,,,,,,,,,,,,
15403,1754692314.913536,120.15056014060974,1754692315.0045671,42.0,0.0,16.84442232981678,40.48296125358252,5.515494909650215,-0.2231929621186736,-5.666065829610716,-9.90897324401135,-9.796195371053043,8.165088803801837,-13.874761051272571,26.534108352616613,-4.930578636475048,-47.71102950020554,-19.100539244852143,23.99981234088841,0.0,2.0,4.0,4.0,4.0,4.0,4.0,4.0,4.0,4.0,4.0,4.0,4.0,4.0,4.0,4.0,100.0,,,,,,,,,,,,,,,,,,,,,,,,,,,,,,,,,,,,,,,
15404,1754692314.921339,120.15836310386658,1754692315.01237,43.0,0.0,19.113092072051018,28.75155970948424,2.418061694542644,1.1433938785688724,-19.2643905860956,-6.968013878291572,-7.784941158827337,8.535491612404144,-8.973012706643772,20.313787623775056,-2.805251791899196,-49.82663832078299,-13.941295314965489,14.434272350146216,0.0,2.0,4.0,4.0,4.0,4.0,4.0,4.0,4.0,4.0,4.0,4.0,4.0,4.0,4.0,4.0,100.0,,,,,,,,,,,,,,,,,,,,,,,,,,,,,,,,,,,,,,,
15405,1754692314.929142,120.1661660671234,1754692315.019974,44.0,0.0,19.85119738508115,17.657815571349374,1.334270419645918,1.7206467116263866,-25.40669855846886,-4.849157750157019,-4.544929285290664,7.426317857409458,-5.1762503621482665,14.024163314058796,-1.4911557467169132,-36.36048274362042,-9.797789283611792,5.5802581556311,0.0,2.0,4.0,4.0,4.0,4.0,4.0,4.0,4.0,4.0,4.0,4.0,4.0,4.0,4.0,4.0,100.0,0.435636043548584,-0.49847412109375,0.5361328125,-0.52374267578125,0.1850614249706268,-1.1963073015213013,-0.3032272756099701,-36.03875732421875,-150.43563842773438,-2.8412299156188965,,,,,,,,,,,,,,,,,,,,,,,,,,,,,
15406,1754692314.936945,120.17396903038023,1754692315.0277772,45.0,0.0,19.750209805913187,7.885237402862117,0.321031572482866,2.0738225998862845,-24.465192686126443,-3.030357374206119,-1.811247585188425,6.818010260934557,-1.965655577670418,8.321253285643365,-0.4425818832991126,-23.99439904406369,-6.178040171154748,-1.963022012939632,0.0,2.0,4.0,4.0,4.0,4.0,4.0,4.0,4.0,4.0,4.0,4.0,4.0,4.0,4.0,4.0,100.0,,,,,,,,,,,,,,,,,,,,,,,,,,,,,,,,,,,,,,,
15407,1754692314.944748,120.18177199363708,1754692315.0355802,46.0,0.0,19.217893410118904,-0.2336486160656932,-0.3460536068828332,2.487278885899741,-24.38568541863652,-1.26039349405346,0.6747814334103168,6.277417134775988,0.9164309403799962,3.5383157392971043,0.6100599838232483,-12.877190698650338,-2.848455526511316,-7.932074564264894,0.0,2.0,4.0,4.0,4.0,4.0,4.0,4.0,4.0,4.0,4.0,4.0,4.0,4.0,4.0,4.0,100.0,,,,,,,,,,,,,,,,,,,,,,,,,,,,,,,,,,,,,,,
15408,1754692314.952551,120.18957495689392,1754692315.043283,47.0,0.0,18.62421305664776,-6.457078690786773,-7.656565073121044,3.213807707085209,-19.68285939065817,0.6897286293822731,3.154610711558973,6.08634762516914,3.713195152056244,-0.0589544723354151,1.909198514097,-2.8644411048341567,0.4131287058328894,-12.139410734401906,0.0,2.0,4.0,4.0,4.0,4.0,4.0,4.0,4.0,4.0,4.0,4.0,4.0,4.0,4.0,4.0,100.0,,,,,,,,,,,,,,,,,,,,,,,,,,,,,,,,,,,,,,,
15409,1754692314.960354,120.19737815856934,1754692315.050987,48.0,0.0,18.13851561120117,-10.783410172571903,-17.89388512562283,4.314438222572505,-25.12251302650867,-1.573210190259772,5.690090567184313,1.7862506644793823,4.322487712797454,-2.426655827442403,2.7868052314876763,2.241125608976006,3.65465646275851,-17.617786624764733,0.0,2.0,4.0,4.0,4.0,4.0,4.0,4.0,4.0,4.0,4.0,4.0,4.0,4.0,4.0,4.0,100.0,0.4418585896492004,-0.496337890625,0.53900146484375,-0.517578125,0.2006866633892059,-1.0410314798355105,-0.3149462044239044,-33.79568099975586,-150.28610229492188,-5.532921314239502,,,,,,,,,,,,,,,,,,,,,,,,,,,,,
15410,1754692314.968157,120.20518112182616,1754692315.05879,49.0,0.0,21.606845375155444,-11.006375966613176,-10.569829493792897,6.750442461240255,-35.814065077366195,-4.826381189060612,6.98194875272975,0.2595296359850181,3.865620453878364,-7.496531229013271,7.036382178692747,5.035200608033392,8.66482301878159,-13.407464343016272,0.0,2.0,4.0,4.0,4.0,4.0,4.0,4.0,4.0,4.0,4.0,4.0,4.0,4.0,4.0,4.0,100.0,,,,,,,,,,,,,,,,,,,,,,,,,,,,,,,,,,,,,,,
15411,1754692314.97596,120.212984085083,1754692315.0665932,50.0,0.0,26.992945956543338,-13.511404981376415,-9.042198674780082,5.781540647464283,-23.94296020805536,-3.4099209769751155,7.429700149552502,-0.4719150017239713,4.416786927224223,-10.177082688605369,5.473089617843527,10.393422546992554,8.067768208296968,-13.836875220324544,0.0,2.0,4.0,4.0,4.0,4.0,4.0,4.0,4.0,4.0,4.0,4.0,4.0,4.0,4.0,4.0,100.0,,,,,,,,,,,,,,,,,,,,,,,,,,,,,,,,,,,,,,,
15412,1754692314.983763,120.22078704833984,1754692315.074296,51.0,0.0,23.559372395443688,-16.99405090385585,-7.0740042049026215,4.410578494858555,-12.988453722438637,-1.7120311441346985,7.058494951747662,-0.6351182580576733,5.1546361338448605,-11.638055177565777,4.435499204209691,14.897950887442448,7.721683886660458,-16.115544715001988,0.0,2.0,4.0,4.0,4.0,4.0,4.0,4.0,4.0,4.0,4.0,4.0,4.0,4.0,4.0,4.0,100.0,,,,,,,,,,,0.0,1.0,147.6749267578125,1.0,132.17588806152344,0.0,134.1729278564453,0.0,135.56507873535156,0.0,90.9514617919922,0.0,128.03042602539062,0.0,148.70904541015625,0.0,142.2456512451172,0.0,132.9317626953125,0.0,182.59727478027344,0.0,139.3706817626953,0.0,129.40467834472656,1.0,139.13697814941406,0.0,146.4547882080078
15413,1754692314.991566,120.22859001159668,1754692315.082,52.0,0.0,15.153720606743208,-21.98858867428413,12.338280901294128,0.4888702614939006,-6.225615174723373,-2.9257283574298185,3.865521287006175,-3.4147394258389454,2.933462998711036,-15.138247092053518,0.774289888218334,15.467648896271784,4.503938522562692,-20.144967888074063,0.0,2.0,4.0,4.0,4.0,4.0,4.0,4.0,4.0,4.0,4.0,4.0,4.0,4.0,4.0,4.0,100.0,0.4424414932727813,-0.49822998046875,0.54022216796875,-0.51397705078125,0.1958037763833999,-0.9853665828704834,-0.3359426259994507,-32.7489128112793,-149.83749389648438,-4.187075614929199,,,,,,,,,,,,,,,,,,,,,,,,,,,,,
15414,1754692314.999369,120.23639297485352,1754692315.089803,53.0,0.0,9.141176863285637,-24.019294892988,47.88456605559577,-1.3579106126594525,0.922245218691387,-2.447508187434323,2.501301231362504,-4.209782383895799,2.397209241368273,-16.156017806326417,-0.8802361244938766,16.830612596490937,3.0746816170612874,-21.43778654770267,0.0,2.0,4.0,4.0,4.0,4.0,4.0,4.0,4.0,4.0,4.0,4.0,4.0,4.0,4.0,4.0,100.0,,,,,,,,,,,,,,,,,,,,,,,,,,,,,,,,,,,,,,,
15415,1754692315.007172,120.24419617652892,1754692315.0976062,54.0,0.0,20.31040921745347,-18.951708293085687,43.90975308491119,9.144130311784409,6.9738761282387145,-4.772103467009004,-11.09499532910064,-7.526349057217033,1.8722151009296224,-7.6128361426822835,-6.971903604479905,17.823605489741055,8.89297073043548,-13.98461822502128,0.0,2.0,4.0,4.0,4.0,4.0,4.0,4.0,4.0,4.0,4.0,4.0,4.0,4.0,4.0,4.0,100.0,,,,,,,,,,,,,,,,,,,,,,,,,,,,,,,,,,,,,,,
15416,1754692315.014975,120.25199913978577,1754692315.105309,55.0,0.0,25.39350582095005,-19.608262425660428,2.7448384346922694,11.874729937236792,4.656290736221422,-5.557504264469003,-29.41688891929232,-11.311679961866387,-0.8432903195260906,-0.7111955434260153,-1.3946112190100166,17.19320039245315,18.68689082496724,-10.76925776171936,0.0,2.0,4.0,4.0,4.0,4.0,4.0,4.0,4.0,4.0,4.0,4.0,4.0,4.0,4.0,4.0,100.0,,,,,,,,,,,,,,,,,,,,,,,,,,,,,,,,,,,,,,,
15417,1754692315.022778,120.2598021030426,1754692315.113013,56.0,0.0,17.187928468411485,-34.93131151515166,-14.820130858995014,10.019357693307995,5.266254099387936,0.7659610484693644,-35.21435873204604,-8.203468305152853,-0.1800989692396228,2.3864155364454405,4.765709755776754,17.245227164303344,20.843649454184344,-14.822692907885482,0.0,2.0,4.0,4.0,4.0,4.0,4.0,4.0,4.0,4.0,4.0,4.0,4.0,4.0,4.0,4.0,100.0,0.4380318224430084,-0.50030517578125,0.54339599609375,-0.51239013671875,0.123537041246891,-0.8911268711090088,-0.348149836063385,-33.64614486694336,-150.73472595214844,-4.33661413192749,,,,,,,,,,,,,,,,,,,,,,,,,,,,,
15418,1754692315.030581,120.26760506629944,1754692315.120816,57.0,0.0,9.981015486970875,-36.22645260441112,-23.55098526782212,7.036547026995152,8.891728623318897,2.420883246514052,-32.16684456183174,-5.708894694315575,1.1841679445704472,0.4036273563986583,3.990468671495648,17.55393145381396,16.242018792710326,-18.21852817497728,0.0,2.0,4.0,4.0,4.0,4.0,4.0,4.0,4.0,4.0,4.0,4.0,4.0,4.0,4.0,4.0,100.0,,,,,,,,,,,,,,,,,,,,,,,,,,,,,,,,,,,,,,,
15419,1754692315.038384,120.27540802955627,1754692315.128519,58.0,0.0,0.3291497282203863,-28.91793229225448,-35.66406958674759,6.435309258752682,7.36107087394123,4.944915681938369,-28.63383542670624,-1.4101865232609043,4.334808623222784,-1.346495855050648,4.669818824054914,19.316910250750084,12.846582400565351,-17.957319737877583,0.0,2.0,4.0,4.0,4.0,4.0,4.0,4.0,4.0,4.0,4.0,4.0,4.0,4.0,4.0,4.0,100.0,,,,,,,,,,,,,,,,,,,,,,,,,,,,,,,,,,,,,,,
15420,1754692315.046187,120.28321099281312,1754692315.136322,59.0,0.0,-16.909696254281585,-32.412951046966896,-14.247402248736194,6.782839572605212,3.188055585694769,5.421753207911593,-28.11580875141442,3.516183721581569,13.296540809493877,3.8628087244343305,8.385457690790304,21.39689825670996,9.211804506127578,-23.364200976302868,0.0,2.0,4.0,4.0,4.0,4.0,4.0,4.0,4.0,4.0,4.0,4.0,4.0,4.0,4.0,4.0,100.0,,,,,,,,,,,,,,,,,,,,,,,,,,,,,,,,,,,,,,,
15421,1754692315.05399,120.29101395606996,1754692315.144026,60.0,0.0,-20.45223587742544,-34.99952728032599,15.581351597048752,-0.6858340010878692,0.0522354749380156,3.871657818277299,-30.31818965173784,-0.6094980508171375,5.781415083659567,5.841424378348393,9.09548366384547,16.221642697729067,6.200835174107169,-31.525398801896017,0.0,2.0,4.0,4.0,4.0,4.0,4.0,4.0,4.0,4.0,4.0,4.0,4.0,4.0,4.0,4.0,100.0,0.4377756416797638,-0.50238037109375,0.5445556640625,-0.50933837890625,0.1762722283601761,-0.8193484544754028,-0.3676813840866089,-33.79568099975586,-150.28610229492188,-6.280613422393799,,,,,,,,,,,,,,,,,,,,,,,,,,,,,
15422,1754692315.061793,120.29881715774536,1754692315.151829,61.0,0.0,20.86478737186048,-24.75093606668776,10.018031673666371,-1.4134781504322405,5.539501749594308,7.238332302943888,-25.367707105752345,-3.453209426356409,-1.91176927910152,-2.6139401214705345,-0.0919464877902669,19.517571532940508,-3.2934905873872253,-27.727256543412807,0.0,2.0,4.0,4.0,4.0,4.0,4.0,4.0,4.0,4.0,4.0,4.0,4.0,4.0,4.0,4.0,100.0,,,,,,,,,,,,,,,,,,,,,,,,,,,,,,,,,,,,,,,
15423,1754692315.069596,120.3066201210022,1754692315.159632,62.0,0.0,9.845143908887051,-20.14582150666604,4.227601811506133,7.061071528411844,10.534616232664916,6.303026862008096,-16.528092369544197,4.15885939627276,-1.8476572221817376,-7.287685286542114,-4.208150203524951,13.07805959931045,-8.40706688595003,-18.73183394674163,0.0,2.0,4.0,4.0,4.0,4.0,4.0,4.0,4.0,4.0,4.0,4.0,4.0,4.0,4.0,4.0,100.0,,,,,,,,,,,,,,,,,,,,,,,,,,,,,,,,,,,,,,,
15424,1754692315.077399,120.31442308425903,1754692315.167335,63.0,0.0,-5.010051466256357,-20.474573316970293,17.698614291753017,12.267262953764146,6.975605884404956,0.0629165475892818,-11.313748752315462,8.941819483855795,2.388123787159145,6.2267064700690185,-5.713315901879071,1.888897321716684,-14.027197436389145,-6.818882642803658,0.0,2.0,4.0,4.0,4.0,4.0,4.0,4.0,4.0,4.0,4.0,4.0,4.0,4.0,4.0,4.0,100.0,,,,,,,,,,,,,,,,,,,,,,,,,,,,,,,,,,,,,,,
15425,1754692315.085202,120.32222604751588,1754692315.175039,64.0,0.0,-21.038299031204986,-13.018882842698474,19.917538605337143,16.95575948365473,5.744733592639534,-0.8843629346014836,-8.666990911650316,2.3294145945488367,6.477301070912802,24.84461223230079,-0.104353260172445,-11.342020687911315,-6.192435321829578,1.2966931701526505,3327.0,2.0,4.0,4.0,4.0,4.0,4.0,4.0,4.0,4.0,4.0,4.0,4.0,4.0,4.0,4.0,100.0,0.4324186742305755,-0.50457763671875,0.54742431640625,-0.5086669921875,0.1396505683660507,-0.8374150991439819,-0.3955138623714447,-34.24429702758789,-149.53842163085938,-5.981536388397217,,,,,,,,,,,,,,,,,,,,,,,,,,,,,
15426,1754692315.093005,120.3300290107727,1754692315.182842,65.0,0.0,5.408265106541592,-8.493594740102537,-4.755276156148568,20.641271836698422,10.99655593453707,-0.7646390941834511,-3.998184932171455,-2.0049476837392035,4.830520978697393,24.4482755761498,-1.119401691730502,-1.4834822148066564,-3.964979362491533,-0.9013360382876384,3519.0,2.0,4.0,4.0,4.0,4.0,4.0,4.0,4.0,4.0,4.0,4.0,4.0,4.0,4.0,4.0,100.0,,,,,,,,,,,,,,,,,,,,,,,,,,,,,,,,,,,,,,,
15427,1754692315.100808,120.33783197402954,1754692315.190645,66.0,0.0,10.121511819088424,-13.536208240799226,-22.685717918615467,10.281348792075676,12.337776158256872,-1.4152263228052675,9.728303641777018,-3.803605118586858,-3.128431241331839,11.316260534922492,-8.371367338386847,2.6004350995216896,-7.54998739183344,-6.553000485829728,3513.0,2.0,4.0,4.0,4.0,4.0,4.0,4.0,4.0,4.0,4.0,4.0,4.0,4.0,4.0,4.0,100.0,,,,,,,,,,,,,,,,,,,,,,,,,,,,,,,,,,,,,,,
15428,1754692315.108611,120.34563517570496,1754692315.198348,67.0,0.0,-13.924694306808874,-11.003673169099898,-19.1065965713234,5.013134241280454,15.176672885093351,8.066295839462668,27.17717710513614,0.4729690612715558,2.7696241390766545,14.043395909403785,-3.2759726255568467,0.8837070825510409,-8.56900925714865,-5.360748480936877,3592.0,2.0,4.0,4.0,4.0,4.0,4.0,4.0,4.0,4.0,4.0,4.0,4.0,4.0,4.0,4.0,100.0,,,,,,,,,,,,,,,,,,,,,,,,,,,,,,,,,,,,,,,
15429,1754692315.116414,120.3534381389618,1754692315.206052,68.0,0.0,-12.53284703323652,-10.1392509320699,-15.158477471936294,0.4112866107152513,3.800765769797181,5.684550299312832,27.648226810913457,2.9277144632551426,4.937608147248284,9.83397007975509,-0.3389421209776628,3.3511832178869554,-12.06445183158985,-4.950365155855252,3633.0,2.0,4.0,4.0,4.0,4.0,4.0,4.0,4.0,4.0,4.0,4.0,4.0,4.0,4.0,4.0,100.0,0.4330620467662811,-0.50439453125,0.5489501953125,-0.50665283203125,0.1313496679067611,-0.8183718919754028,-0.4013733267784118,-32.89845275878906,-150.43563842773438,-5.383382797241211,,,,,,,,,,,,,,,,,,,,,,,,,,,,,
15430,1754692315.124217,120.36124110221864,1754692315.213855,69.0,0.0,-12.800733494966494,-2.768405163050716,-11.899362617709698,-3.021934617342481,-3.0539502861792016,1.1112174803739665,28.338450206122275,3.86615877356337,4.751699050545199,4.241475527147145,0.2737075398123352,3.463469641285087,-9.88896163460629,0.1297366315376393,3507.0,2.0,4.0,4.0,4.0,4.0,4.0,4.0,4.0,4.0,4.0,4.0,4.0,4.0,4.0,4.0,100.0,,,,,,,,,,,,,,,,,,,,,,,,,,,,,,,,,,,,,,,
15431,1754692315.13202,120.36904406547546,1754692315.221558,70.0,0.0,-7.969374307305941,8.022969466481584,-3.577445186515149,-4.296375465087465,3.6863776523171614,3.297516603159522,35.43704250567663,-1.3720332689510428,-10.625841547128118,-1.5326033254602294,0.3521891698035801,1.8966709209519763,-2.75067256530582,8.120593139462756,3494.0,2.0,4.0,4.0,4.0,4.0,4.0,4.0,4.0,4.0,4.0,4.0,4.0,4.0,4.0,4.0,100.0,,,,,,,,,,,,,,,,,,,,,,,,,,,,,,,,,,,,,,,
15432,1754692315.139823,120.3768470287323,1754692315.229361,71.0,0.0,-0.5810921407489786,14.122700602603572,-12.866096671534024,-0.5931601418344599,9.279971410582904,10.42009174773034,41.55614025622185,-5.2681416884936425,-18.544210283005896,-4.215472503680076,-0.8765817408609564,-2.383763129114641,-2.7388959697284463,2.108994215384655,3509.0,2.0,4.0,4.0,4.0,4.0,4.0,4.0,4.0,4.0,4.0,4.0,4.0,4.0,4.0,4.0,100.0,,,,,,,,,,,,,,,,,,,,,,,,,,,,,,,,,,,,,,,
15433,1754692315.147626,120.38464999198914,1754692315.237065,72.0,0.0,4.95718183151763,13.894369564734518,-40.37947038144688,-1.5868694675249913,2.290829075228487,7.439212722576997,40.37378380741353,3.1060679182078843,-1.5970455044657117,-2.2077556544458616,-1.700197093022723,-4.840683027939519,-3.329189920304032,-3.262211105494714,3616.0,2.0,4.0,4.0,4.0,4.0,4.0,4.0,4.0,4.0,4.0,4.0,4.0,4.0,4.0,4.0,100.0,0.4360586106777191,-0.502197265625,0.55010986328125,-0.5050048828125,0.0502937361598014,-0.7754024863243103,-0.4204165637493133,-31.70214462280273,-150.73472595214844,-4.635690689086914,,,,,,,,,,,,,,,,,,,,,,,,,,,,,
15434,1754692315.155429,120.39245295524596,1754692315.244768,73.0,0.0,11.836180461911852,17.49261895616536,-48.00446218224107,-2.75506201314721,-1.8798370276534229,-1.1344584842384506,33.06022474792616,5.871533183533472,7.856488280635119,-5.237094064050154,-4.080370008486,-4.642365889694986,-3.5250443154803293,-0.353249615163179,3593.0,2.0,4.0,4.0,4.0,4.0,4.0,4.0,4.0,4.0,4.0,4.0,4.0,4.0,4.0,4.0,100.0,,,,,,,,,,,,,,,,,,,,,,,,,,,,,,,,,,,,,,,
15435,1754692315.163232,120.4002561569214,1754692315.252571,74.0,0.0,17.70334854984327,24.500076069694444,-39.37048716263547,-1.0738884652150205,6.273225509545284,-1.2744106669255757,27.50410111403113,2.5539754526512866,0.8958699113223361,-7.913245721373585,-5.328713913091121,-3.9543047065371297,-8.383061894819946,1.9082468782499404,3606.0,2.0,4.0,4.0,4.0,4.0,4.0,4.0,4.0,4.0,4.0,4.0,4.0,4.0,4.0,4.0,100.0,,,,,,,,,,,,,,,,,,,,,,,,,,,,,,,,,,,,,,,
15436,1754692315.171035,120.40805912017822,1754692315.2602742,75.0,0.0,12.77757668871817,22.04509578092592,-41.13656881206481,-4.913975727328591,8.958686340349857,0.5039870217057683,23.086641614185453,4.382868803133704,2.878032089763736,-6.877701559688205,-7.534636101950866,-5.1235242670994126,-10.695406617162291,0.1916272991631444,3534.0,2.0,4.0,4.0,4.0,4.0,4.0,4.0,4.0,4.0,4.0,4.0,4.0,4.0,4.0,4.0,100.0,,,,,,,,,,,,,,,,,,,,,,,,,,,,,,,,,,,,,,,
15437,1754692315.178838,120.41586208343506,1754692315.268078,76.0,0.0,8.551398238586955,10.260174212158802,2.409805594748434,-1.4803859743491898,4.818575274605394,-6.076308678699149,15.647113849561322,6.391807498190758,3.617169744671685,-9.397807073741603,-12.28684159912376,-6.928106846898515,-13.804359247443188,-2.752556612269416,3556.0,2.0,4.0,4.0,4.0,4.0,4.0,4.0,4.0,4.0,4.0,4.0,4.0,4.0,4.0,4.0,100.0,0.3416972160339355,0.06280517578125,-0.740478515625,0.5753173828125,0.0747081711888313,-0.8593881130218506,-0.4350652396678924,-32.150760650634766,-151.48240661621094,-4.635690689086914,,,,,,,,,,,,,,,,,,,,,,,,,,,,,
15438,1754692315.186641,120.4236650466919,1754692315.275881,77.0,0.0,13.7881908117771,4.7772973205002245,49.315323117427965,13.381155638889709,8.798312842949258,-12.12088336402519,6.4515002690046686,3.0952451846488884,-3.732256571026369,-10.553590543825408,-13.121542396156997,-4.265603751402864,-17.491778221443724,-4.570904750848399,3338.0,2.0,4.0,4.0,4.0,4.0,4.0,4.0,4.0,4.0,4.0,4.0,4.0,4.0,4.0,4.0,100.0,,,,,,,,,,,,,,,,,,,,,,,,,,,,,,,,,,,,,,,
15439,1754692315.194444,120.43146800994872,1754692315.283584,78.0,0.0,8.82970398505887,5.111613169882105,91.65402134859534,8.726537020831813,8.228182319102245,-11.39729926169747,2.445295061953232,0.8471427696711658,-4.34824153298058,-5.859340255026098,-10.764329787695884,-4.367565069551972,-14.680116688164333,-2.057086463050098,3606.0,2.0,4.0,4.0,4.0,4.0,4.0,4.0,4.0,4.0,4.0,4.0,4.0,4.0,4.0,4.0,100.0,,,,,,,,,,,,,,,,,,,,,,,,,,,,,,,,,,,,,,,
15440,1754692315.202247,120.43927097320557,1754692315.291387,79.0,0.0,0.6432489549426919,0.6687479170502684,67.71979605934143,-6.11368395257,4.2896211306745045,-10.654731694364044,-1.9679276880090129,4.432692578813885,5.495267153919258,4.784684265301394,-6.737383206203731,-11.855129607888784,-10.48555764093203,6.466532280069032,3534.0,2.0,4.0,4.0,4.0,4.0,4.0,4.0,4.0,4.0,4.0,4.0,4.0,4.0,4.0,4.0,100.0,,,,,,,,,,,,,,,,,,,,,,,,,,,,,,,,,,,,,,,
15441,1754692315.21005,120.44707417488098,1754692315.299091,80.0,0.0,6.434699554486144,1.1714998489524646,51.50205457443423,-7.017623138159649,8.297727117649686,-8.928102815989348,-2.4870770118208725,-0.0335243827457247,-6.758257814604747,15.30101486995369,-2.227629474320964,-8.498220495576277,-4.397437837595987,14.875438354678463,3556.0,2.0,4.0,4.0,4.0,4.0,4.0,4.0,4.0,4.0,4.0,4.0,4.0,4.0,4.0,4.0,100.0,0.3397477567195892,0.05865478515625,-0.7396240234375,0.5780029296875,0.0219729915261268,-0.8090943694114685,-0.4189517199993133,-33.04798889160156,-152.379638671875,-4.785229206085205,,,,,,,,,,,,,,,,,,,,,,,,,,,,,
15442,1754692315.217853,120.45487713813782,1754692315.306894,81.0,0.0,4.351169756734237,4.394375292724874,46.28774654885052,-2.9201168416988708,9.435326427069924,-8.91421683929633,-8.447138850646695,-10.663295780076568,-16.664431887651915,20.01943490113769,4.40394800437258,-27.698000234838617,-2.303346949259719,12.196133536058426,3338.0,2.0,4.0,4.0,4.0,4.0,4.0,4.0,4.0,4.0,4.0,4.0,4.0,4.0,4.0,4.0,100.0,,,,,,,,,,,,,,,,,,,,,,,,,,,,,,,,,,,,,,,
15443,1754692315.225656,120.46268010139464,1754692315.3145971,82.0,0.0,-12.04648631055352,1.9553009620881312,24.533090571022967,-4.28693085695204,6.261167358507919,-6.6499595489021885,-7.291817305511358,-3.061875909787432,-3.7334183906718863,20.999962555652928,7.6627169203889025,-59.74177987944404,1.852999465328594,9.40342175722526,3606.0,2.0,4.0,4.0,4.0,4.0,4.0,4.0,4.0,4.0,4.0,4.0,4.0,4.0,4.0,4.0,100.0,,,,,,,,,,,,,,,,,,,,,,,,,,,,,,,,,,,,,,,
15444,1754692315.233459,120.47048306465148,1754692315.3224,83.0,0.0,-28.14793611041671,-8.067313086239778,6.678519635859061,-7.9475930629070035,4.4835277005166745,-3.3369852887254865,-3.114007249064457,1.2248427282560217,1.1414252981365962,15.768423577900537,4.008687538152913,-76.56788781326452,3.5401023356347423,6.18505206996349,3534.0,2.0,4.0,4.0,4.0,4.0,4.0,4.0,4.0,4.0,4.0,4.0,4.0,4.0,4.0,4.0,100.0,,,,,,,,,,,,,,,,,,,,,,,,,,,,,,,,,,,,,,,
15445,1754692315.241262,120.47828602790833,1754692315.330104,84.0,0.0,-35.54132870907739,-4.084777919157716,-0.996365778709844,-6.356318515012447,8.559720582421448,-0.2959782291673605,0.4268884316529124,-3.749630740739633,-15.83638743632588,10.962682540136427,8.102024014331107,-52.66853573167424,8.512297794589301,6.954158736802981,3556.0,2.0,4.0,4.0,4.0,4.0,4.0,4.0,4.0,4.0,4.0,4.0,4.0,4.0,4.0,4.0,100.0,0.3312611877918243,0.05438232421875,-0.7401123046875,0.58270263671875,0.0424811169505119,-0.9145647287368774,-0.4404364228248596,-32.89845275878906,-152.52919006347656,-5.383382797241211,,,,,,,,,,,,,,,,,,,,,,,,,,,,,
15446,1754692315.249065,120.48608899116516,1754692315.337907,85.0,0.0,-42.0338596692124,1.8023161398971863,-10.472398085556677,-6.477349143113486,12.269309290954707,-1.3902434567536943,0.9612432451188512,-2.7613543988410925,-6.480403776470837,4.187197042465243,12.560596705471028,-29.9779811035848,13.659955628923685,10.158594347697829,3338.0,2.0,4.0,4.0,4.0,4.0,4.0,4.0,4.0,4.0,4.0,4.0,4.0,4.0,4.0,4.0,100.0,,,,,,,,,,,,,,,,,,,,,,,,,,,,,,,,,,,,,,,
15447,1754692315.256868,120.493891954422,1754692315.34561,86.0,0.0,-45.44885772175098,-0.981959502188829,-19.00007917436937,-11.034706137266085,20.269977811874696,0.097214386972837,4.54186594202497,5.95393328825844,2.942334818640348,-9.709038858668237,7.023235270010218,-9.867585345049749,8.530215634977822,7.380842382636047,3606.0,2.0,4.0,4.0,4.0,4.0,4.0,4.0,4.0,4.0,4.0,4.0,4.0,4.0,4.0,4.0,100.0,,,,,,,,,,,,,,,,,,,,,,,,,,,,,,,,,,,,,,,
15448,1754692315.264671,120.5016951560974,1754692315.353413,87.0,0.0,-46.57387939699305,4.114639983207837,-21.87163367673014,-13.254706214384385,29.95738835996241,5.271977959156686,2.215247687965132,2.230483816473736,-5.057309539709365,-19.05112757147748,0.8281168735039159,18.795327981367848,9.105784018127054,3.6515494337864425,3534.0,2.0,4.0,4.0,4.0,4.0,4.0,4.0,4.0,4.0,4.0,4.0,4.0,4.0,4.0,4.0,100.0,,,,,,,,,,,,,,,,,,,,,,,,,,,,,,,,,,,,,,,
15449,1754692315.272474,120.50949811935423,1754692315.3611171,88.0,0.0,-47.06418745470097,12.08095292582351,-20.869555750689926,-14.765770550018315,27.568076181501,5.218100111738238,-9.280283603457576,-8.455451855076774,-2.408546173592242,-16.54843930774865,6.940963368595419,34.54294387810836,18.027375576430984,10.670035775987742,3556.0,2.0,4.0,4.0,4.0,4.0,4.0,4.0,4.0,4.0,4.0,4.0,4.0,4.0,4.0,4.0,100.0,0.3226377964019775,0.05023193359375,-0.7401123046875,0.587890625,-0.0332036316394805,-0.8803845047950745,-0.3964904248714447,-31.55260467529297,-152.379638671875,-4.486152648925781,,,,,,,,,,,,,,,,,,,,,,,,,,,,,
15450,1754692315.280277,120.51730108261108,1754692315.3688202,89.0,0.0,-39.01856061229631,13.11889569847932,-32.56164351247884,-17.662176705675336,19.908653127769924,-4.249632753749154,-20.680053687010457,-11.887520623157286,8.553543464071538,-12.486852505262448,10.543561627365364,41.48206935073,14.070181797928,17.995979802384284,3338.0,2.0,4.0,4.0,4.0,4.0,4.0,4.0,4.0,4.0,4.0,4.0,4.0,4.0,4.0,4.0,100.0,,,,,,,,,,,,,,,,,,,,,,,,,,,,,,,,,,,,,,,
15451,1754692315.28808,120.52510404586792,1754692315.3766232,90.0,0.0,-28.15098046181288,12.53053692285198,-28.231906036916143,-15.433947875067815,13.91483153107697,-1.8799927705456407,-16.898201998202467,-9.057763803735044,8.74505514405314,-14.519710040040763,8.433969592386575,40.827794600683546,11.181852830097569,14.789388683997686,3606.0,2.0,4.0,4.0,4.0,4.0,4.0,4.0,4.0,4.0,4.0,4.0,4.0,4.0,4.0,4.0,100.0,,,,,,,,,,,,,,,,,,,,,,,,,,,,,,,,,,,,,,,
15452,1754692315.295883,120.53290700912476,1754692315.384426,91.0,0.0,-18.47770922036466,11.4776564556812,-23.93769633261604,-13.26349692323106,10.337010094715197,-0.0364283270530449,-13.413361197816585,-6.60769030952747,8.459415276281788,-15.89894135846066,6.262898884397373,38.8272909533905,8.261652502233801,11.512960202343264,3534.0,2.0,4.0,4.0,4.0,4.0,4.0,4.0,4.0,4.0,4.0,4.0,4.0,4.0,4.0,4.0,100.0,,,,,,,,,,,,,,,,,,,,,,,,,,,,,,,,,,,,,,,
15453,1754692315.303686,120.5407099723816,1754692315.39223,92.0,0.0,-9.887546963540617,2.747689544823345,-27.653831170125784,-10.279790324627982,7.210717472644148,1.832630099112805,-6.876536050356833,-0.1078981521015407,21.108064045656025,-19.89576957526941,4.420834788082914,31.55095124067685,0.6601092613357764,15.510458545619995,3556.0,2.0,4.0,4.0,4.0,4.0,4.0,4.0,4.0,4.0,4.0,4.0,4.0,4.0,4.0,4.0,100.0,0.3168831467628479,0.0494384765625,-0.73944091796875,0.5919189453125,0.050782024860382,-0.9145647287368774,-0.3510795831680298,-32.300296783447266,-153.12733459472656,-2.691691398620605,,,,,,,,,,,,,,,,,,,,,,,,,,,,,
15454,1754692315.311489,120.548513174057,1754692315.400033,93.0,0.0,-3.0141137932823767,-8.033096799787927,-22.91130505022693,-7.893618810338467,-4.050145703486123,-5.044885769557823,-4.05945920169961,4.834997153545828,20.320324705924577,-14.497154311374288,10.717015235171402,28.283645224955308,8.510210889647169,22.12887951298808,3338.0,2.0,4.0,4.0,4.0,4.0,4.0,4.0,4.0,4.0,4.0,4.0,4.0,4.0,4.0,4.0,100.0,,,,,,,,,,,,,,,,,,,,,,,,,,,,,,,,,,,,,,,
15455,1754692315.319292,120.55631613731384,1754692315.407836,94.0,0.0,-0.0209502179005767,-10.947643343492588,-18.357069431469085,-1.5108924851307393,-3.867959767970774,-5.767803526054308,-3.23577173987826,-1.032138752693868,6.562919809785285,-14.628249077936404,8.872596679843241,25.34432474501216,9.954681352458351,20.49597259322661,3606.0,2.0,4.0,4.0,4.0,4.0,4.0,4.0,4.0,4.0,4.0,4.0,4.0,4.0,4.0,4.0,100.0,,,,,,,,,,,,,,,,,,,,,,,,,,,,,,,,,,,,,,,
15456,1754692315.327095,120.56411910057068,1754692315.415539,95.0,0.0,0.7279482095759704,-14.20303370245756,-20.38816434235514,2.3944236726133568,-3.4521299501520843,-2.8374736713903985,-3.447425835224749,-6.408468555258878,4.261202786358808,-27.86130321592873,8.761923343477974,16.17252954582318,9.397773733764552,15.440457971315029,3534.0,2.0,4.0,4.0,4.0,4.0,4.0,4.0,4.0,4.0,4.0,4.0,4.0,4.0,4.0,4.0,100.0,,,,,,,,,,,,,,,,,,,,,,,,,,,,,,,,,,,,,,,
15457,1754692315.334898,120.57192206382751,1754692315.423243,96.0,0.0,-0.4079916893737163,-21.881464739828857,-15.193614063621569,6.083871094736537,1.0512216790690443,-1.8608259394640072,1.8821775002599,-3.274898563038164,5.76613281090988,-44.65538676361746,11.925096185829377,4.42127219697079,1.6230617100583231,-3.43401689448217,3556.0,2.0,4.0,4.0,4.0,4.0,4.0,4.0,4.0,4.0,4.0,4.0,4.0,4.0,4.0,4.0,100.0,0.3047276437282562,0.05035400390625,-0.7393798828125,0.5982666015625,-0.0009765774011611,-1.0219882726669312,-0.251956969499588,-31.851682662963867,-153.87503051757812,-3.4393835067749023,,,,,,,,,,,,,,,,,,,,,,,,,,,,,
15458,1754692315.342701,120.57972502708436,1754692315.431046,97.0,0.0,-1.4772110355353902,-29.10350270789576,-4.495013350259512,-1.9469388894492,5.607138299613155,5.871995907484973,11.014604032067666,3.386398581170681,2.749729138282248,-53.59318195789291,5.636145310789118,-0.4780429560407242,-3.346059787781257,-13.741895269071108,3338.0,2.0,4.0,4.0,4.0,4.0,4.0,4.0,4.0,4.0,4.0,4.0,4.0,4.0,4.0,4.0,100.0,,,,,,,,,,,,,,,,,,,,,,,,,,,,,,,,,,,,,,,
15459,1754692315.350504,120.5875279903412,1754692315.438849,98.0,0.0,1.2119538084693886,-31.327684660519022,1.4668026928466134,-10.122448091257866,15.486307250976097,9.16734564390572,18.29390519520439,1.440330753849139,-1.0473688808974655,-56.13888195981235,-0.8443230950006182,3.8800261183723705,4.015026693618438,-14.242042652169856,3606.0,2.0,4.0,4.0,4.0,4.0,4.0,4.0,4.0,4.0,4.0,4.0,4.0,4.0,4.0,4.0,100.0,,,,,,,,,,,,,,,,,,,,,,,,,,,,,,,,,,,,,,,
15460,1754692315.358307,120.59533095359802,1754692315.446552,99.0,0.0,7.145451663641609,-32.12527176409748,6.057243822728481,-10.693475417009438,21.41014154930855,0.7894870695297982,9.29218923971922,-6.153176052028073,-5.335368783994625,-55.17111072979122,0.2910932981756673,8.933451000952857,7.89874439895658,-18.187468252419592,3534.0,2.0,4.0,4.0,4.0,4.0,4.0,4.0,4.0,4.0,4.0,4.0,4.0,4.0,4.0,4.0,100.0,,,,,,,,,,,,,,,,,,,,,,,,,,,,,,,,,,,,,,,
15461,1754692315.36611,120.60313415527344,1754692315.454256,100.0,0.0,11.03419148797508,-21.38414078775662,7.944134688072211,-8.069339585421801,18.952493844906314,1.7737106254854211,7.533481640439334,-4.096704848688603,-5.435592671923985,-40.07456789316888,-2.5474223843138475,7.292580521788352,3.549286702635129,-17.083524252848235,3556.0,2.0,4.0,4.0,4.0,4.0,4.0,4.0,4.0,4.0,4.0,4.0,4.0,4.0,4.0,4.0,100.0,0.3004170358181,0.0513916015625,-0.73590087890625,0.6046142578125,0.0107423514127731,-0.9546043872833252,-0.1967803537845611,-30.505836486816406,-154.32363891601562,-1.3458456993103027,,,,,,,,,,,,,,,,,,,,,,,,,,,,,
15462,1754692315.373913,120.61093711853027,1754692315.462059,101.0,0.0,14.40256265559958,-11.35338672981004,9.761494581893317,-5.123863552021589,14.266290100134142,3.044552637561196,6.366115021552673,-1.7572344920253045,-4.826949484772626,-25.86366810274592,-4.28559294689137,6.22992383910298,0.3530489774940406,-15.116293341972664,3338.0,2.0,4.0,4.0,4.0,4.0,4.0,4.0,4.0,4.0,4.0,4.0,4.0,4.0,4.0,4.0,100.0,,,,,,,,,,,,,,,,,,,,,,,,,,,,,,,,,,,,,,,
15463,1754692315.381716,120.61874008178712,1754692315.469862,102.0,0.0,16.364411061521423,-3.097330177052754,10.59260609046396,-2.8788866517616043,12.804529072637706,3.63957091385646,4.8511806751425866,-0.1305431267924177,-4.525639339072313,-13.704587263041049,-5.934361999021348,4.805568807719283,-2.6639211020392395,-13.372531756636818,3606.0,2.0,4.0,4.0,4.0,4.0,4.0,4.0,4.0,4.0,4.0,4.0,4.0,4.0,4.0,4.0,100.0,,,,,,,,,,,,,,,,,,,,,,,,,,,,,,,,,,,,,,,
15464,1754692315.389519,120.62654304504396,1754692315.477565,103.0,0.0,22.484838470419675,2.3106098371168287,13.692911522693578,-2.407027665875773,11.471772911841128,2.534235464625965,1.9730755567020992,-0.267415341204412,-5.612141714874667,-4.745742209295656,-8.58249808313252,3.861659121553714,-3.2593947636227654,-11.135317548113504,3534.0,2.0,4.0,4.0,4.0,4.0,4.0,4.0,4.0,4.0,4.0,4.0,4.0,4.0,4.0,4.0,100.0,,,,,,,,,,,,,,,,,,,,,,,,,,,,,,,,,,,,,,,
15465,1754692315.397322,120.63434600830078,1754692315.485269,104.0,0.0,25.504601165830707,0.3203388218686882,5.007664014675527,5.128574574534639,3.753490664078697,1.3761913334939777,5.260256776465383,0.8020912085600571,-1.53965940475274,-14.220640798541638,-18.91643762122095,-1.2296632784585313,-13.539476010579447,-8.490453359465675,3556.0,2.0,4.0,4.0,4.0,4.0,4.0,4.0,4.0,4.0,4.0,4.0,4.0,4.0,4.0,4.0,100.0,0.3028510212898254,0.0550537109375,-0.73028564453125,0.60986328125,0.251468688249588,-0.9697413444519044,-0.1132829785346984,-31.10399055480957,-153.87503051757812,-2.24307632446289,,,,,,,,,,,,,,,,,,,,,,,,,,,,,
15466,1754692315.405125,120.64214897155762,1754692315.493072,105.0,0.0,29.00468509846144,0.6988546350318074,1.2812616705597293,12.486254828326878,-1.922869959183004,-1.6159156691704766,11.998190761275623,2.7582269093192053,3.3758755407280887,-13.549015012839275,-16.32266628408877,-3.347283222706096,-11.712949388867742,-1.2281499045792543,3338.0,2.0,4.0,4.0,4.0,4.0,4.0,4.0,4.0,4.0,4.0,4.0,4.0,4.0,4.0,4.0,100.0,,,,,,,,,,,,,,,,,,,,,,,,,,,,,,,,,,,,,,,
15467,1754692315.412928,120.64995217323305,1754692315.500875,106.0,0.0,27.958247962390374,4.996588019683145,5.181446319058409,13.807294265567975,-5.717553508695914,-0.528818172677461,11.266059567789284,2.408765812367051,-1.576613172018483,-13.716151730328534,-11.721846893540372,-1.2775979241938558,-9.149841100212711,-3.4862173735228907,3606.0,2.0,4.0,4.0,4.0,4.0,4.0,4.0,4.0,4.0,4.0,4.0,4.0,4.0,4.0,4.0,100.0,,,,,,,,,,,,,,,,,,,,,,,,,,,,,,,,,,,,,,,
15468,1754692315.420731,120.65775513648988,1754692315.508578,107.0,0.0,25.1798709613945,11.674667888078602,3.7884483256893873,13.43710139425275,-9.686978593452295,2.0357004756142487,9.27682694051282,4.627030856929196,-0.0243114999257159,-25.08402372743876,-10.969379013790784,-2.214287840832185,-7.802428664535455,-12.253164064788052,3534.0,2.0,4.0,4.0,4.0,4.0,4.0,4.0,4.0,4.0,4.0,4.0,4.0,4.0,4.0,4.0,100.0,,,,,,,,,,,,,,,,,,,,,,,,,,,,,,,,,,,,,,,
15469,1754692315.428534,120.6655580997467,1754692315.516282,108.0,0.0,21.610057176041263,16.308443499261614,-0.8536957254704589,12.23239826229161,-13.128671923224772,3.5958600945305648,6.861774653635678,5.819619622435823,0.7693971679005358,-19.5722256839303,-8.113342195766052,-1.126758039325921,-6.95285557794017,-8.415037603137932,3556.0,2.0,4.0,4.0,4.0,4.0,4.0,4.0,4.0,4.0,4.0,4.0,4.0,4.0,4.0,4.0,100.0,0.3034855127334595,0.055908203125,-0.7242431640625,0.61663818359375,0.2402380406856537,-1.0478675365447998,-0.0429694056510925,-32.44983673095703,-155.0713348388672,0.2990768253803253,,,,,,,,,,,,,,,,,,,,,,,,,,,,,
15470,1754692315.436337,120.67336106300354,1754692315.524085,109.0,0.0,17.79381683336169,19.404069642375816,-4.530836236766845,10.670627644045908,-15.735422889060828,4.158065414798784,4.464418250019207,6.421622779564132,1.204965009386342,-5.629817802250727,-5.700320677196032,-0.3880967375548607,-6.248645368416874,-6.836755098105186,3338.0,2.0,4.0,4.0,4.0,4.0,4.0,4.0,4.0,4.0,4.0,4.0,4.0,4.0,4.0,4.0,100.0,,,,,,,,,,,,,,,,,,,,,,,,,,,,,,,,,,,,,,,
15471,1754692315.44414,120.68116402626038,1754692315.531888,110.0,0.0,6.8460261085566,21.001978197358824,-2.9910446501853016,1.1951475938472529,-6.247391472199467,7.774437965668824,18.231841833886,13.817756644115946,6.876103893291713,-17.12395379598496,-10.985278726369812,-2.468000712609808,-15.83336275730784,-24.95473535188961,3606.0,2.0,4.0,4.0,4.0,4.0,4.0,4.0,4.0,4.0,4.0,4.0,4.0,4.0,4.0,4.0,100.0,,,,,,,,,,,,,,,,,,,,,,,,,,,,,,,,,,,,,,,
15472,1754692315.451943,120.6889669895172,1754692315.539591,111.0,0.0,8.172548257326355,25.587691982988247,4.791233434448088,-7.019690490159235,5.807087680943653,17.542828596670745,27.557306810312923,9.986732536957618,0.5057272968227267,-17.450948133034387,-16.720043251467985,-5.523595464871221,-18.05662372291516,-28.52041685720696,3534.0,2.0,4.0,4.0,4.0,4.0,4.0,4.0,4.0,4.0,4.0,4.0,4.0,4.0,4.0,4.0,100.0,,,,,,,,,,,,,,,,,,,,,,,,,,,,,,,,,,,,,,,
15473,1754692315.459746,120.69676995277403,1754692315.547295,112.0,0.0,4.267453344404885,23.4942221171084,4.75526500255296,-6.720251985229652,-1.0678952996311182,13.677238117901425,18.468581931467043,7.455778886242797,-0.7150309149280929,-2.808880124655616,-13.155833942525303,-5.166438908756163,-15.607579315008252,-21.248712251072675,3556.0,2.0,4.0,4.0,4.0,4.0,4.0,4.0,4.0,4.0,4.0,4.0,4.0,4.0,4.0,4.0,100.0,0.4913865923881531,-0.4720458984375,0.5181884765625,-0.51690673828125,0.1879911571741104,-1.0283360481262207,0.0131837949156761,-34.99198913574219,-154.17410278320312,1.1963073015213013,,,,,,,,,,,,,,,,,,,,,,,,,,,,,
15474,1754692315.467549,120.70457315444946,1754692315.555098,113.0,0.0,0.8435433268364818,20.942866462501627,4.49723142028148,-6.325028904552653,-6.766195083697255,9.984554159509628,10.327864247111904,5.058773673321923,-1.7730039613397253,9.248197767262866,-9.88303839055692,-4.783518238113118,-13.195357700716556,-14.668765297211792,3338.0,2.0,4.0,4.0,4.0,4.0,4.0,4.0,4.0,4.0,4.0,4.0,4.0,4.0,4.0,4.0,100.0,,,,,,,,,,,,,,,,,,,,,,,,,,,,,,,,,,,,,,,
15475,1754692315.475352,120.7123761177063,1754692315.562901,114.0,0.0,3.4618679327981567,23.736520461548423,-1.6506097540610083,5.145044607174384,-11.971482702395464,13.843907809773953,13.512373227746991,8.901674347141523,-9.926991476560543,-3.0242270787439907,-13.80445817214337,-6.699847000073135,-28.06398002177781,3.7930884223246153,3606.0,2.0,4.0,4.0,4.0,4.0,4.0,4.0,4.0,4.0,4.0,4.0,4.0,4.0,4.0,4.0,100.0,,,,,,,,,,,,,,,,,,,,,,,,,,,,,,,,,,,,,,,
15476,1754692315.483155,120.72017908096312,1754692315.570604,115.0,0.0,-0.6528007612621991,19.011499596204143,-1.5652642872590263,2.799332707405199,-15.839445861638351,8.663285585613437,4.795058068079641,5.103224490474247,-9.67989804447717,8.166322790482525,-10.36661658575423,-6.377158029235773,-22.87787801715359,5.577505856275081,3534.0,2.0,4.0,4.0,4.0,4.0,4.0,4.0,4.0,4.0,4.0,4.0,4.0,4.0,4.0,4.0,100.0,,,,,,,,,,,0.0,0.0,147.6240234375,0.0,137.51841735839844,0.0,145.79666137695312,0.0,133.983154296875,0.0,102.58393096923828,0.0,127.89623260498048,0.0,146.49159240722656,0.0,141.46607971191406,0.0,133.217041015625,0.0,200.42898559570312,0.0,136.2738800048828,0.0,132.4298553466797,0.0,136.55221557617188,0.0,146.3237762451172
15477,1754692315.490958,120.72798204421996,1754692315.578308,116.0,0.0,-2.2189966077338,16.31108799155544,0.351155907853979,2.589125532621153,-16.720144418824304,5.921705381583422,-0.7315683518889387,3.611811906250921,-7.371383733228242,18.90806105520477,-5.412815785418218,-4.110417983268519,-16.10875510332454,8.66318571568462,3556.0,2.0,4.0,4.0,4.0,4.0,4.0,4.0,4.0,4.0,4.0,4.0,4.0,4.0,4.0,4.0,100.0,0.4904153943061828,-0.47283935546875,0.5113525390625,-0.52386474609375,0.4106507897377014,-1.122087478637695,0.022949568927288,-33.34706497192383,-154.32363891601562,1.0467689037322998,,,,,,,,,,,,,,,,,,,,,,,,,,,,,
15478,1754692315.498761,120.7357850074768,1754692315.586211,117.0,0.0,-3.192515547427263,13.80836873130471,2.159230830610852,2.5886816191824096,-16.668913512127745,3.7201313900364426,-5.011165180200294,2.5120396808247847,-4.994147223325797,27.3849081882982,-0.9232186282674206,-1.8702021216340088,-9.806374368357352,11.167401629005385,3338.0,2.0,4.0,4.0,4.0,4.0,4.0,4.0,4.0,4.0,4.0,4.0,4.0,4.0,4.0,4.0,100.0,,,,,,,,,,,,,,,,,,,,,,,,,,,,,,,,,,,,,,,
15479,1754692315.506564,120.74358797073364,1754692315.5940142,118.0,0.0,-4.574808365386502,10.620494284283836,2.893273312443057,1.8334545049521007,-16.77989368080796,1.10549105575285,-9.056002015062743,0.8420902767849157,-3.5633445078823343,32.80123214989919,2.114278121806024,-0.6504343984701109,-5.015820550520289,12.186158147197716,3606.0,2.0,4.0,4.0,4.0,4.0,4.0,4.0,4.0,4.0,4.0,4.0,4.0,4.0,4.0,4.0,100.0,,,,,,,,,,,,,,,,,,,,,,,,,,,,,,,,,,,,,,,
15480,1754692315.514367,120.75139117240906,1754692315.601917,119.0,0.0,-6.145069074451328,7.07464773920816,2.824668477734633,0.5856173334046275,-16.916385725350608,-1.6614664227017215,-12.6746361026307,-1.1394873177195564,-2.8523515803839814,35.631504166990965,3.964805749477876,-0.2046672942523741,-1.5171189455595029,12.054683161029118,3534.0,2.0,4.0,4.0,4.0,4.0,4.0,4.0,4.0,4.0,4.0,4.0,4.0,4.0,4.0,4.0,100.0,,,,,,,,,,,,,,,,,,,,,,,,,,,,,,,,,,,,,,,
15481,1754692315.52217,120.7591941356659,1754692315.60972,120.0,0.0,-12.34809699729999,-2.1100969165570405,-2.0173926016780115,-9.065933571298729,-14.990724633242053,5.045912571720464,23.9311537799274,0.8290639885779001,8.09734012108288,27.68982958757101,2.316534347847437,-6.899495586880448,0.4086169721515489,2.42685722481815,3556.0,2.0,4.0,4.0,4.0,4.0,4.0,4.0,4.0,4.0,4.0,4.0,4.0,4.0,4.0,4.0,100.0,0.4863219261169433,-0.4716796875,0.50921630859375,-0.53076171875,0.4057679176330566,-1.163591980934143,0.0458991378545761,-33.64614486694336,-154.7722625732422,2.5421531200408936,,,,,,,,,,,,,,,,,,,,,,,,,,,,,
15482,1754692315.529973,120.76699709892272,1754692315.617623,121.0,0.0,-15.423575040881474,-11.378118672343476,-8.32963327333789,-8.466064939684998,-15.83633628097175,-4.0661134426085255,26.22770183944988,-1.6219493581660345,14.045352801472404,36.25471984423814,10.984084205143176,-1.9847557000201728,13.91494874589,-0.4305162372155564,3338.0,2.0,4.0,4.0,4.0,4.0,4.0,4.0,4.0,4.0,4.0,4.0,4.0,4.0,4.0,4.0,100.0,,,,,,,,,,,,,,,,,,,,,,,,,,,,,,,,,,,,,,,
15483,1754692315.537776,120.77480006217957,1754692315.625427,122.0,0.0,-15.09422059277449,-16.589175717138914,-10.168942602124844,-2.123345447133488,-19.33697398631284,-12.98977976620381,39.77002413363925,-7.826779544879628,8.679715565966035,32.53900554831807,17.449271391338698,3.562571162377936,24.35065695638241,3.417289240659102,3606.0,2.0,4.0,4.0,4.0,4.0,4.0,4.0,4.0,4.0,4.0,4.0,4.0,4.0,4.0,4.0,100.0,,,,,,,,,,,,,,,,,,,,,,,,,,,,,,,,,,,,,,,
15484,1754692315.545579,120.7826030254364,1754692315.63333,123.0,0.0,-13.155039517744116,-14.52255066358606,-7.2824892199291185,-1.935617642541672,-16.80160104293867,-12.745581815262485,39.48146597133888,-7.884274720023711,6.414740800909442,31.28188104830776,15.55356230470403,3.5240612041284862,21.4555445337856,4.355599088015026,3534.0,2.0,4.0,4.0,4.0,4.0,4.0,4.0,4.0,4.0,4.0,4.0,4.0,4.0,4.0,4.0,100.0,,,,,,,,,,,,,,,,,,,,,,,,,,,,,,,,,,,,,,,
15485,1754692315.553382,120.79040598869324,1754692315.641133,124.0,0.0,-13.076820383586778,-14.302800796323822,-6.613840289443374,-0.9610465534395872,-6.206965964629376,-4.68289996689407,40.698715229014965,-9.30929376464826,2.410290488499072,27.31209504786341,11.560394164817922,1.4444843133866243,16.43144443224503,3.0495838077027884,3556.0,2.0,4.0,4.0,4.0,4.0,4.0,4.0,4.0,4.0,4.0,4.0,4.0,4.0,4.0,4.0,100.0,0.482101559638977,-0.4713134765625,0.509033203125,-0.53509521484375,0.4292057752609253,-1.1958190202713013,-0.0068360418081283,-34.24429702758789,-152.379638671875,2.24307632446289,,,,,,,,,,,,,,,,,,,,,,,,,,,,,
15486,1754692315.561185,120.79820895195007,1754692315.648836,125.0,0.0,-8.786625086797244,-15.33514594480164,-9.065269861079628,-3.0181354227191832,3.627260322578536,-11.021927184512492,22.1252923437047,-8.85551548447063,0.4732315123602575,18.72365065274664,5.829869722544686,3.7037109195244966,8.231529958750457,7.026203516979081,3338.0,2.0,4.0,4.0,4.0,4.0,4.0,4.0,4.0,4.0,4.0,4.0,4.0,4.0,4.0,4.0,100.0,,,,,,,,,,,,,,,,,,,,,,,,,,,,,,,,,,,,,,,
15487,1754692315.568988,120.80601215362547,1754692315.656639,126.0,0.0,-2.619452070126272,-4.468319962339365,-1.8320817406095105,-6.479708452584191,-1.0075651327581454,-24.681037650324697,-0.2776661133432299,-11.83300385090638,5.246943422400591,27.453645444476702,9.16803624376621,1.608427280717251,3.34971431605868,13.460921156423638,3606.0,2.0,4.0,4.0,4.0,4.0,4.0,4.0,4.0,4.0,4.0,4.0,4.0,4.0,4.0,4.0,100.0,,,,,,,,,,,,,,,,,,,,,,,,,,,,,,,,,,,,,,,
15488,1754692315.576791,120.81381511688232,1754692315.664343,127.0,0.0,6.87209530966993,11.110115970221614,3.760542960074872,-1.4743693330369751,-11.708046476748676,-31.9389742159724,-11.168174229754186,-15.87217281928224,-3.3830632545546,28.59519865273569,12.753636963690951,-9.253290608551197,3.536143185930541,22.450991918145974,52.0,2.0,4.0,4.0,4.0,4.0,4.0,4.0,4.0,4.0,4.0,4.0,4.0,4.0,4.0,4.0,100.0,,,,,,,,,,,,,,,,,,,,,,,,,,,,,,,,,,,,,,,
15489,1754692315.584594,120.82161808013916,1754692315.672146,0.0,0.0,9.796036227596574,12.81014361892528,-2.311037912942197,-0.0049005288125272,-22.640256083241752,-36.610172012737735,-15.76957445326218,-12.83142683207018,-2.244283684505831,27.669167472476488,12.692368884871826,-11.518146241960608,6.421390087822942,22.295113851754536,3353.0,2.0,4.0,4.0,4.0,4.0,4.0,4.0,4.0,4.0,4.0,4.0,4.0,4.0,4.0,4.0,100.0,0.4742374122142792,-0.47308349609375,0.510009765625,-0.53961181640625,0.2817425727844238,-1.305195689201355,-0.0034180209040641,-32.89845275878906,-154.7722625732422,3.1403067111968994,,,,,,,,,,,,,,,,,,,,,,,,,,,,,
15490,1754692315.592397,120.829421043396,1754692315.6798491,1.0,0.0,4.879924674897154,1.416573919821019,-7.949293620446554,1.636887379459438,-25.84827048857602,-35.97903970265503,-18.631637568582903,-5.578717349006695,1.4563512023150338,26.444659837214147,11.1092530584246,-4.231719903870783,8.369993696831386,10.624074550244076,3550.0,2.0,4.0,4.0,4.0,4.0,4.0,4.0,4.0,4.0,4.0,4.0,4.0,4.0,4.0,4.0,100.0,,,,,,,,,,,,,,,,,,,,,,,,,,,,,,,,,,,,,,,
15491,1754692315.6002,120.83722400665285,1754692315.687652,2.0,0.0,2.6337880362305555,-2.7530486459997405,-2.641614271117021,11.300261868238806,-11.776480723822884,-18.63423672589869,-16.168794453449834,-6.360157022165538,-2.5736667815464784,19.83484469786873,7.9973250007822685,5.090573690147551,8.953000202265514,-1.3932000063315968,3562.0,2.0,4.0,4.0,4.0,4.0,4.0,4.0,4.0,4.0,4.0,4.0,4.0,4.0,4.0,4.0,100.0,,,,,,,,,,,,,,,,,,,,,,,,,,,,,,,,,,,,,,,
15492,1754692315.608003,120.84502696990968,1754692315.695356,3.0,0.0,3.804081094659296,-0.4200373481369297,1.9156812260132483,11.16533729602429,-5.702666981497032,-9.857695908273628,-20.22945644139304,-2.2558709801153327,-5.28741065548661,-4.403230794287765,6.939627570732455,7.029893784666683,8.096839565562505,-0.2928401133783609,3649.0,2.0,4.0,4.0,4.0,4.0,4.0,4.0,4.0,4.0,4.0,4.0,4.0,4.0,4.0,4.0,100.0,,,,,,,,,,,,,,,,,,,,,,,,,,,,,,,,,,,,,,,
15493,1754692315.615806,120.85283017158508,1754692315.703259,4.0,0.0,2.576163161108412,-0.5637721479421316,3.5323201007521448,6.987920292193735,-2.5940168855678394,-4.394886041258928,-24.9969821589026,-0.8794060265473718,-5.294099774935262,-5.738649368965639,3.775599837418099,6.331923832662028,5.04087310152488,-1.452001997962384,3666.0,2.0,4.0,4.0,4.0,4.0,4.0,4.0,4.0,4.0,4.0,4.0,4.0,4.0,4.0,4.0,100.0,0.4757215678691864,-0.474609375,0.5072021484375,-0.53961181640625,0.3769588768482208,-1.123064041137695,-0.0073243305087089,-33.496604919433594,-153.42640686035156,1.943999409675598,,,,,,,,,,,,,,,,,,,,,,,,,,,,,
15494,1754692315.623609,120.86063313484192,1754692315.7110622,5.0,0.0,2.3385987496382654,0.1837542880095384,5.602532487582892,-0.8649474527904317,-6.119257091093743,1.092233488255431,-27.269932124079617,1.1333948309626862,-4.277804903838671,-5.805502022851954,1.903650761026881,6.410737819596932,3.196635635488008,-1.5088797612636995,3552.0,2.0,4.0,4.0,4.0,4.0,4.0,4.0,4.0,4.0,4.0,4.0,4.0,4.0,4.0,4.0,100.0,,,,,,,,,,,,,,,,,,,,,,,,,,,,,,,,,,,,,,,
15495,1754692315.631412,120.86843609809875,1754692315.7188652,6.0,0.0,3.850146118764087,6.180771523088197,1.370909233489101,11.835541918766694,-13.341638951705818,-8.649486363443657,-50.337914349264565,-4.964960308583841,-0.596354248589023,-5.345045306766906,2.7002887515957354,9.498168499256051,3.4379544818041268,-0.4529387217132807,3527.0,2.0,4.0,4.0,4.0,4.0,4.0,4.0,4.0,4.0,4.0,4.0,4.0,4.0,4.0,4.0,100.0,,,,,,,,,,,,,,,,,,,,,,,,,,,,,,,,,,,,,,,
15496,1754692315.639215,120.8762390613556,1754692315.7265692,7.0,0.0,4.996575843406674,3.607348410741736,-4.403211967116647,7.698695806448825,-16.87405834767486,-21.735541284039016,-70.79007498549544,-7.015162225559095,4.953233752972039,1.7273019157549356,7.008503903617395,7.631969208840303,-4.007922435682474,0.1418367054828309,3553.0,2.0,4.0,4.0,4.0,4.0,4.0,4.0,4.0,4.0,4.0,4.0,4.0,4.0,4.0,4.0,100.0,,,,,,,,,,,,,,,,,,,,,,,,,,,,,,,,,,,,,,,
15497,1754692315.647018,120.88404202461244,1754692315.734372,8.0,0.0,7.755562283788379,3.652510467093009,-6.112947747617625,-2.3269647720537137,-12.62480611062682,-18.897100266575933,-68.01165501692611,-3.822865312368037,9.477084218411449,21.126391812566737,2.907546125712827,8.447476627001208,-4.340318667624331,2.287477623069492,3641.0,2.0,4.0,4.0,4.0,4.0,4.0,4.0,4.0,4.0,4.0,4.0,4.0,4.0,4.0,4.0,100.0,0.4753194451332092,-0.4775390625,0.50299072265625,-0.54132080078125,0.3789120316505432,-1.1899595260620115,-0.0141603723168373,-33.64614486694336,-154.02456665039062,2.5421531200408936,,,,,,,,,,,,,,,,,,,,,,,,,,,,,
15498,1754692315.654821,120.89184498786926,1754692315.742075,9.0,0.0,9.484591911419614,6.162935718011852,-2.0478622645263727,0.4658440586063648,-3.9634106723250966,-6.450463297638578,-58.38570520628849,-4.055669017859998,4.344189550286103,19.703153464092395,-11.696091950618609,8.865108695326455,-0.768289058141761,-0.1377383140510915,3661.0,2.0,4.0,4.0,4.0,4.0,4.0,4.0,4.0,4.0,4.0,4.0,4.0,4.0,4.0,4.0,100.0,,,,,,,,,,,,,,,,,,,,,,,,,,,,,,,,,,,,,,,
15499,1754692315.662624,120.8996479511261,1754692315.749978,10.0,0.0,7.8399733548439485,1.6467937773317658,2.929536469688572,1.9545838912453632,-2.9871505882402403,-0.4240722974018922,-60.25246746597946,-1.4154110558557136,0.518648594228523,2.2305070170359045,-14.54763718395776,8.94784630767748,-1.5238993383437105,-6.550524587220991,3637.0,2.0,4.0,4.0,4.0,4.0,4.0,4.0,4.0,4.0,4.0,4.0,4.0,4.0,4.0,4.0,100.0,,,,,,,,,,,,,,,,,,,,,,,,,,,,,,,,,,,,,,,
15500,1754692315.670427,120.90745115280151,1754692315.757781,11.0,0.0,8.935875166095855,2.6345229066348,7.563276576489613,4.587304257762469,0.5059006893872606,9.411964263102334,-53.974066480732574,1.0205335752640965,-4.800151888099492,-17.67941581355518,-9.400374902758188,10.397287144509562,-13.668904376276544,-2.111011214680559,3590.0,2.0,4.0,4.0,4.0,4.0,4.0,4.0,4.0,4.0,4.0,4.0,4.0,4.0,4.0,4.0,100.0,,,,,,,,,,,,,,,,,,,,,,,,,,,,,,,,,,,,,,,
15501,1754692315.67823,120.91525411605836,1754692315.765684,12.0,0.0,6.02220540418466,1.8900574395029253,8.634027057700223,3.0866027882830167,5.096810578437271,13.775501788013116,-38.85483117950935,2.7617946413133723,-8.530465914372144,-27.64196807694634,-8.400739673051248,7.727775676085457,-20.486010948338844,-1.9262652642978533,3592.0,2.0,4.0,4.0,4.0,4.0,4.0,4.0,4.0,4.0,4.0,4.0,4.0,4.0,4.0,4.0,100.0,0.4735535979270935,-0.4796142578125,0.50030517578125,-0.54351806640625,0.3642633855342865,-1.095231533050537,-0.0375982299447059,-35.739681243896484,-153.87503051757812,4.486152648925781,,,,,,,,,,,,,,,,,,,,,,,,,,,,,
15502,1754692315.686033,120.9230570793152,1754692315.773488,13.0,0.0,4.529121313698454,-4.506897084848731,4.346472392251201,2.859654562756589,9.80746142275126,18.02130708122337,-24.083131808711585,5.61300707800325,-6.001618966912645,-22.514432492477624,-6.218538186235435,6.381085818705344,-15.804022789681936,-0.6212011087126825,3395.0,2.0,4.0,4.0,4.0,4.0,4.0,4.0,4.0,4.0,4.0,4.0,4.0,4.0,4.0,4.0,100.0,,,,,,,,,,,,,,,,,,,,,,,,,,,,,,,,,,,,,,,
15503,1754692315.693836,120.93086004257202,1754692315.7813911,14.0,0.0,1.9170199286502907,-9.531923782809542,1.605841467138191,-7.731979339476936,-0.256334042136757,15.776808635881764,-30.571238011838147,9.738465566796378,5.868459622058083,-7.985066472448295,1.345190914211173,5.9980262580396015,-1.873605878395836,-0.8745926720482089,3637.0,2.0,4.0,4.0,4.0,4.0,4.0,4.0,4.0,4.0,4.0,4.0,4.0,4.0,4.0,4.0,100.0,,,,,,,,,,,,,,,,,,,,,,,,,,,,,,,,,,,,,,,
